time	dz	Bias	Amplitude
 0.000000E+0000	 0.000000E+0000	-3.300000E-0005	 5.325334E-0002
 3.072000E-0004	 0.000000E+0000	-3.300000E-0005	 5.321946E-0002
 6.144000E-0004	 2.936300E-0002	-3.300000E-0005	 5.337086E-0002
 9.216000E-0004	 5.872599E-0002	-3.300000E-0005	 5.350454E-0002
 1.228800E-0003	 8.808899E-0002	-3.300000E-0005	 5.343039E-0002
 1.536000E-0003	 1.174168E-0001	-3.300000E-0005	 5.356275E-0002
 1.843200E-0003	 1.467799E-0001	-3.300000E-0005	 5.362240E-0002
 2.150400E-0003	 1.761429E-0001	-3.300000E-0005	 5.363397E-0002
 2.457600E-0003	 2.055058E-0001	-3.300000E-0005	 5.348900E-0002
 2.764800E-0003	 2.348337E-0001	-3.300000E-0005	 5.358907E-0002
 3.072000E-0003	 2.641967E-0001	-3.300000E-0005	 5.352872E-0002
 3.379200E-0003	 2.935597E-0001	-3.300000E-0005	 5.373068E-0002
 3.686400E-0003	 3.229227E-0001	-3.300000E-0005	 5.375809E-0002
 3.993600E-0003	 3.522506E-0001	-3.300000E-0005	 5.379814E-0002
 4.300800E-0003	 3.816136E-0001	-3.300000E-0005	 5.383951E-0002
 4.608000E-0003	 4.109766E-0001	-3.300000E-0005	 5.387508E-0002
 4.915200E-0003	 4.403396E-0001	-3.300000E-0005	 5.396002E-0002
 5.222400E-0003	 4.696674E-0001	-3.300000E-0005	 5.412971E-0002
 5.529600E-0003	 4.990304E-0001	-3.300000E-0005	 5.412811E-0002
 5.836800E-0003	 5.283934E-0001	-3.300000E-0005	 5.421713E-0002
 6.144000E-0003	 5.577564E-0001	-3.300000E-0005	 5.417901E-0002
 6.451200E-0003	 5.870843E-0001	-3.300000E-0005	 5.420132E-0002
 6.758400E-0003	 6.164473E-0001	-3.300000E-0005	 5.421232E-0002
 7.065600E-0003	 6.458103E-0001	-3.300000E-0005	 5.423110E-0002
 7.372800E-0003	 6.751733E-0001	-3.300000E-0005	 5.428647E-0002
 7.680000E-0003	 7.045012E-0001	-3.300000E-0005	 5.446772E-0002
 7.987200E-0003	 7.338642E-0001	-3.300000E-0005	 5.449808E-0002
 8.294400E-0003	 7.632272E-0001	-3.300000E-0005	 5.447991E-0002
 8.601600E-0003	 7.925902E-0001	-3.300000E-0005	 5.447180E-0002
 8.908800E-0003	 8.219180E-0001	-3.300000E-0005	 5.451701E-0002
 9.216000E-0003	 8.512810E-0001	-3.300000E-0005	 5.466757E-0002
 9.523200E-0003	 8.806440E-0001	-3.300000E-0005	 5.468574E-0002
 9.830400E-0003	 9.100070E-0001	-3.300000E-0005	 5.465723E-0002
 1.013760E-0002	 9.393349E-0001	-3.300000E-0005	 5.459558E-0002
 1.044480E-0002	 9.686979E-0001	-3.300000E-0005	 5.459265E-0002
 1.075200E-0002	 9.980609E-0001	-3.300000E-0005	 5.473870E-0002
 1.105920E-0002	 1.027424E+0000	-3.300000E-0005	 5.470589E-0002
 1.136640E-0002	 1.056752E+0000	-3.300000E-0005	 5.482861E-0002
 1.167360E-0002	 1.086115E+0000	-3.300000E-0005	 5.475800E-0002
 1.198080E-0002	 1.115478E+0000	-3.300000E-0005	 5.478727E-0002
 1.228800E-0002	 1.144841E+0000	-3.300000E-0005	 5.482264E-0002
 1.259520E-0002	 1.174169E+0000	-3.300000E-0005	 5.492441E-0002
 1.290240E-0002	 1.203532E+0000	-3.300000E-0005	 5.502225E-0002
 1.320960E-0002	 1.232895E+0000	-3.300000E-0005	 5.509749E-0002
 1.351680E-0002	 1.262258E+0000	-3.300000E-0005	 5.515697E-0002
 1.382400E-0002	 1.291585E+0000	-3.300000E-0005	 5.525471E-0002
 1.413120E-0002	 1.320948E+0000	-3.300000E-0005	 5.520246E-0002
 1.443840E-0002	 1.350311E+0000	-3.300000E-0005	 5.522761E-0002
 1.474560E-0002	 1.379674E+0000	-3.300000E-0005	 5.518162E-0002
 1.505280E-0002	 1.409002E+0000	-3.300000E-0005	 5.535210E-0002
 1.536000E-0002	 1.438365E+0000	-3.300000E-0005	 5.525897E-0002
 1.566720E-0002	 1.467728E+0000	-3.300000E-0005	 5.534047E-0002
 1.597440E-0002	 1.497091E+0000	-3.300000E-0005	 5.535205E-0002
 1.628160E-0002	 1.526419E+0000	-3.300000E-0005	 5.544175E-0002
 1.658880E-0002	 1.555782E+0000	-3.300000E-0005	 5.549733E-0002
 1.689600E-0002	 1.585145E+0000	-3.300000E-0005	 5.542699E-0002
 1.720320E-0002	 1.614508E+0000	-3.300000E-0005	 5.550338E-0002
 1.751040E-0002	 1.643836E+0000	-3.300000E-0005	 5.545462E-0002
 1.781760E-0002	 1.673199E+0000	-3.300000E-0005	 5.554902E-0002
 1.812480E-0002	 1.702562E+0000	-3.300000E-0005	 5.554174E-0002
 1.843200E-0002	 1.731925E+0000	-3.300000E-0005	 5.565482E-0002
 1.873920E-0002	 1.761253E+0000	-3.300000E-0005	 5.575433E-0002
 1.904640E-0002	 1.790616E+0000	-3.300000E-0005	 5.563377E-0002
 1.935360E-0002	 1.819979E+0000	-3.300000E-0005	 5.575006E-0002
 1.966080E-0002	 1.849342E+0000	-3.300000E-0005	 5.566577E-0002
 1.996800E-0002	 1.878670E+0000	-3.300000E-0005	 5.582229E-0002
 2.027520E-0002	 1.908033E+0000	-3.300000E-0005	 5.578938E-0002
 2.058240E-0002	 1.937396E+0000	-3.300000E-0005	 5.600792E-0002
 2.088960E-0002	 1.966759E+0000	-3.300000E-0005	 5.593843E-0002
 2.119680E-0002	 1.996087E+0000	-3.300000E-0005	 5.605731E-0002
 2.150400E-0002	 2.025450E+0000	-3.300000E-0005	 5.614645E-0002
 2.181120E-0002	 2.054813E+0000	-3.300000E-0005	 5.602459E-0002
 2.211840E-0002	 2.084176E+0000	-3.300000E-0005	 5.605530E-0002
 2.242560E-0002	 2.113504E+0000	-3.300000E-0005	 5.605459E-0002
 2.273280E-0002	 2.142866E+0000	-3.300000E-0005	 5.614319E-0002
 2.304000E-0002	 2.172229E+0000	-3.300000E-0005	 5.618161E-0002
 2.334720E-0002	 2.201592E+0000	-3.300000E-0005	 5.609179E-0002
 2.365440E-0002	 2.230920E+0000	-3.300000E-0005	 5.616182E-0002
 2.396160E-0002	 2.260283E+0000	-3.300000E-0005	 5.626779E-0002
 2.426880E-0002	 2.289646E+0000	-3.300000E-0005	 5.647582E-0002
 2.457600E-0002	 2.319009E+0000	-3.300000E-0005	 5.631857E-0002
 2.488320E-0002	 2.348337E+0000	-3.300000E-0005	 5.619517E-0002
 2.519040E-0002	 2.377700E+0000	-3.300000E-0005	 5.623167E-0002
 2.549760E-0002	 2.407063E+0000	-3.300000E-0005	 5.627504E-0002
 2.580480E-0002	 2.436426E+0000	-3.300000E-0005	 5.637243E-0002
 2.611200E-0002	 2.465754E+0000	-3.300000E-0005	 5.641236E-0002
 2.641920E-0002	 2.495117E+0000	-3.300000E-0005	 5.636165E-0002
 2.672640E-0002	 2.524480E+0000	-3.300000E-0005	 5.651116E-0002
 2.703360E-0002	 2.553843E+0000	-3.300000E-0005	 5.660464E-0002
 2.734080E-0002	 2.583171E+0000	-3.300000E-0005	 5.667553E-0002
 2.764800E-0002	 2.612534E+0000	-3.300000E-0005	 5.667271E-0002
 2.795520E-0002	 2.641897E+0000	-3.300000E-0005	 5.678344E-0002
 2.826240E-0002	 2.671260E+0000	-3.300000E-0005	 5.674202E-0002
 2.856960E-0002	 2.700588E+0000	-3.300000E-0005	 5.688784E-0002
 2.887680E-0002	 2.729951E+0000	-3.300000E-0005	 5.696685E-0002
 2.918400E-0002	 2.759314E+0000	-3.300000E-0005	 5.690980E-0002
 2.949120E-0002	 2.788677E+0000	-3.300000E-0005	 5.689005E-0002
 2.979840E-0002	 2.818005E+0000	-3.300000E-0005	 5.692577E-0002
 3.010560E-0002	 2.847368E+0000	-3.300000E-0005	 5.698384E-0002
 3.041280E-0002	 2.876731E+0000	-3.300000E-0005	 5.693663E-0002
 3.072000E-0002	 2.906094E+0000	-3.300000E-0005	 5.701823E-0002
 3.102720E-0002	 2.935422E+0000	-3.300000E-0005	 5.710191E-0002
 3.133440E-0002	 2.964785E+0000	-3.300000E-0005	 5.704505E-0002
 3.164160E-0002	 2.994148E+0000	-3.300000E-0005	 5.711806E-0002
 3.194880E-0002	 3.023511E+0000	-3.300000E-0005	 5.711595E-0002
 3.225600E-0002	 3.052838E+0000	-3.300000E-0005	 5.726196E-0002
 3.256320E-0002	 3.082201E+0000	-3.300000E-0005	 5.726954E-0002
 3.287040E-0002	 3.111564E+0000	-3.300000E-0005	 5.719371E-0002
 3.317760E-0002	 3.140927E+0000	-3.300000E-0005	 5.716363E-0002
 3.348480E-0002	 3.170255E+0000	-3.300000E-0005	 5.725573E-0002
 3.379200E-0002	 3.199618E+0000	-3.300000E-0005	 5.724200E-0002
 3.409920E-0002	 3.228981E+0000	-3.300000E-0005	 5.728175E-0002
 3.440640E-0002	 3.258344E+0000	-3.300000E-0005	 5.729134E-0002
 3.471360E-0002	 3.287672E+0000	-3.300000E-0005	 5.731407E-0002
 3.502080E-0002	 3.317035E+0000	-3.300000E-0005	 5.740395E-0002
 3.532800E-0002	 3.346398E+0000	-3.300000E-0005	 5.726035E-0002
 3.563520E-0002	 3.375761E+0000	-3.300000E-0005	 5.713700E-0002
 3.594240E-0002	 3.405089E+0000	-3.300000E-0005	 5.727382E-0002
 3.624960E-0002	 3.434452E+0000	-3.300000E-0005	 5.728590E-0002
 3.655680E-0002	 3.463815E+0000	-3.300000E-0005	 5.734324E-0002
 3.686400E-0002	 3.493178E+0000	-3.300000E-0005	 5.729933E-0002
 3.717120E-0002	 3.522506E+0000	-3.300000E-0005	 5.746210E-0002
 3.747840E-0002	 3.551869E+0000	-3.300000E-0005	 5.742676E-0002
 3.778560E-0002	 3.581232E+0000	-3.300000E-0005	 5.746985E-0002
 3.809280E-0002	 3.610595E+0000	-3.300000E-0005	 5.734507E-0002
 3.840000E-0002	 3.639923E+0000	-3.300000E-0005	 5.731101E-0002
 3.870720E-0002	 3.669286E+0000	-3.300000E-0005	 5.740620E-0002
 3.901440E-0002	 3.698649E+0000	-3.300000E-0005	 5.734158E-0002
 3.932160E-0002	 3.728012E+0000	-3.300000E-0005	 5.745377E-0002
 3.962880E-0002	 3.757340E+0000	-3.300000E-0005	 5.736578E-0002
 3.993600E-0002	 3.786703E+0000	-3.300000E-0005	 5.742154E-0002
 4.024320E-0002	 3.816066E+0000	-3.300000E-0005	 5.743815E-0002
 4.055040E-0002	 3.845429E+0000	-3.300000E-0005	 5.749191E-0002
 4.085760E-0002	 3.874756E+0000	-3.300000E-0005	 5.749417E-0002
 4.116480E-0002	 3.904119E+0000	-3.300000E-0005	 5.749241E-0002
 4.147200E-0002	 3.933482E+0000	-3.300000E-0005	 5.744602E-0002
 4.177920E-0002	 3.962845E+0000	-3.300000E-0005	 5.745128E-0002
 4.208640E-0002	 3.992173E+0000	-3.300000E-0005	 5.741758E-0002
 4.239360E-0002	 4.021536E+0000	-3.300000E-0005	 5.752869E-0002
 4.270080E-0002	 4.050899E+0000	-3.300000E-0005	 5.746287E-0002
 4.300800E-0002	 4.080262E+0000	-3.300000E-0005	 5.741758E-0002
 4.331520E-0002	 4.109590E+0000	-3.300000E-0005	 5.746705E-0002
 4.362240E-0002	 4.138953E+0000	-3.300000E-0005	 5.751162E-0002
 4.392960E-0002	 4.168316E+0000	-3.300000E-0005	 5.748116E-0002
 4.423680E-0002	 4.197679E+0000	-3.300000E-0005	 5.747822E-0002
 4.454400E-0002	 4.227007E+0000	-3.300000E-0005	 5.742620E-0002
 4.485120E-0002	 4.256370E+0000	-3.300000E-0005	 5.743111E-0002
 4.515840E-0002	 4.285733E+0000	-3.300000E-0005	 5.747369E-0002
 4.546560E-0002	 4.315096E+0000	-3.300000E-0005	 5.750153E-0002
 4.577280E-0002	 4.344424E+0000	-3.300000E-0005	 5.745828E-0002
 4.608000E-0002	 4.373787E+0000	-3.300000E-0005	 5.751050E-0002
 4.638720E-0002	 4.403150E+0000	-3.300000E-0005	 5.753256E-0002
 4.669440E-0002	 4.432513E+0000	-3.300000E-0005	 5.754323E-0002
 4.700160E-0002	 4.461841E+0000	-3.300000E-0005	 5.752854E-0002
 4.730880E-0002	 4.491204E+0000	-3.300000E-0005	 5.753249E-0002
 4.761600E-0002	 4.520567E+0000	-3.300000E-0005	 5.750324E-0002
 4.792320E-0002	 4.549930E+0000	-3.300000E-0005	 5.745545E-0002
 4.823040E-0002	 4.579258E+0000	-3.300000E-0005	 5.752221E-0002
 4.853760E-0002	 4.608621E+0000	-3.300000E-0005	 5.751730E-0002
 4.884480E-0002	 4.637984E+0000	-3.300000E-0005	 5.754959E-0002
 4.915200E-0002	 4.667347E+0000	-3.300000E-0005	 5.751504E-0002
 4.945920E-0002	 4.696674E+0000	-3.300000E-0005	 5.746996E-0002
 4.976640E-0002	 4.726037E+0000	-3.300000E-0005	 5.753693E-0002
 5.007360E-0002	 4.755400E+0000	-3.300000E-0005	 5.753066E-0002
 5.038080E-0002	 4.784763E+0000	-3.300000E-0005	 5.751904E-0002
 5.068800E-0002	 4.814091E+0000	-3.300000E-0005	 5.756047E-0002
 5.099520E-0002	 4.843454E+0000	-3.300000E-0005	 5.758089E-0002
 5.130240E-0002	 4.872817E+0000	-3.300000E-0005	 5.755776E-0002
 5.160960E-0002	 4.902180E+0000	-3.300000E-0005	 5.751110E-0002
 5.191680E-0002	 4.931508E+0000	-3.300000E-0005	 5.752198E-0002
 5.222400E-0002	 4.960871E+0000	-3.300000E-0005	 5.751707E-0002
 5.253120E-0002	 4.990234E+0000	-3.300000E-0005	 5.752101E-0002
 5.283840E-0002	 5.019597E+0000	-3.300000E-0005	 5.758944E-0002
 5.314560E-0002	 5.048925E+0000	-3.300000E-0005	 5.751151E-0002
 5.345280E-0002	 5.078288E+0000	-3.300000E-0005	 5.747211E-0002
 5.376000E-0002	 5.107651E+0000	-3.300000E-0005	 5.750348E-0002
 5.406720E-0002	 5.137014E+0000	-3.300000E-0005	 5.750734E-0002
 5.437440E-0002	 5.166342E+0000	-3.300000E-0005	 5.751812E-0002
 5.468160E-0002	 5.195705E+0000	-3.300000E-0005	 5.747909E-0002
 5.498880E-0002	 5.225068E+0000	-3.300000E-0005	 5.751729E-0002
 5.529600E-0002	 5.254431E+0000	-3.300000E-0005	 5.748625E-0002
 5.560320E-0002	 5.283759E+0000	-3.300000E-0005	 5.752533E-0002
 5.591040E-0002	 5.313122E+0000	-3.300000E-0005	 5.746482E-0002
 5.621760E-0002	 5.342485E+0000	-3.300000E-0005	 5.762518E-0002
 5.652480E-0002	 5.371848E+0000	-3.300000E-0005	 5.754545E-0002
 5.683200E-0002	 5.401176E+0000	-3.300000E-0005	 5.753498E-0002
 5.713920E-0002	 5.430539E+0000	-3.300000E-0005	 5.753192E-0002
 5.744640E-0002	 5.459902E+0000	-3.300000E-0005	 5.758102E-0002
 5.775360E-0002	 5.489265E+0000	-3.300000E-0005	 5.759534E-0002
 5.806080E-0002	 5.518592E+0000	-3.300000E-0005	 5.750043E-0002
 5.836800E-0002	 5.547955E+0000	-3.300000E-0005	 5.748191E-0002
 5.867520E-0002	 5.577318E+0000	-3.300000E-0005	 5.751883E-0002
 5.898240E-0002	 5.606681E+0000	-3.300000E-0005	 5.769632E-0002
 5.928960E-0002	 5.636009E+0000	-3.300000E-0005	 5.756117E-0002
 5.959680E-0002	 5.665372E+0000	-3.300000E-0005	 5.756206E-0002
 5.990400E-0002	 5.694735E+0000	-3.300000E-0005	 5.753238E-0002
 6.021120E-0002	 5.724098E+0000	-3.300000E-0005	 5.742245E-0002
 6.051840E-0002	 5.753426E+0000	-3.300000E-0005	 5.753559E-0002
 6.082560E-0002	 5.782789E+0000	-3.300000E-0005	 5.760913E-0002
 6.113280E-0002	 5.812152E+0000	-3.300000E-0005	 5.748096E-0002
 6.144000E-0002	 5.841515E+0000	-3.300000E-0005	 5.754806E-0002
 6.174720E-0002	 5.870843E+0000	-3.300000E-0005	 5.761739E-0002
 6.205440E-0002	 5.900206E+0000	-3.300000E-0005	 5.754075E-0002
 6.236160E-0002	 5.929569E+0000	-3.300000E-0005	 5.746558E-0002
 6.266880E-0002	 5.958932E+0000	-3.300000E-0005	 5.753185E-0002
 6.297600E-0002	 5.988260E+0000	-3.300000E-0005	 5.749545E-0002
 6.328320E-0002	 6.017623E+0000	-3.300000E-0005	 5.753461E-0002
 6.359040E-0002	 6.046986E+0000	-3.300000E-0005	 5.753457E-0002
 6.389760E-0002	 6.076349E+0000	-3.300000E-0005	 5.757794E-0002
 6.420480E-0002	 6.105677E+0000	-3.300000E-0005	 5.757942E-0002
 6.451200E-0002	 6.135040E+0000	-3.300000E-0005	 5.757691E-0002
 6.481920E-0002	 6.164403E+0000	-3.300000E-0005	 5.755050E-0002
 6.512640E-0002	 6.193766E+0000	-3.300000E-0005	 5.758071E-0002
 6.543360E-0002	 6.223094E+0000	-3.300000E-0005	 5.766833E-0002
 6.574080E-0002	 6.252457E+0000	-3.300000E-0005	 5.766929E-0002
 6.604800E-0002	 6.281820E+0000	-3.300000E-0005	 5.757931E-0002
 6.635520E-0002	 6.311183E+0000	-3.300000E-0005	 5.761954E-0002
 6.666240E-0002	 6.340511E+0000	-3.300000E-0005	 5.754557E-0002
 6.696960E-0002	 6.369874E+0000	-3.300000E-0005	 5.753692E-0002
 6.727680E-0002	 6.399236E+0000	-3.300000E-0005	 5.754500E-0002
 6.758400E-0002	 6.428599E+0000	-3.300000E-0005	 5.757956E-0002
 6.789120E-0002	 6.457927E+0000	-3.300000E-0005	 5.760985E-0002
 6.819840E-0002	 6.487290E+0000	-3.300000E-0005	 5.763283E-0002
 6.850560E-0002	 6.516653E+0000	-3.300000E-0005	 5.758635E-0002
 6.881280E-0002	 6.546016E+0000	-3.300000E-0005	 5.760340E-0002
 6.912000E-0002	 6.575344E+0000	-3.300000E-0005	 5.760866E-0002
 6.942720E-0002	 6.604707E+0000	-3.300000E-0005	 5.752764E-0002
 6.973440E-0002	 6.634070E+0000	-3.300000E-0005	 5.756769E-0002
 7.004160E-0002	 6.663433E+0000	-3.300000E-0005	 5.750130E-0002
 7.034880E-0002	 6.692761E+0000	-3.300000E-0005	 5.760198E-0002
 7.065600E-0002	 6.722124E+0000	-3.300000E-0005	 5.752642E-0002
 7.096320E-0002	 6.751487E+0000	-3.300000E-0005	 5.757925E-0002
 7.127040E-0002	 6.780850E+0000	-3.300000E-0005	 5.754623E-0002
 7.157760E-0002	 6.810178E+0000	-3.300000E-0005	 5.762384E-0002
 7.188480E-0002	 6.839541E+0000	-3.300000E-0005	 5.755275E-0002
 7.219200E-0002	 6.868904E+0000	-3.300000E-0005	 5.753179E-0002
 7.249920E-0002	 6.898267E+0000	-3.300000E-0005	 5.758834E-0002
 7.280640E-0002	 6.927595E+0000	-3.300000E-0005	 5.762967E-0002
 7.311360E-0002	 6.956958E+0000	-3.300000E-0005	 5.758879E-0002
 7.342080E-0002	 6.986321E+0000	-3.300000E-0005	 5.757800E-0002
 7.372800E-0002	 7.015684E+0000	-3.300000E-0005	 5.761337E-0002
 7.403520E-0002	 7.045012E+0000	-3.300000E-0005	 5.757522E-0002
 7.434240E-0002	 7.074375E+0000	-3.300000E-0005	 5.749475E-0002
 7.464960E-0002	 7.103738E+0000	-3.300000E-0005	 5.753541E-0002
 7.495680E-0002	 7.133101E+0000	-3.300000E-0005	 5.762808E-0002
 7.526400E-0002	 7.162429E+0000	-3.300000E-0005	 5.758700E-0002
 7.557120E-0002	 7.191792E+0000	-3.300000E-0005	 5.759536E-0002
 7.587840E-0002	 7.221155E+0000	-3.300000E-0005	 5.753735E-0002
 7.618560E-0002	 7.250518E+0000	-3.300000E-0005	 5.759233E-0002
 7.649280E-0002	 7.279845E+0000	-3.300000E-0005	 5.763096E-0002
 7.680000E-0002	 7.309208E+0000	-3.300000E-0005	 5.757564E-0002
 7.710720E-0002	 7.338571E+0000	-3.300000E-0005	 5.755215E-0002
 7.741440E-0002	 7.367934E+0000	-3.300000E-0005	 5.765422E-0002
 7.772160E-0002	 7.397262E+0000	-3.300000E-0005	 5.751555E-0002
 7.802880E-0002	 7.426625E+0000	-3.300000E-0005	 5.754130E-0002
 7.833600E-0002	 7.455988E+0000	-3.300000E-0005	 5.762327E-0002
 7.864320E-0002	 7.485351E+0000	-3.300000E-0005	 5.761846E-0002
 7.895040E-0002	 7.514679E+0000	-3.300000E-0005	 5.763065E-0002
 7.925760E-0002	 7.544042E+0000	-3.300000E-0005	 5.755148E-0002
 7.956480E-0002	 7.573405E+0000	-3.300000E-0005	 5.765230E-0002
 7.987200E-0002	 7.602768E+0000	-3.300000E-0005	 5.756729E-0002
 8.017920E-0002	 7.632096E+0000	-3.300000E-0005	 5.755838E-0002
 8.048640E-0002	 7.661459E+0000	-3.300000E-0005	 5.758599E-0002
 8.079360E-0002	 7.690822E+0000	-3.300000E-0005	 5.756267E-0002
 8.110080E-0002	 7.720185E+0000	-3.300000E-0005	 5.758000E-0002
 8.140800E-0002	 7.749513E+0000	-3.300000E-0005	 5.754222E-0002
 8.171520E-0002	 7.778876E+0000	-3.300000E-0005	 5.752658E-0002
 8.202240E-0002	 7.808239E+0000	-3.300000E-0005	 5.759411E-0002
 8.232960E-0002	 7.837602E+0000	-3.300000E-0005	 5.762859E-0002
 8.263680E-0002	 7.866930E+0000	-3.300000E-0005	 5.766370E-0002
 8.294400E-0002	 7.896293E+0000	-3.300000E-0005	 5.749300E-0002
 8.325120E-0002	 7.925656E+0000	-3.300000E-0005	 5.760208E-0002
 8.355840E-0002	 7.955019E+0000	-3.300000E-0005	 5.759838E-0002
 8.386560E-0002	 7.984347E+0000	-3.300000E-0005	 5.767091E-0002
 8.417280E-0002	 8.013710E+0000	-3.300000E-0005	 5.765098E-0002
 8.448000E-0002	 8.043073E+0000	-3.300000E-0005	 5.759900E-0002
 8.478720E-0002	 8.072436E+0000	-3.300000E-0005	 5.764194E-0002
 8.509440E-0002	 8.101763E+0000	-3.300000E-0005	 5.769063E-0002
 8.540160E-0002	 8.131126E+0000	-3.300000E-0005	 5.767283E-0002
 8.570880E-0002	 8.160489E+0000	-3.300000E-0005	 5.772819E-0002
 8.601600E-0002	 8.189852E+0000	-3.300000E-0005	 5.765718E-0002
 8.632320E-0002	 8.219180E+0000	-3.300000E-0005	 5.766824E-0002
 8.663040E-0002	 8.248543E+0000	-3.300000E-0005	 5.760162E-0002
 8.693760E-0002	 8.277906E+0000	-3.300000E-0005	 5.758253E-0002
 8.724480E-0002	 8.307269E+0000	-3.300000E-0005	 5.771203E-0002
 8.755200E-0002	 8.336597E+0000	-3.300000E-0005	 5.754319E-0002
 8.785920E-0002	 8.365960E+0000	-3.300000E-0005	 5.768947E-0002
 8.816640E-0002	 8.395323E+0000	-3.300000E-0005	 5.756469E-0002
 8.847360E-0002	 8.424686E+0000	-3.300000E-0005	 5.764377E-0002
 8.878080E-0002	 8.454014E+0000	-3.300000E-0005	 5.774208E-0002
 8.908800E-0002	 8.483377E+0000	-3.300000E-0005	 5.767144E-0002
 8.939520E-0002	 8.512740E+0000	-3.300000E-0005	 5.772269E-0002
 8.970240E-0002	 8.542103E+0000	-3.300000E-0005	 5.771020E-0002
 9.000960E-0002	 8.571431E+0000	-3.300000E-0005	 5.778090E-0002
 9.031680E-0002	 8.600794E+0000	-3.300000E-0005	 5.764085E-0002
 9.062400E-0002	 8.630157E+0000	-3.300000E-0005	 5.763611E-0002
 9.093120E-0002	 8.659520E+0000	-3.300000E-0005	 5.764656E-0002
 9.123840E-0002	 8.688848E+0000	-3.300000E-0005	 5.764315E-0002
 9.154560E-0002	 8.718211E+0000	-3.300000E-0005	 5.782286E-0002
 9.185280E-0002	 8.747574E+0000	-3.300000E-0005	 5.774487E-0002
 9.216000E-0002	 8.776937E+0000	-3.300000E-0005	 5.778620E-0002
 9.246720E-0002	 8.806265E+0000	-3.300000E-0005	 5.774005E-0002
 9.277440E-0002	 8.835628E+0000	-3.300000E-0005	 5.774745E-0002
 9.308160E-0002	 8.864991E+0000	-3.300000E-0005	 5.770534E-0002
 9.338880E-0002	 8.894354E+0000	-3.300000E-0005	 5.762069E-0002
 9.369600E-0002	 8.923681E+0000	-3.300000E-0005	 5.763352E-0002
 9.400320E-0002	 8.953044E+0000	-3.300000E-0005	 5.764675E-0002
 9.431040E-0002	 8.982407E+0000	-3.300000E-0005	 5.768905E-0002
 9.461760E-0002	 9.011770E+0000	-3.300000E-0005	 5.767120E-0002
 9.492480E-0002	 9.041098E+0000	-3.300000E-0005	 5.781868E-0002
 9.523200E-0002	 9.070461E+0000	-3.300000E-0005	 5.774813E-0002
 9.553920E-0002	 9.099824E+0000	-3.300000E-0005	 5.781242E-0002
 9.584640E-0002	 9.129187E+0000	-3.300000E-0005	 5.770184E-0002
 9.615360E-0002	 9.158515E+0000	-3.300000E-0005	 5.775651E-0002
 9.646080E-0002	 9.187878E+0000	-3.300000E-0005	 5.766857E-0002
 9.676800E-0002	 9.217241E+0000	-3.300000E-0005	 5.753884E-0002
 9.707520E-0002	 9.246604E+0000	-3.300000E-0005	 5.756868E-0002
 9.738240E-0002	 9.275932E+0000	-3.300000E-0005	 5.758047E-0002
 9.768960E-0002	 9.305295E+0000	-3.300000E-0005	 5.765410E-0002
 9.799680E-0002	 9.334658E+0000	-3.300000E-0005	 5.770423E-0002
 9.830400E-0002	 9.364021E+0000	-3.300000E-0005	 5.773331E-0002
 9.861120E-0002	 9.393349E+0000	-3.300000E-0005	 5.763503E-0002
 9.891840E-0002	 9.422712E+0000	-3.300000E-0005	 5.759022E-0002
 9.922560E-0002	 9.452075E+0000	-3.300000E-0005	 5.759978E-0002
 9.953280E-0002	 9.481438E+0000	-3.300000E-0005	 5.753947E-0002
 9.984000E-0002	 9.510766E+0000	-3.300000E-0005	 5.766992E-0002
 1.001472E-0001	 9.540129E+0000	-3.300000E-0005	 5.753336E-0002
 1.004544E-0001	 9.569492E+0000	-3.300000E-0005	 5.763558E-0002
 1.007616E-0001	 9.598855E+0000	-3.300000E-0005	 5.760343E-0002
 1.010688E-0001	 9.628183E+0000	-3.300000E-0005	 5.767049E-0002
 1.013760E-0001	 9.657546E+0000	-3.300000E-0005	 5.766882E-0002
 1.016832E-0001	 9.686909E+0000	-3.300000E-0005	 5.761195E-0002
 1.019904E-0001	 9.716272E+0000	-3.300000E-0005	 5.764864E-0002
 1.022976E-0001	 9.745599E+0000	-3.300000E-0005	 5.757704E-0002
 1.026048E-0001	 9.774962E+0000	-3.300000E-0005	 5.767594E-0002
 1.029120E-0001	 9.804325E+0000	-3.300000E-0005	 5.762821E-0002
 1.032192E-0001	 9.833688E+0000	-3.300000E-0005	 5.771318E-0002
 1.035264E-0001	 9.863016E+0000	-3.300000E-0005	 5.769312E-0002
 1.038336E-0001	 9.892379E+0000	-3.300000E-0005	 5.773623E-0002
 1.041408E-0001	 9.921742E+0000	-3.300000E-0005	 5.773423E-0002
 1.044480E-0001	 9.951105E+0000	-3.300000E-0005	 5.769644E-0002
 1.047552E-0001	 9.980433E+0000	-3.300000E-0005	 5.765177E-0002
 1.050624E-0001	 1.000979E+0001	-3.300000E-0005	 5.767525E-0002
 1.053696E-0001	 1.003915E+0001	-3.300000E-0005	 5.764117E-0002
 1.056768E-0001	 1.006852E+0001	-3.300000E-0005	 5.765386E-0002
 1.059840E-0001	 1.009785E+0001	-3.300000E-0005	 5.763227E-0002
 1.062912E-0001	 1.012721E+0001	-3.300000E-0005	 5.762599E-0002
 1.065984E-0001	 1.015657E+0001	-3.300000E-0005	 5.767199E-0002
 1.069056E-0001	 1.018593E+0001	-3.300000E-0005	 5.755237E-0002
 1.072128E-0001	 1.021526E+0001	-3.300000E-0005	 5.762595E-0002
 1.075200E-0001	 1.024463E+0001	-3.300000E-0005	 5.755159E-0002
 1.078272E-0001	 1.027399E+0001	-3.300000E-0005	 5.766598E-0002
 1.081344E-0001	 1.030335E+0001	-3.300000E-0005	 5.771261E-0002
 1.084416E-0001	 1.033268E+0001	-3.300000E-0005	 5.767967E-0002
 1.087488E-0001	 1.036204E+0001	-3.300000E-0005	 5.767601E-0002
 1.090560E-0001	 1.039141E+0001	-3.300000E-0005	 5.764828E-0002
 1.093632E-0001	 1.042077E+0001	-3.300000E-0005	 5.766899E-0002
 1.096704E-0001	 1.045010E+0001	-3.300000E-0005	 5.771341E-0002
 1.099776E-0001	 1.047946E+0001	-3.300000E-0005	 5.777761E-0002
 1.102848E-0001	 1.050882E+0001	-3.300000E-0005	 5.770178E-0002
 1.105920E-0001	 1.053819E+0001	-3.300000E-0005	 5.771978E-0002
 1.108992E-0001	 1.056751E+0001	-3.300000E-0005	 5.781539E-0002
 1.112064E-0001	 1.059688E+0001	-3.300000E-0005	 5.770358E-0002
 1.115136E-0001	 1.062624E+0001	-3.300000E-0005	 5.777964E-0002
 1.118208E-0001	 1.065560E+0001	-3.300000E-0005	 5.772791E-0002
 1.121280E-0001	 1.068493E+0001	-3.300000E-0005	 5.778810E-0002
 1.124352E-0001	 1.071429E+0001	-3.300000E-0005	 5.768721E-0002
 1.127424E-0001	 1.074366E+0001	-3.300000E-0005	 5.765872E-0002
 1.130496E-0001	 1.077302E+0001	-3.300000E-0005	 5.771070E-0002
 1.133568E-0001	 1.080235E+0001	-3.300000E-0005	 5.769587E-0002
 1.136640E-0001	 1.083171E+0001	-3.300000E-0005	 5.754415E-0002
 1.139712E-0001	 1.086107E+0001	-3.300000E-0005	 5.763628E-0002
 1.142784E-0001	 1.089044E+0001	-3.300000E-0005	 5.775287E-0002
 1.145856E-0001	 1.091976E+0001	-3.300000E-0005	 5.767289E-0002
 1.148928E-0001	 1.094913E+0001	-3.300000E-0005	 5.769051E-0002
 1.152000E-0001	 1.097849E+0001	-3.300000E-0005	 5.765781E-0002
 1.155072E-0001	 1.100785E+0001	-3.300000E-0005	 5.773562E-0002
 1.158144E-0001	 1.103718E+0001	-3.300000E-0005	 5.760777E-0002
 1.161216E-0001	 1.106654E+0001	-3.300000E-0005	 5.755412E-0002
 1.164288E-0001	 1.109591E+0001	-3.300000E-0005	 5.763634E-0002
 1.167360E-0001	 1.112527E+0001	-3.300000E-0005	 5.769443E-0002
 1.170432E-0001	 1.115460E+0001	-3.300000E-0005	 5.769791E-0002
 1.173504E-0001	 1.118396E+0001	-3.300000E-0005	 5.778540E-0002
 1.176576E-0001	 1.121332E+0001	-3.300000E-0005	 5.775000E-0002
 1.179648E-0001	 1.124269E+0001	-3.300000E-0005	 5.771771E-0002
 1.182720E-0001	 1.127201E+0001	-3.300000E-0005	 5.767991E-0002
 1.185792E-0001	 1.130138E+0001	-3.300000E-0005	 5.761777E-0002
 1.188864E-0001	 1.133074E+0001	-3.300000E-0005	 5.784233E-0002
 1.191936E-0001	 1.136010E+0001	-3.300000E-0005	 5.771254E-0002
 1.195008E-0001	 1.138943E+0001	-3.300000E-0005	 5.773642E-0002
 1.198080E-0001	 1.141879E+0001	-3.300000E-0005	 5.770159E-0002
 1.201152E-0001	 1.144816E+0001	-3.300000E-0005	 5.781028E-0002
 1.204224E-0001	 1.147752E+0001	-3.300000E-0005	 5.774490E-0002
 1.207296E-0001	 1.150685E+0001	-3.300000E-0005	 5.780399E-0002
 1.210368E-0001	 1.153621E+0001	-3.300000E-0005	 5.776944E-0002
 1.213440E-0001	 1.156557E+0001	-3.300000E-0005	 5.781167E-0002
 1.216512E-0001	 1.159494E+0001	-3.300000E-0005	 5.776668E-0002
 1.219584E-0001	 1.162426E+0001	-3.300000E-0005	 5.763911E-0002
 1.222656E-0001	 1.165363E+0001	-3.300000E-0005	 5.760355E-0002
 1.225728E-0001	 1.168299E+0001	-3.300000E-0005	 5.764169E-0002
 1.228800E-0001	 1.171235E+0001	-3.300000E-0005	 5.757735E-0002
 1.231872E-0001	 1.174168E+0001	-3.300000E-0005	 5.771345E-0002
 1.234944E-0001	 1.177104E+0001	-3.300000E-0005	 5.774539E-0002
 1.238016E-0001	 1.180041E+0001	-3.300000E-0005	 5.775279E-0002
 1.241088E-0001	 1.182977E+0001	-3.300000E-0005	 5.766602E-0002
 1.244160E-0001	 1.185910E+0001	-3.300000E-0005	 5.769175E-0002
 1.247232E-0001	 1.188846E+0001	-3.300000E-0005	 5.769779E-0002
 1.250304E-0001	 1.191782E+0001	-3.300000E-0005	 5.775223E-0002
 1.253376E-0001	 1.194719E+0001	-3.300000E-0005	 5.770257E-0002
 1.256448E-0001	 1.197652E+0001	-3.300000E-0005	 5.773787E-0002
 1.259520E-0001	 1.200588E+0001	-3.300000E-0005	 5.770677E-0002
 1.262592E-0001	 1.203524E+0001	-3.300000E-0005	 5.777979E-0002
 1.265664E-0001	 1.206460E+0001	-3.300000E-0005	 5.773343E-0002
 1.268736E-0001	 1.209393E+0001	-3.300000E-0005	 5.773565E-0002
 1.271808E-0001	 1.212330E+0001	-3.300000E-0005	 5.757058E-0002
 1.274880E-0001	 1.215266E+0001	-3.300000E-0005	 5.770558E-0002
 1.277952E-0001	 1.218202E+0001	-3.300000E-0005	 5.762297E-0002
 1.281024E-0001	 1.221135E+0001	-3.300000E-0005	 5.764279E-0002
 1.284096E-0001	 1.224071E+0001	-3.300000E-0005	 5.763737E-0002
 1.287168E-0001	 1.227008E+0001	-3.300000E-0005	 5.767607E-0002
 1.290240E-0001	 1.229944E+0001	-3.300000E-0005	 5.767912E-0002
 1.293312E-0001	 1.232877E+0001	-3.300000E-0005	 5.762396E-0002
 1.296384E-0001	 1.235813E+0001	-3.300000E-0005	 5.771923E-0002
 1.299456E-0001	 1.238749E+0001	-3.300000E-0005	 5.770585E-0002
 1.302528E-0001	 1.241685E+0001	-3.300000E-0005	 5.766987E-0002
 1.305600E-0001	 1.244618E+0001	-3.300000E-0005	 5.772094E-0002
 1.308672E-0001	 1.247555E+0001	-3.300000E-0005	 5.771935E-0002
 1.311744E-0001	 1.250491E+0001	-3.300000E-0005	 5.773684E-0002
 1.314816E-0001	 1.253427E+0001	-3.300000E-0005	 5.778986E-0002
 1.317888E-0001	 1.256360E+0001	-3.300000E-0005	 5.765775E-0002
 1.320960E-0001	 1.259296E+0001	-3.300000E-0005	 5.759803E-0002
 1.324032E-0001	 1.262233E+0001	-3.300000E-0005	 5.766010E-0002
 1.327104E-0001	 1.265169E+0001	-3.300000E-0005	 5.760643E-0002
 1.330176E-0001	 1.268102E+0001	-3.300000E-0005	 5.769644E-0002
 1.333248E-0001	 1.271038E+0001	-3.300000E-0005	 5.773489E-0002
 1.336320E-0001	 1.273974E+0001	-3.300000E-0005	 5.772880E-0002
 1.339392E-0001	 1.276911E+0001	-3.300000E-0005	 5.773207E-0002
 1.342464E-0001	 1.279843E+0001	-3.300000E-0005	 5.768739E-0002
 1.345536E-0001	 1.282780E+0001	-3.300000E-0005	 5.773135E-0002
 1.348608E-0001	 1.285716E+0001	-3.300000E-0005	 5.757562E-0002
 1.351680E-0001	 1.288652E+0001	-3.300000E-0005	 5.768002E-0002
 1.354752E-0001	 1.291585E+0001	-3.300000E-0005	 5.767498E-0002
 1.357824E-0001	 1.294521E+0001	-3.300000E-0005	 5.771490E-0002
 1.360896E-0001	 1.297458E+0001	-3.300000E-0005	 5.765986E-0002
 1.363968E-0001	 1.300394E+0001	-3.300000E-0005	 5.773771E-0002
 1.367040E-0001	 1.303327E+0001	-3.300000E-0005	 5.774868E-0002
 1.370112E-0001	 1.306263E+0001	-3.300000E-0005	 5.771728E-0002
 1.373184E-0001	 1.309199E+0001	-3.300000E-0005	 5.764317E-0002
 1.376256E-0001	 1.312136E+0001	-3.300000E-0005	 5.762473E-0002
 1.379328E-0001	 1.315068E+0001	-3.300000E-0005	 5.761405E-0002
 1.382400E-0001	 1.318005E+0001	-3.300000E-0005	 5.760956E-0002
 1.385472E-0001	 1.320941E+0001	-3.300000E-0005	 5.771199E-0002
 1.388544E-0001	 1.323877E+0001	-3.300000E-0005	 5.768670E-0002
 1.391616E-0001	 1.326810E+0001	-3.300000E-0005	 5.769431E-0002
 1.394688E-0001	 1.329746E+0001	-3.300000E-0005	 5.756845E-0002
 1.397760E-0001	 1.332683E+0001	-3.300000E-0005	 5.769539E-0002
 1.400832E-0001	 1.335619E+0001	-3.300000E-0005	 5.769514E-0002
 1.403904E-0001	 1.338552E+0001	-3.300000E-0005	 5.770889E-0002
 1.406976E-0001	 1.341488E+0001	-3.300000E-0005	 5.773224E-0002
 1.410048E-0001	 1.344424E+0001	-3.300000E-0005	 5.771640E-0002
 1.413120E-0001	 1.347361E+0001	-3.300000E-0005	 5.770082E-0002
 1.416192E-0001	 1.350293E+0001	-3.300000E-0005	 5.759572E-0002
 1.419264E-0001	 1.353230E+0001	-3.300000E-0005	 5.771848E-0002
 1.422336E-0001	 1.356166E+0001	-3.300000E-0005	 5.759895E-0002
 1.425408E-0001	 1.359102E+0001	-3.300000E-0005	 5.774315E-0002
 1.428480E-0001	 1.362035E+0001	-3.300000E-0005	 5.778424E-0002
 1.431552E-0001	 1.364971E+0001	-3.300000E-0005	 5.775674E-0002
 1.434624E-0001	 1.367908E+0001	-3.300000E-0005	 5.770998E-0002
 1.437696E-0001	 1.370844E+0001	-3.300000E-0005	 5.773812E-0002
 1.440768E-0001	 1.373777E+0001	-3.300000E-0005	 5.778837E-0002
 1.443840E-0001	 1.376713E+0001	-3.300000E-0005	 5.774787E-0002
 1.446912E-0001	 1.379649E+0001	-3.300000E-0005	 5.763123E-0002
 1.449984E-0001	 1.382586E+0001	-3.300000E-0005	 5.763407E-0002
 1.453056E-0001	 1.385519E+0001	-3.300000E-0005	 5.773489E-0002
 1.456128E-0001	 1.388455E+0001	-3.300000E-0005	 5.772902E-0002
 1.459200E-0001	 1.391391E+0001	-3.300000E-0005	 5.774757E-0002
 1.462272E-0001	 1.394327E+0001	-3.300000E-0005	 5.777431E-0002
 1.465344E-0001	 1.397260E+0001	-3.300000E-0005	 5.768467E-0002
 1.468416E-0001	 1.400196E+0001	-3.300000E-0005	 5.782775E-0002
 1.471488E-0001	 1.403133E+0001	-3.300000E-0005	 5.766394E-0002
 1.474560E-0001	 1.406069E+0001	-3.300000E-0005	 5.761437E-0002
 1.477632E-0001	 1.409002E+0001	-3.300000E-0005	 5.769465E-0002
 1.480704E-0001	 1.411938E+0001	-3.300000E-0005	 5.770197E-0002
 1.483776E-0001	 1.414874E+0001	-3.300000E-0005	 5.777927E-0002
 1.486848E-0001	 1.417811E+0001	-3.300000E-0005	 5.781656E-0002
 1.489920E-0001	 1.420744E+0001	-3.300000E-0005	 5.773285E-0002
 1.492992E-0001	 1.423680E+0001	-3.300000E-0005	 5.764980E-0002
 1.496064E-0001	 1.426616E+0001	-3.300000E-0005	 5.760578E-0002
 1.499136E-0001	 1.429552E+0001	-3.300000E-0005	 5.767985E-0002
 1.502208E-0001	 1.432485E+0001	-3.300000E-0005	 5.772875E-0002
 1.505280E-0001	 1.435422E+0001	-3.300000E-0005	 5.774111E-0002
 1.508352E-0001	 1.438358E+0001	-3.300000E-0005	 5.772335E-0002
 1.511424E-0001	 1.441294E+0001	-3.300000E-0005	 5.779132E-0002
 1.514496E-0001	 1.444227E+0001	-3.300000E-0005	 5.768573E-0002
 1.517568E-0001	 1.447163E+0001	-3.300000E-0005	 5.768754E-0002
 1.520640E-0001	 1.450100E+0001	-3.300000E-0005	 5.759647E-0002
 1.523712E-0001	 1.453036E+0001	-3.300000E-0005	 5.765928E-0002
 1.526784E-0001	 1.455969E+0001	-3.300000E-0005	 5.767679E-0002
 1.529856E-0001	 1.458905E+0001	-3.300000E-0005	 5.771497E-0002
 1.532928E-0001	 1.461841E+0001	-3.300000E-0005	 5.779046E-0002
 1.536000E-0001	 1.464778E+0001	-3.300000E-0005	 5.778911E-0002
 1.539072E-0001	 1.467710E+0001	-3.300000E-0005	 5.777555E-0002
 1.542144E-0001	 1.470647E+0001	-3.300000E-0005	 5.780458E-0002
 1.545216E-0001	 1.473583E+0001	-3.300000E-0005	 5.776824E-0002
 1.548288E-0001	 1.476519E+0001	-3.300000E-0005	 5.769608E-0002
 1.551360E-0001	 1.479452E+0001	-3.300000E-0005	 5.775216E-0002
 1.554432E-0001	 1.482388E+0001	-3.300000E-0005	 5.761515E-0002
 1.557504E-0001	 1.485325E+0001	-3.300000E-0005	 5.769524E-0002
 1.560576E-0001	 1.488261E+0001	-3.300000E-0005	 5.769063E-0002
 1.563648E-0001	 1.491194E+0001	-3.300000E-0005	 5.775118E-0002
 1.566720E-0001	 1.494130E+0001	-3.300000E-0005	 5.773239E-0002
 1.569792E-0001	 1.497066E+0001	-3.300000E-0005	 5.774310E-0002
 1.572864E-0001	 1.500003E+0001	-3.300000E-0005	 5.773649E-0002
 1.575936E-0001	 1.497066E+0001	-3.300000E-0005	 5.778616E-0002
 1.579008E-0001	 1.494130E+0001	-3.300000E-0005	 5.767503E-0002
 1.582080E-0001	 1.491194E+0001	-3.300000E-0005	 5.775694E-0002
 1.585152E-0001	 1.488261E+0001	-3.300000E-0005	 5.773061E-0002
 1.588224E-0001	 1.485325E+0001	-3.300000E-0005	 5.776778E-0002
 1.591296E-0001	 1.482388E+0001	-3.300000E-0005	 5.772294E-0002
 1.594368E-0001	 1.479452E+0001	-3.300000E-0005	 5.758363E-0002
 1.597440E-0001	 1.476519E+0001	-3.300000E-0005	 5.765057E-0002
 1.600512E-0001	 1.473583E+0001	-3.300000E-0005	 5.774571E-0002
 1.603584E-0001	 1.470647E+0001	-3.300000E-0005	 5.775398E-0002
 1.606656E-0001	 1.467710E+0001	-3.300000E-0005	 5.775047E-0002
 1.609728E-0001	 1.464778E+0001	-3.300000E-0005	 5.771716E-0002
 1.612800E-0001	 1.461841E+0001	-3.300000E-0005	 5.783602E-0002
 1.615872E-0001	 1.458905E+0001	-3.300000E-0005	 5.777681E-0002
 1.618944E-0001	 1.455969E+0001	-3.300000E-0005	 5.779242E-0002
 1.622016E-0001	 1.453036E+0001	-3.300000E-0005	 5.778944E-0002
 1.625088E-0001	 1.450100E+0001	-3.300000E-0005	 5.780425E-0002
 1.628160E-0001	 1.447163E+0001	-3.300000E-0005	 5.785299E-0002
 1.631232E-0001	 1.444227E+0001	-3.300000E-0005	 5.771645E-0002
 1.634304E-0001	 1.441294E+0001	-3.300000E-0005	 5.771572E-0002
 1.637376E-0001	 1.438358E+0001	-3.300000E-0005	 5.766972E-0002
 1.640448E-0001	 1.435422E+0001	-3.300000E-0005	 5.777208E-0002
 1.643520E-0001	 1.432485E+0001	-3.300000E-0005	 5.769915E-0002
 1.646592E-0001	 1.429552E+0001	-3.300000E-0005	 5.777929E-0002
 1.649664E-0001	 1.426616E+0001	-3.300000E-0005	 5.769399E-0002
 1.652736E-0001	 1.423680E+0001	-3.300000E-0005	 5.769210E-0002
 1.655808E-0001	 1.420744E+0001	-3.300000E-0005	 5.772769E-0002
 1.658880E-0001	 1.417811E+0001	-3.300000E-0005	 5.774170E-0002
 1.661952E-0001	 1.414874E+0001	-3.300000E-0005	 5.779643E-0002
 1.665024E-0001	 1.411938E+0001	-3.300000E-0005	 5.771411E-0002
 1.668096E-0001	 1.409002E+0001	-3.300000E-0005	 5.767307E-0002
 1.671168E-0001	 1.406069E+0001	-3.300000E-0005	 5.761038E-0002
 1.674240E-0001	 1.403133E+0001	-3.300000E-0005	 5.765879E-0002
 1.677312E-0001	 1.400196E+0001	-3.300000E-0005	 5.771037E-0002
 1.680384E-0001	 1.397260E+0001	-3.300000E-0005	 5.765038E-0002
 1.683456E-0001	 1.394327E+0001	-3.300000E-0005	 5.771242E-0002
 1.686528E-0001	 1.391391E+0001	-3.300000E-0005	 5.769041E-0002
 1.689600E-0001	 1.388455E+0001	-3.300000E-0005	 5.768802E-0002
 1.692672E-0001	 1.385519E+0001	-3.300000E-0005	 5.775162E-0002
 1.695744E-0001	 1.382586E+0001	-3.300000E-0005	 5.766253E-0002
 1.698816E-0001	 1.379649E+0001	-3.300000E-0005	 5.772809E-0002
 1.701888E-0001	 1.376713E+0001	-3.300000E-0005	 5.778532E-0002
 1.704960E-0001	 1.373777E+0001	-3.300000E-0005	 5.766834E-0002
 1.708032E-0001	 1.370844E+0001	-3.300000E-0005	 5.775982E-0002
 1.711104E-0001	 1.367908E+0001	-3.300000E-0005	 5.771864E-0002
 1.714176E-0001	 1.364971E+0001	-3.300000E-0005	 5.776213E-0002
 1.717248E-0001	 1.362035E+0001	-3.300000E-0005	 5.766518E-0002
 1.720320E-0001	 1.359102E+0001	-3.300000E-0005	 5.765646E-0002
 1.723392E-0001	 1.356166E+0001	-3.300000E-0005	 5.771285E-0002
 1.726464E-0001	 1.353230E+0001	-3.300000E-0005	 5.764377E-0002
 1.729536E-0001	 1.350293E+0001	-3.300000E-0005	 5.769397E-0002
 1.732608E-0001	 1.347361E+0001	-3.300000E-0005	 5.771654E-0002
 1.735680E-0001	 1.344424E+0001	-3.300000E-0005	 5.771000E-0002
 1.738752E-0001	 1.341488E+0001	-3.300000E-0005	 5.764704E-0002
 1.741824E-0001	 1.338552E+0001	-3.300000E-0005	 5.760100E-0002
 1.744896E-0001	 1.335619E+0001	-3.300000E-0005	 5.758830E-0002
 1.747968E-0001	 1.332683E+0001	-3.300000E-0005	 5.770557E-0002
 1.751040E-0001	 1.329746E+0001	-3.300000E-0005	 5.767966E-0002
 1.754112E-0001	 1.326810E+0001	-3.300000E-0005	 5.764834E-0002
 1.757184E-0001	 1.323877E+0001	-3.300000E-0005	 5.760635E-0002
 1.760256E-0001	 1.320941E+0001	-3.300000E-0005	 5.771833E-0002
 1.763328E-0001	 1.318005E+0001	-3.300000E-0005	 5.767603E-0002
 1.766400E-0001	 1.315068E+0001	-3.300000E-0005	 5.771348E-0002
 1.769472E-0001	 1.312136E+0001	-3.300000E-0005	 5.763736E-0002
 1.772544E-0001	 1.309199E+0001	-3.300000E-0005	 5.757892E-0002
 1.775616E-0001	 1.306263E+0001	-3.300000E-0005	 5.756322E-0002
 1.778688E-0001	 1.303327E+0001	-3.300000E-0005	 5.756551E-0002
 1.781760E-0001	 1.300394E+0001	-3.300000E-0005	 5.777031E-0002
 1.784832E-0001	 1.297458E+0001	-3.300000E-0005	 5.773119E-0002
 1.787904E-0001	 1.294521E+0001	-3.300000E-0005	 5.783756E-0002
 1.790976E-0001	 1.291585E+0001	-3.300000E-0005	 5.770759E-0002
 1.794048E-0001	 1.288652E+0001	-3.300000E-0005	 5.781684E-0002
 1.797120E-0001	 1.285716E+0001	-3.300000E-0005	 5.769839E-0002
 1.800192E-0001	 1.282780E+0001	-3.300000E-0005	 5.778028E-0002
 1.803264E-0001	 1.279843E+0001	-3.300000E-0005	 5.765826E-0002
 1.806336E-0001	 1.276911E+0001	-3.300000E-0005	 5.776469E-0002
 1.809408E-0001	 1.273974E+0001	-3.300000E-0005	 5.773057E-0002
 1.812480E-0001	 1.271038E+0001	-3.300000E-0005	 5.772654E-0002
 1.815552E-0001	 1.268102E+0001	-3.300000E-0005	 5.775376E-0002
 1.818624E-0001	 1.265169E+0001	-3.300000E-0005	 5.771142E-0002
 1.821696E-0001	 1.262233E+0001	-3.300000E-0005	 5.773779E-0002
 1.824768E-0001	 1.259296E+0001	-3.300000E-0005	 5.766396E-0002
 1.827840E-0001	 1.256360E+0001	-3.300000E-0005	 5.776920E-0002
 1.830912E-0001	 1.253427E+0001	-3.300000E-0005	 5.768850E-0002
 1.833984E-0001	 1.250491E+0001	-3.300000E-0005	 5.779953E-0002
 1.837056E-0001	 1.247555E+0001	-3.300000E-0005	 5.762457E-0002
 1.840128E-0001	 1.244618E+0001	-3.300000E-0005	 5.756537E-0002
 1.843200E-0001	 1.241685E+0001	-3.300000E-0005	 5.768773E-0002
 1.846272E-0001	 1.238749E+0001	-3.300000E-0005	 5.783133E-0002
 1.849344E-0001	 1.235813E+0001	-3.300000E-0005	 5.774403E-0002
 1.852416E-0001	 1.232877E+0001	-3.300000E-0005	 5.769469E-0002
 1.855488E-0001	 1.229944E+0001	-3.300000E-0005	 5.767859E-0002
 1.858560E-0001	 1.227008E+0001	-3.300000E-0005	 5.770674E-0002
 1.861632E-0001	 1.224071E+0001	-3.300000E-0005	 5.774495E-0002
 1.864704E-0001	 1.221135E+0001	-3.300000E-0005	 5.769980E-0002
 1.867776E-0001	 1.218202E+0001	-3.300000E-0005	 5.778942E-0002
 1.870848E-0001	 1.215266E+0001	-3.300000E-0005	 5.768642E-0002
 1.873920E-0001	 1.212330E+0001	-3.300000E-0005	 5.775099E-0002
 1.876992E-0001	 1.209393E+0001	-3.300000E-0005	 5.765547E-0002
 1.880064E-0001	 1.206460E+0001	-3.300000E-0005	 5.759556E-0002
 1.883136E-0001	 1.203524E+0001	-3.300000E-0005	 5.760808E-0002
 1.886208E-0001	 1.200588E+0001	-3.300000E-0005	 5.753582E-0002
 1.889280E-0001	 1.197652E+0001	-3.300000E-0005	 5.757013E-0002
 1.892352E-0001	 1.194719E+0001	-3.300000E-0005	 5.767616E-0002
 1.895424E-0001	 1.191782E+0001	-3.300000E-0005	 5.763015E-0002
 1.898496E-0001	 1.188846E+0001	-3.300000E-0005	 5.763722E-0002
 1.901568E-0001	 1.185910E+0001	-3.300000E-0005	 5.772989E-0002
 1.904640E-0001	 1.182977E+0001	-3.300000E-0005	 5.771518E-0002
 1.907712E-0001	 1.180041E+0001	-3.300000E-0005	 5.785080E-0002
 1.910784E-0001	 1.177104E+0001	-3.300000E-0005	 5.774246E-0002
 1.913856E-0001	 1.174168E+0001	-3.300000E-0005	 5.763787E-0002
 1.916928E-0001	 1.171235E+0001	-3.300000E-0005	 5.761710E-0002
 1.920000E-0001	 1.168299E+0001	-3.300000E-0005	 5.761225E-0002
 1.923072E-0001	 1.165363E+0001	-3.300000E-0005	 5.767179E-0002
 1.926144E-0001	 1.162426E+0001	-3.300000E-0005	 5.759851E-0002
 1.929216E-0001	 1.159494E+0001	-3.300000E-0005	 5.765509E-0002
 1.932288E-0001	 1.156557E+0001	-3.300000E-0005	 5.767422E-0002
 1.935360E-0001	 1.153621E+0001	-3.300000E-0005	 5.767461E-0002
 1.938432E-0001	 1.150685E+0001	-3.300000E-0005	 5.761787E-0002
 1.941504E-0001	 1.147752E+0001	-3.300000E-0005	 5.777143E-0002
 1.944576E-0001	 1.144816E+0001	-3.300000E-0005	 5.774927E-0002
 1.947648E-0001	 1.141879E+0001	-3.300000E-0005	 5.768020E-0002
 1.950720E-0001	 1.138943E+0001	-3.300000E-0005	 5.770054E-0002
 1.953792E-0001	 1.136010E+0001	-3.300000E-0005	 5.766600E-0002
 1.956864E-0001	 1.133074E+0001	-3.300000E-0005	 5.767317E-0002
 1.959936E-0001	 1.130138E+0001	-3.300000E-0005	 5.764825E-0002
 1.963008E-0001	 1.127201E+0001	-3.300000E-0005	 5.763369E-0002
 1.966080E-0001	 1.124269E+0001	-3.300000E-0005	 5.781134E-0002
 1.969152E-0001	 1.121332E+0001	-3.300000E-0005	 5.776532E-0002
 1.972224E-0001	 1.118396E+0001	-3.300000E-0005	 5.769242E-0002
 1.975296E-0001	 1.115460E+0001	-3.300000E-0005	 5.771059E-0002
 1.978368E-0001	 1.112527E+0001	-3.300000E-0005	 5.763986E-0002
 1.981440E-0001	 1.109591E+0001	-3.300000E-0005	 5.767291E-0002
 1.984512E-0001	 1.106654E+0001	-3.300000E-0005	 5.760913E-0002
 1.987584E-0001	 1.103718E+0001	-3.300000E-0005	 5.757560E-0002
 1.990656E-0001	 1.100785E+0001	-3.300000E-0005	 5.756805E-0002
 1.993728E-0001	 1.097849E+0001	-3.300000E-0005	 5.765458E-0002
 1.996800E-0001	 1.094913E+0001	-3.300000E-0005	 5.763322E-0002
 1.999872E-0001	 1.091976E+0001	-3.300000E-0005	 5.775170E-0002
 2.002944E-0001	 1.089044E+0001	-3.300000E-0005	 5.766832E-0002
 2.006016E-0001	 1.086107E+0001	-3.300000E-0005	 5.764340E-0002
 2.009088E-0001	 1.083171E+0001	-3.300000E-0005	 5.767970E-0002
 2.012160E-0001	 1.080235E+0001	-3.300000E-0005	 5.763854E-0002
 2.015232E-0001	 1.077302E+0001	-3.300000E-0005	 5.773535E-0002
 2.018304E-0001	 1.074366E+0001	-3.300000E-0005	 5.767529E-0002
 2.021376E-0001	 1.071429E+0001	-3.300000E-0005	 5.774753E-0002
 2.024448E-0001	 1.068493E+0001	-3.300000E-0005	 5.770609E-0002
 2.027520E-0001	 1.065560E+0001	-3.300000E-0005	 5.767996E-0002
 2.030592E-0001	 1.062624E+0001	-3.300000E-0005	 5.768184E-0002
 2.033664E-0001	 1.059688E+0001	-3.300000E-0005	 5.752196E-0002
 2.036736E-0001	 1.056751E+0001	-3.300000E-0005	 5.765118E-0002
 2.039808E-0001	 1.053819E+0001	-3.300000E-0005	 5.770967E-0002
 2.042880E-0001	 1.050882E+0001	-3.300000E-0005	 5.765418E-0002
 2.045952E-0001	 1.047946E+0001	-3.300000E-0005	 5.770109E-0002
 2.049024E-0001	 1.045010E+0001	-3.300000E-0005	 5.767610E-0002
 2.052096E-0001	 1.042077E+0001	-3.300000E-0005	 5.762775E-0002
 2.055168E-0001	 1.039141E+0001	-3.300000E-0005	 5.769465E-0002
 2.058240E-0001	 1.036204E+0001	-3.300000E-0005	 5.769422E-0002
 2.061312E-0001	 1.033268E+0001	-3.300000E-0005	 5.776150E-0002
 2.064384E-0001	 1.030335E+0001	-3.300000E-0005	 5.763031E-0002
 2.067456E-0001	 1.027399E+0001	-3.300000E-0005	 5.758505E-0002
 2.070528E-0001	 1.024463E+0001	-3.300000E-0005	 5.768812E-0002
 2.073600E-0001	 1.021526E+0001	-3.300000E-0005	 5.754945E-0002
 2.076672E-0001	 1.018593E+0001	-3.300000E-0005	 5.765247E-0002
 2.079744E-0001	 1.015657E+0001	-3.300000E-0005	 5.761336E-0002
 2.082816E-0001	 1.012721E+0001	-3.300000E-0005	 5.761387E-0002
 2.085888E-0001	 1.009785E+0001	-3.300000E-0005	 5.772255E-0002
 2.088960E-0001	 1.006852E+0001	-3.300000E-0005	 5.766952E-0002
 2.092032E-0001	 1.003915E+0001	-3.300000E-0005	 5.769061E-0002
 2.095104E-0001	 1.000979E+0001	-3.300000E-0005	 5.768960E-0002
 2.098176E-0001	 9.980433E+0000	-3.300000E-0005	 5.767203E-0002
 2.101248E-0001	 9.951105E+0000	-3.300000E-0005	 5.771509E-0002
 2.104320E-0001	 9.921742E+0000	-3.300000E-0005	 5.762263E-0002
 2.107392E-0001	 9.892379E+0000	-3.300000E-0005	 5.776264E-0002
 2.110464E-0001	 9.863016E+0000	-3.300000E-0005	 5.769768E-0002
 2.113536E-0001	 9.833688E+0000	-3.300000E-0005	 5.762912E-0002
 2.116608E-0001	 9.804325E+0000	-3.300000E-0005	 5.767484E-0002
 2.119680E-0001	 9.774962E+0000	-3.300000E-0005	 5.763209E-0002
 2.122752E-0001	 9.745599E+0000	-3.300000E-0005	 5.769122E-0002
 2.125824E-0001	 9.716272E+0000	-3.300000E-0005	 5.780772E-0002
 2.128896E-0001	 9.686909E+0000	-3.300000E-0005	 5.767105E-0002
 2.131968E-0001	 9.657546E+0000	-3.300000E-0005	 5.773620E-0002
 2.135040E-0001	 9.628183E+0000	-3.300000E-0005	 5.767769E-0002
 2.138112E-0001	 9.598855E+0000	-3.300000E-0005	 5.767950E-0002
 2.141184E-0001	 9.569492E+0000	-3.300000E-0005	 5.758192E-0002
 2.144256E-0001	 9.540129E+0000	-3.300000E-0005	 5.770002E-0002
 2.147328E-0001	 9.510766E+0000	-3.300000E-0005	 5.765827E-0002
 2.150400E-0001	 9.481438E+0000	-3.300000E-0005	 5.768759E-0002
 2.153472E-0001	 9.452075E+0000	-3.300000E-0005	 5.771746E-0002
 2.156544E-0001	 9.422712E+0000	-3.300000E-0005	 5.771752E-0002
 2.159616E-0001	 9.393349E+0000	-3.300000E-0005	 5.777266E-0002
 2.162688E-0001	 9.364021E+0000	-3.300000E-0005	 5.764975E-0002
 2.165760E-0001	 9.334658E+0000	-3.300000E-0005	 5.754024E-0002
 2.168832E-0001	 9.305295E+0000	-3.300000E-0005	 5.761179E-0002
 2.171904E-0001	 9.275932E+0000	-3.300000E-0005	 5.773672E-0002
 2.174976E-0001	 9.246604E+0000	-3.300000E-0005	 5.761096E-0002
 2.178048E-0001	 9.217241E+0000	-3.300000E-0005	 5.767126E-0002
 2.181120E-0001	 9.187878E+0000	-3.300000E-0005	 5.765024E-0002
 2.184192E-0001	 9.158515E+0000	-3.300000E-0005	 5.762375E-0002
 2.187264E-0001	 9.129187E+0000	-3.300000E-0005	 5.758677E-0002
 2.190336E-0001	 9.099824E+0000	-3.300000E-0005	 5.758087E-0002
 2.193408E-0001	 9.070461E+0000	-3.300000E-0005	 5.759178E-0002
 2.196480E-0001	 9.041098E+0000	-3.300000E-0005	 5.767668E-0002
 2.199552E-0001	 9.011770E+0000	-3.300000E-0005	 5.745345E-0002
 2.202624E-0001	 8.982407E+0000	-3.300000E-0005	 5.762714E-0002
 2.205696E-0001	 8.953044E+0000	-3.300000E-0005	 5.765439E-0002
 2.208768E-0001	 8.923681E+0000	-3.300000E-0005	 5.764861E-0002
 2.211840E-0001	 8.894354E+0000	-3.300000E-0005	 5.757246E-0002
 2.214912E-0001	 8.864991E+0000	-3.300000E-0005	 5.766675E-0002
 2.217984E-0001	 8.835628E+0000	-3.300000E-0005	 5.762426E-0002
 2.221056E-0001	 8.806265E+0000	-3.300000E-0005	 5.761464E-0002
 2.224128E-0001	 8.776937E+0000	-3.300000E-0005	 5.763152E-0002
 2.227200E-0001	 8.747574E+0000	-3.300000E-0005	 5.757422E-0002
 2.230272E-0001	 8.718211E+0000	-3.300000E-0005	 5.764375E-0002
 2.233344E-0001	 8.688848E+0000	-3.300000E-0005	 5.755594E-0002
 2.236416E-0001	 8.659520E+0000	-3.300000E-0005	 5.764327E-0002
 2.239488E-0001	 8.630157E+0000	-3.300000E-0005	 5.753851E-0002
 2.242560E-0001	 8.600794E+0000	-3.300000E-0005	 5.762204E-0002
 2.245632E-0001	 8.571431E+0000	-3.300000E-0005	 5.762221E-0002
 2.248704E-0001	 8.542103E+0000	-3.300000E-0005	 5.757531E-0002
 2.251776E-0001	 8.512740E+0000	-3.300000E-0005	 5.755554E-0002
 2.254848E-0001	 8.483377E+0000	-3.300000E-0005	 5.767115E-0002
 2.257920E-0001	 8.454014E+0000	-3.300000E-0005	 5.763764E-0002
 2.260992E-0001	 8.424686E+0000	-3.300000E-0005	 5.762727E-0002
 2.264064E-0001	 8.395323E+0000	-3.300000E-0005	 5.762389E-0002
 2.267136E-0001	 8.365960E+0000	-3.300000E-0005	 5.762184E-0002
 2.270208E-0001	 8.336597E+0000	-3.300000E-0005	 5.762835E-0002
 2.273280E-0001	 8.307269E+0000	-3.300000E-0005	 5.751252E-0002
 2.276352E-0001	 8.277906E+0000	-3.300000E-0005	 5.759665E-0002
 2.279424E-0001	 8.248543E+0000	-3.300000E-0005	 5.753268E-0002
 2.282496E-0001	 8.219180E+0000	-3.300000E-0005	 5.768735E-0002
 2.285568E-0001	 8.189852E+0000	-3.300000E-0005	 5.761117E-0002
 2.288640E-0001	 8.160489E+0000	-3.300000E-0005	 5.765786E-0002
 2.291712E-0001	 8.131126E+0000	-3.300000E-0005	 5.774088E-0002
 2.294784E-0001	 8.101763E+0000	-3.300000E-0005	 5.763941E-0002
 2.297856E-0001	 8.072436E+0000	-3.300000E-0005	 5.770544E-0002
 2.300928E-0001	 8.043073E+0000	-3.300000E-0005	 5.769218E-0002
 2.304000E-0001	 8.013710E+0000	-3.300000E-0005	 5.768155E-0002
 2.307072E-0001	 7.984347E+0000	-3.300000E-0005	 5.767139E-0002
 2.310144E-0001	 7.955019E+0000	-3.300000E-0005	 5.758696E-0002
 2.313216E-0001	 7.925656E+0000	-3.300000E-0005	 5.751987E-0002
 2.316288E-0001	 7.896293E+0000	-3.300000E-0005	 5.761110E-0002
 2.319360E-0001	 7.866930E+0000	-3.300000E-0005	 5.757107E-0002
 2.322432E-0001	 7.837602E+0000	-3.300000E-0005	 5.760022E-0002
 2.325504E-0001	 7.808239E+0000	-3.300000E-0005	 5.757420E-0002
 2.328576E-0001	 7.778876E+0000	-3.300000E-0005	 5.758712E-0002
 2.331648E-0001	 7.749513E+0000	-3.300000E-0005	 5.760729E-0002
 2.334720E-0001	 7.720185E+0000	-3.300000E-0005	 5.757941E-0002
 2.337792E-0001	 7.690822E+0000	-3.300000E-0005	 5.765689E-0002
 2.340864E-0001	 7.661459E+0000	-3.300000E-0005	 5.764059E-0002
 2.343936E-0001	 7.632096E+0000	-3.300000E-0005	 5.759820E-0002
 2.347008E-0001	 7.602768E+0000	-3.300000E-0005	 5.779112E-0002
 2.350080E-0001	 7.573405E+0000	-3.300000E-0005	 5.776861E-0002
 2.353152E-0001	 7.544042E+0000	-3.300000E-0005	 5.771784E-0002
 2.356224E-0001	 7.514679E+0000	-3.300000E-0005	 5.769912E-0002
 2.359296E-0001	 7.485351E+0000	-3.300000E-0005	 5.758006E-0002
 2.362368E-0001	 7.455988E+0000	-3.300000E-0005	 5.761790E-0002
 2.365440E-0001	 7.426625E+0000	-3.300000E-0005	 5.760848E-0002
 2.368512E-0001	 7.397262E+0000	-3.300000E-0005	 5.766301E-0002
 2.371584E-0001	 7.367934E+0000	-3.300000E-0005	 5.762953E-0002
 2.374656E-0001	 7.338571E+0000	-3.300000E-0005	 5.765146E-0002
 2.377728E-0001	 7.309208E+0000	-3.300000E-0005	 5.760063E-0002
 2.380800E-0001	 7.279845E+0000	-3.300000E-0005	 5.774806E-0002
 2.383872E-0001	 7.250518E+0000	-3.300000E-0005	 5.767187E-0002
 2.386944E-0001	 7.221155E+0000	-3.300000E-0005	 5.762027E-0002
 2.390016E-0001	 7.191792E+0000	-3.300000E-0005	 5.754208E-0002
 2.393088E-0001	 7.162429E+0000	-3.300000E-0005	 5.769592E-0002
 2.396160E-0001	 7.133101E+0000	-3.300000E-0005	 5.762474E-0002
 2.399232E-0001	 7.103738E+0000	-3.300000E-0005	 5.768394E-0002
 2.402304E-0001	 7.074375E+0000	-3.300000E-0005	 5.763937E-0002
 2.405376E-0001	 7.045012E+0000	-3.300000E-0005	 5.751616E-0002
 2.408448E-0001	 7.015684E+0000	-3.300000E-0005	 5.753325E-0002
 2.411520E-0001	 6.986321E+0000	-3.300000E-0005	 5.745068E-0002
 2.414592E-0001	 6.956958E+0000	-3.300000E-0005	 5.757808E-0002
 2.417664E-0001	 6.927595E+0000	-3.300000E-0005	 5.761885E-0002
 2.420736E-0001	 6.898267E+0000	-3.300000E-0005	 5.773329E-0002
 2.423808E-0001	 6.868904E+0000	-3.300000E-0005	 5.757396E-0002
 2.426880E-0001	 6.839541E+0000	-3.300000E-0005	 5.774137E-0002
 2.429952E-0001	 6.810178E+0000	-3.300000E-0005	 5.762399E-0002
 2.433024E-0001	 6.780850E+0000	-3.300000E-0005	 5.755391E-0002
 2.436096E-0001	 6.751487E+0000	-3.300000E-0005	 5.759683E-0002
 2.439168E-0001	 6.722124E+0000	-3.300000E-0005	 5.767577E-0002
 2.442240E-0001	 6.692761E+0000	-3.300000E-0005	 5.770148E-0002
 2.445312E-0001	 6.663433E+0000	-3.300000E-0005	 5.765435E-0002
 2.448384E-0001	 6.634070E+0000	-3.300000E-0005	 5.763308E-0002
 2.451456E-0001	 6.604707E+0000	-3.300000E-0005	 5.765459E-0002
 2.454528E-0001	 6.575344E+0000	-3.300000E-0005	 5.770670E-0002
 2.457600E-0001	 6.546016E+0000	-3.300000E-0005	 5.762532E-0002
 2.460672E-0001	 6.516653E+0000	-3.300000E-0005	 5.753322E-0002
 2.463744E-0001	 6.487290E+0000	-3.300000E-0005	 5.759369E-0002
 2.466816E-0001	 6.457927E+0000	-3.300000E-0005	 5.746171E-0002
 2.469888E-0001	 6.428599E+0000	-3.300000E-0005	 5.763888E-0002
 2.472960E-0001	 6.399236E+0000	-3.300000E-0005	 5.751779E-0002
 2.476032E-0001	 6.369874E+0000	-3.300000E-0005	 5.761541E-0002
 2.479104E-0001	 6.340511E+0000	-3.300000E-0005	 5.762258E-0002
 2.482176E-0001	 6.311183E+0000	-3.300000E-0005	 5.762855E-0002
 2.485248E-0001	 6.281820E+0000	-3.300000E-0005	 5.766238E-0002
 2.488320E-0001	 6.252457E+0000	-3.300000E-0005	 5.759303E-0002
 2.491392E-0001	 6.223094E+0000	-3.300000E-0005	 5.757624E-0002
 2.494464E-0001	 6.193766E+0000	-3.300000E-0005	 5.751406E-0002
 2.497536E-0001	 6.164403E+0000	-3.300000E-0005	 5.757892E-0002
 2.500608E-0001	 6.135040E+0000	-3.300000E-0005	 5.760127E-0002
 2.503680E-0001	 6.105677E+0000	-3.300000E-0005	 5.765514E-0002
 2.506752E-0001	 6.076349E+0000	-3.300000E-0005	 5.761659E-0002
 2.509824E-0001	 6.046986E+0000	-3.300000E-0005	 5.759876E-0002
 2.512896E-0001	 6.017623E+0000	-3.300000E-0005	 5.745808E-0002
 2.515968E-0001	 5.988260E+0000	-3.300000E-0005	 5.762677E-0002
 2.519040E-0001	 5.958932E+0000	-3.300000E-0005	 5.762675E-0002
 2.522112E-0001	 5.929569E+0000	-3.300000E-0005	 5.764723E-0002
 2.525184E-0001	 5.900206E+0000	-3.300000E-0005	 5.752489E-0002
 2.528256E-0001	 5.870843E+0000	-3.300000E-0005	 5.754143E-0002
 2.531328E-0001	 5.841515E+0000	-3.300000E-0005	 5.752221E-0002
 2.534400E-0001	 5.812152E+0000	-3.300000E-0005	 5.749762E-0002
 2.537472E-0001	 5.782789E+0000	-3.300000E-0005	 5.756608E-0002
 2.540544E-0001	 5.753426E+0000	-3.300000E-0005	 5.755541E-0002
 2.543616E-0001	 5.724098E+0000	-3.300000E-0005	 5.759183E-0002
 2.546688E-0001	 5.694735E+0000	-3.300000E-0005	 5.750767E-0002
 2.549760E-0001	 5.665372E+0000	-3.300000E-0005	 5.755252E-0002
 2.552832E-0001	 5.636009E+0000	-3.300000E-0005	 5.746770E-0002
 2.555904E-0001	 5.606681E+0000	-3.300000E-0005	 5.755459E-0002
 2.558976E-0001	 5.577318E+0000	-3.300000E-0005	 5.745648E-0002
 2.562048E-0001	 5.547955E+0000	-3.300000E-0005	 5.752700E-0002
 2.565120E-0001	 5.518592E+0000	-3.300000E-0005	 5.742912E-0002
 2.568192E-0001	 5.489265E+0000	-3.300000E-0005	 5.758019E-0002
 2.571264E-0001	 5.459902E+0000	-3.300000E-0005	 5.765523E-0002
 2.574336E-0001	 5.430539E+0000	-3.300000E-0005	 5.761227E-0002
 2.577408E-0001	 5.401176E+0000	-3.300000E-0005	 5.767471E-0002
 2.580480E-0001	 5.371848E+0000	-3.300000E-0005	 5.761498E-0002
 2.583552E-0001	 5.342485E+0000	-3.300000E-0005	 5.763829E-0002
 2.586624E-0001	 5.313122E+0000	-3.300000E-0005	 5.773073E-0002
 2.589696E-0001	 5.283759E+0000	-3.300000E-0005	 5.760493E-0002
 2.592768E-0001	 5.254431E+0000	-3.300000E-0005	 5.770214E-0002
 2.595840E-0001	 5.225068E+0000	-3.300000E-0005	 5.760899E-0002
 2.598912E-0001	 5.195705E+0000	-3.300000E-0005	 5.763248E-0002
 2.601984E-0001	 5.166342E+0000	-3.300000E-0005	 5.757058E-0002
 2.605056E-0001	 5.137014E+0000	-3.300000E-0005	 5.757475E-0002
 2.608128E-0001	 5.107651E+0000	-3.300000E-0005	 5.753167E-0002
 2.611200E-0001	 5.078288E+0000	-3.300000E-0005	 5.751994E-0002
 2.614272E-0001	 5.048925E+0000	-3.300000E-0005	 5.743023E-0002
 2.617344E-0001	 5.019597E+0000	-3.300000E-0005	 5.759870E-0002
 2.620416E-0001	 4.990234E+0000	-3.300000E-0005	 5.767558E-0002
 2.623488E-0001	 4.960871E+0000	-3.300000E-0005	 5.771013E-0002
 2.626560E-0001	 4.931508E+0000	-3.300000E-0005	 5.771587E-0002
 2.629632E-0001	 4.902180E+0000	-3.300000E-0005	 5.760402E-0002
 2.632704E-0001	 4.872817E+0000	-3.300000E-0005	 5.766018E-0002
 2.635776E-0001	 4.843454E+0000	-3.300000E-0005	 5.757486E-0002
 2.638848E-0001	 4.814091E+0000	-3.300000E-0005	 5.750068E-0002
 2.641920E-0001	 4.784763E+0000	-3.300000E-0005	 5.751375E-0002
 2.644992E-0001	 4.755400E+0000	-3.300000E-0005	 5.750289E-0002
 2.648064E-0001	 4.726037E+0000	-3.300000E-0005	 5.752273E-0002
 2.651136E-0001	 4.696674E+0000	-3.300000E-0005	 5.750231E-0002
 2.654208E-0001	 4.667347E+0000	-3.300000E-0005	 5.752249E-0002
 2.657280E-0001	 4.637984E+0000	-3.300000E-0005	 5.743876E-0002
 2.660352E-0001	 4.608621E+0000	-3.300000E-0005	 5.744064E-0002
 2.663424E-0001	 4.579258E+0000	-3.300000E-0005	 5.747852E-0002
 2.666496E-0001	 4.549930E+0000	-3.300000E-0005	 5.745222E-0002
 2.669568E-0001	 4.520567E+0000	-3.300000E-0005	 5.757319E-0002
 2.672640E-0001	 4.491204E+0000	-3.300000E-0005	 5.747410E-0002
 2.675712E-0001	 4.461841E+0000	-3.300000E-0005	 5.753755E-0002
 2.678784E-0001	 4.432513E+0000	-3.300000E-0005	 5.734608E-0002
 2.681856E-0001	 4.403150E+0000	-3.300000E-0005	 5.749264E-0002
 2.684928E-0001	 4.373787E+0000	-3.300000E-0005	 5.755768E-0002
 2.688000E-0001	 4.344424E+0000	-3.300000E-0005	 5.747430E-0002
 2.691072E-0001	 4.315096E+0000	-3.300000E-0005	 5.749003E-0002
 2.694144E-0001	 4.285733E+0000	-3.300000E-0005	 5.748805E-0002
 2.697216E-0001	 4.256370E+0000	-3.300000E-0005	 5.745098E-0002
 2.700288E-0001	 4.227007E+0000	-3.300000E-0005	 5.756744E-0002
 2.703360E-0001	 4.197679E+0000	-3.300000E-0005	 5.746169E-0002
 2.706432E-0001	 4.168316E+0000	-3.300000E-0005	 5.738519E-0002
 2.709504E-0001	 4.138953E+0000	-3.300000E-0005	 5.739413E-0002
 2.712576E-0001	 4.109590E+0000	-3.300000E-0005	 5.742502E-0002
 2.715648E-0001	 4.080262E+0000	-3.300000E-0005	 5.745513E-0002
 2.718720E-0001	 4.050899E+0000	-3.300000E-0005	 5.743329E-0002
 2.721792E-0001	 4.021536E+0000	-3.300000E-0005	 5.743304E-0002
 2.724864E-0001	 3.992173E+0000	-3.300000E-0005	 5.743104E-0002
 2.727936E-0001	 3.962845E+0000	-3.300000E-0005	 5.741744E-0002
 2.731008E-0001	 3.933482E+0000	-3.300000E-0005	 5.741146E-0002
 2.734080E-0001	 3.904119E+0000	-3.300000E-0005	 5.740341E-0002
 2.737152E-0001	 3.874756E+0000	-3.300000E-0005	 5.746869E-0002
 2.740224E-0001	 3.845429E+0000	-3.300000E-0005	 5.738420E-0002
 2.743296E-0001	 3.816066E+0000	-3.300000E-0005	 5.751269E-0002
 2.746368E-0001	 3.786703E+0000	-3.300000E-0005	 5.745713E-0002
 2.749440E-0001	 3.757340E+0000	-3.300000E-0005	 5.741838E-0002
 2.752512E-0001	 3.728012E+0000	-3.300000E-0005	 5.746279E-0002
 2.755584E-0001	 3.698649E+0000	-3.300000E-0005	 5.737038E-0002
 2.758656E-0001	 3.669286E+0000	-3.300000E-0005	 5.734974E-0002
 2.761728E-0001	 3.639923E+0000	-3.300000E-0005	 5.735468E-0002
 2.764800E-0001	 3.610595E+0000	-3.300000E-0005	 5.739928E-0002
 2.767872E-0001	 3.581232E+0000	-3.300000E-0005	 5.734500E-0002
 2.770944E-0001	 3.551869E+0000	-3.300000E-0005	 5.737267E-0002
 2.774016E-0001	 3.522506E+0000	-3.300000E-0005	 5.726544E-0002
 2.777088E-0001	 3.493178E+0000	-3.300000E-0005	 5.730509E-0002
 2.780160E-0001	 3.463815E+0000	-3.300000E-0005	 5.722610E-0002
 2.783232E-0001	 3.434452E+0000	-3.300000E-0005	 5.719897E-0002
 2.786304E-0001	 3.405089E+0000	-3.300000E-0005	 5.718193E-0002
 2.789376E-0001	 3.375761E+0000	-3.300000E-0005	 5.721374E-0002
 2.792448E-0001	 3.346398E+0000	-3.300000E-0005	 5.720322E-0002
 2.795520E-0001	 3.317035E+0000	-3.300000E-0005	 5.703199E-0002
 2.798592E-0001	 3.287672E+0000	-3.300000E-0005	 5.704155E-0002
 2.801664E-0001	 3.258344E+0000	-3.300000E-0005	 5.703045E-0002
 2.804736E-0001	 3.228981E+0000	-3.300000E-0005	 5.709473E-0002
 2.807808E-0001	 3.199618E+0000	-3.300000E-0005	 5.695442E-0002
 2.810880E-0001	 3.170255E+0000	-3.300000E-0005	 5.692852E-0002
 2.813952E-0001	 3.140927E+0000	-3.300000E-0005	 5.670102E-0002
 2.817024E-0001	 3.111564E+0000	-3.300000E-0005	 5.662014E-0002
 2.820096E-0001	 3.082201E+0000	-3.300000E-0005	 5.663418E-0002
 2.823168E-0001	 3.052838E+0000	-3.300000E-0005	 5.681750E-0002
 2.826240E-0001	 3.023511E+0000	-3.300000E-0005	 5.691416E-0002
 2.829312E-0001	 2.994148E+0000	-3.300000E-0005	 5.684482E-0002
 2.832384E-0001	 2.964785E+0000	-3.300000E-0005	 5.675155E-0002
 2.835456E-0001	 2.935422E+0000	-3.300000E-0005	 5.665798E-0002
 2.838528E-0001	 2.906094E+0000	-3.300000E-0005	 5.669123E-0002
 2.841600E-0001	 2.876731E+0000	-3.300000E-0005	 5.663495E-0002
 2.844672E-0001	 2.847368E+0000	-3.300000E-0005	 5.661181E-0002
 2.847744E-0001	 2.818005E+0000	-3.300000E-0005	 5.643951E-0002
 2.850816E-0001	 2.788677E+0000	-3.300000E-0005	 5.635842E-0002
 2.853888E-0001	 2.759314E+0000	-3.300000E-0005	 5.629798E-0002
 2.856960E-0001	 2.729951E+0000	-3.300000E-0005	 5.623676E-0002
 2.860032E-0001	 2.700588E+0000	-3.300000E-0005	 5.625168E-0002
 2.863104E-0001	 2.671260E+0000	-3.300000E-0005	 5.622055E-0002
 2.866176E-0001	 2.641897E+0000	-3.300000E-0005	 5.605816E-0002
 2.869248E-0001	 2.612534E+0000	-3.300000E-0005	 5.608637E-0002
 2.872320E-0001	 2.583171E+0000	-3.300000E-0005	 5.617614E-0002
 2.875392E-0001	 2.553843E+0000	-3.300000E-0005	 5.604160E-0002
 2.878464E-0001	 2.524480E+0000	-3.300000E-0005	 5.610173E-0002
 2.881536E-0001	 2.495117E+0000	-3.300000E-0005	 5.606710E-0002
 2.884608E-0001	 2.465754E+0000	-3.300000E-0005	 5.604316E-0002
 2.887680E-0001	 2.436426E+0000	-3.300000E-0005	 5.594960E-0002
 2.890752E-0001	 2.407063E+0000	-3.300000E-0005	 5.582162E-0002
 2.893824E-0001	 2.377700E+0000	-3.300000E-0005	 5.572859E-0002
 2.896896E-0001	 2.348337E+0000	-3.300000E-0005	 5.580513E-0002
 2.899968E-0001	 2.319009E+0000	-3.300000E-0005	 5.585527E-0002
 2.903040E-0001	 2.289646E+0000	-3.300000E-0005	 5.575385E-0002
 2.906112E-0001	 2.260283E+0000	-3.300000E-0005	 5.568915E-0002
 2.909184E-0001	 2.230920E+0000	-3.300000E-0005	 5.567907E-0002
 2.912256E-0001	 2.201592E+0000	-3.300000E-0005	 5.579445E-0002
 2.915328E-0001	 2.172229E+0000	-3.300000E-0005	 5.578136E-0002
 2.918400E-0001	 2.142866E+0000	-3.300000E-0005	 5.572157E-0002
 2.921472E-0001	 2.113504E+0000	-3.300000E-0005	 5.562447E-0002
 2.924544E-0001	 2.084176E+0000	-3.300000E-0005	 5.549463E-0002
 2.927616E-0001	 2.054813E+0000	-3.300000E-0005	 5.555493E-0002
 2.930688E-0001	 2.025450E+0000	-3.300000E-0005	 5.559704E-0002
 2.933760E-0001	 1.996087E+0000	-3.300000E-0005	 5.547441E-0002
 2.936832E-0001	 1.966759E+0000	-3.300000E-0005	 5.545575E-0002
 2.939904E-0001	 1.937396E+0000	-3.300000E-0005	 5.545391E-0002
 2.942976E-0001	 1.908033E+0000	-3.300000E-0005	 5.543956E-0002
 2.946048E-0001	 1.878670E+0000	-3.300000E-0005	 5.545649E-0002
 2.949120E-0001	 1.849342E+0000	-3.300000E-0005	 5.533009E-0002
 2.952192E-0001	 1.819979E+0000	-3.300000E-0005	 5.536629E-0002
 2.955264E-0001	 1.790616E+0000	-3.300000E-0005	 5.529875E-0002
 2.958336E-0001	 1.761253E+0000	-3.300000E-0005	 5.529933E-0002
 2.961408E-0001	 1.731925E+0000	-3.300000E-0005	 5.539628E-0002
 2.964480E-0001	 1.702562E+0000	-3.300000E-0005	 5.543426E-0002
 2.967552E-0001	 1.673199E+0000	-3.300000E-0005	 5.519428E-0002
 2.970624E-0001	 1.643836E+0000	-3.300000E-0005	 5.521215E-0002
 2.973696E-0001	 1.614508E+0000	-3.300000E-0005	 5.530740E-0002
 2.976768E-0001	 1.585145E+0000	-3.300000E-0005	 5.525950E-0002
 2.979840E-0001	 1.555782E+0000	-3.300000E-0005	 5.514623E-0002
 2.982912E-0001	 1.526419E+0000	-3.300000E-0005	 5.511845E-0002
 2.985984E-0001	 1.497091E+0000	-3.300000E-0005	 5.518190E-0002
 2.989056E-0001	 1.467728E+0000	-3.300000E-0005	 5.506758E-0002
 2.992128E-0001	 1.438365E+0000	-3.300000E-0005	 5.510917E-0002
 2.995200E-0001	 1.409002E+0000	-3.300000E-0005	 5.501664E-0002
 2.998272E-0001	 1.379674E+0000	-3.300000E-0005	 5.508578E-0002
 3.001344E-0001	 1.350311E+0000	-3.300000E-0005	 5.494232E-0002
 3.004416E-0001	 1.320948E+0000	-3.300000E-0005	 5.488615E-0002
 3.007488E-0001	 1.291585E+0000	-3.300000E-0005	 5.488349E-0002
 3.010560E-0001	 1.262258E+0000	-3.300000E-0005	 5.498761E-0002
 3.013632E-0001	 1.232895E+0000	-3.300000E-0005	 5.489452E-0002
 3.016704E-0001	 1.203532E+0000	-3.300000E-0005	 5.486022E-0002
 3.019776E-0001	 1.174169E+0000	-3.300000E-0005	 5.481571E-0002
 3.022848E-0001	 1.144841E+0000	-3.300000E-0005	 5.468836E-0002
 3.025920E-0001	 1.115478E+0000	-3.300000E-0005	 5.475681E-0002
 3.028992E-0001	 1.086115E+0000	-3.300000E-0005	 5.476502E-0002
 3.032064E-0001	 1.056752E+0000	-3.300000E-0005	 5.482213E-0002
 3.035136E-0001	 1.027424E+0000	-3.300000E-0005	 5.471415E-0002
 3.038208E-0001	 9.980609E-0001	-3.300000E-0005	 5.465145E-0002
 3.041280E-0001	 9.686979E-0001	-3.300000E-0005	 5.467198E-0002
 3.044352E-0001	 9.393349E-0001	-3.300000E-0005	 5.458789E-0002
 3.047424E-0001	 9.100070E-0001	-3.300000E-0005	 5.454435E-0002
 3.050496E-0001	 8.806440E-0001	-3.300000E-0005	 5.451690E-0002
 3.053568E-0001	 8.512810E-0001	-3.300000E-0005	 5.446144E-0002
 3.056640E-0001	 8.219180E-0001	-3.300000E-0005	 5.441222E-0002
 3.059712E-0001	 7.925902E-0001	-3.300000E-0005	 5.447835E-0002
 3.062784E-0001	 7.632272E-0001	-3.300000E-0005	 5.436527E-0002
 3.065856E-0001	 7.338642E-0001	-3.300000E-0005	 5.428322E-0002
 3.068928E-0001	 7.045012E-0001	-3.300000E-0005	 5.425101E-0002
 3.072000E-0001	 6.751733E-0001	-3.300000E-0005	 5.419563E-0002
 3.075072E-0001	 6.458103E-0001	-3.300000E-0005	 5.426016E-0002
 3.078144E-0001	 6.164473E-0001	-3.300000E-0005	 5.411974E-0002
 3.081216E-0001	 5.870843E-0001	-3.300000E-0005	 5.411780E-0002
 3.084288E-0001	 5.577564E-0001	-3.300000E-0005	 5.407124E-0002
 3.087360E-0001	 5.283934E-0001	-3.300000E-0005	 5.418284E-0002
 3.090432E-0001	 4.990304E-0001	-3.300000E-0005	 5.412433E-0002
 3.093504E-0001	 4.696674E-0001	-3.300000E-0005	 5.408042E-0002
 3.096576E-0001	 4.403396E-0001	-3.300000E-0005	 5.404548E-0002
 3.099648E-0001	 4.109766E-0001	-3.300000E-0005	 5.406411E-0002
 3.102720E-0001	 3.816136E-0001	-3.300000E-0005	 5.400370E-0002
 3.105792E-0001	 3.522506E-0001	-3.300000E-0005	 5.411243E-0002
 3.108864E-0001	 3.229227E-0001	-3.300000E-0005	 5.402359E-0002
 3.111936E-0001	 2.935597E-0001	-3.300000E-0005	 5.399154E-0002
 3.115008E-0001	 2.641967E-0001	-3.300000E-0005	 5.378268E-0002
 3.118080E-0001	 2.348337E-0001	-3.300000E-0005	 5.379691E-0002
 3.121152E-0001	 2.055058E-0001	-3.300000E-0005	 5.383820E-0002
 3.124224E-0001	 1.761429E-0001	-3.300000E-0005	 5.394674E-0002
 3.127296E-0001	 1.467799E-0001	-3.300000E-0005	 5.385640E-0002
 3.130368E-0001	 1.174168E-0001	-3.300000E-0005	 5.365378E-0002
 3.133440E-0001	 8.808899E-0002	-3.300000E-0005	 5.357419E-0002
 3.136512E-0001	 5.872599E-0002	-3.300000E-0005	 5.352303E-0002
 3.139584E-0001	 2.936300E-0002	-3.300000E-0005	 5.357088E-0002
 3.142656E-0001	 0.000000E+0000	-3.300000E-0005	 5.365315E-0002
