263033.17	34.035	0.0190631943525101
263033.81	34.715	0.0190053819912804
263034.45	34.784	0.0191169590573386
263035.09	34.622	0.0192149421279503
263035.73	34.813	0.0191101383910061
263036.37	34.837	0.019315848001609
263037.01	34.630	0.0191805936802805
263037.65	35.110	0.0192709699408916
263038.29	34.808	0.0193503045251199
263038.92	34.972	0.0192970453990761
263039.56	35.004	0.0193777116938185
263040.20	35.057	0.0194392219780276
263040.84	35.140	0.0194630317342791
263041.48	35.381	0.0194434509856903
263042.12	35.501	0.0194262868129086
263042.76	35.520	0.0195397686075905
263043.40	35.514	0.0195097341151945
263044.04	35.950	0.0195793345245657
263044.68	35.808	0.0196994949739248
263045.32	35.970	0.0197183903055293
263045.96	36.024	0.0196866410818382
263046.60	36.274	0.0197700678497143
263047.23	36.203	0.0197292048064941
263047.87	36.313	0.0198902974676117
263048.51	36.301	0.0197700968140397
263049.15	36.731	0.0198749221661521
263049.79	36.757	0.019944949907399
263050.43	36.767	0.0199596650816211
263051.07	36.584	0.0201232549431234
263051.71	36.488	0.0200657281182659
263052.35	36.769	0.0199547404978451
263052.99	37.059	0.0200185443675543
263053.63	37.216	0.0201756667545729
263054.27	36.835	0.0203244891331459
263054.91	37.222	0.0201460732116086
263055.55	37.289	0.0203181656156826
263056.18	37.487	0.0203603471841643
263056.82	37.269	0.0203947859832372
263057.46	37.676	0.0203018816125509
263058.10	37.926	0.0204537759388317
263058.74	37.689	0.0205474418118944
263059.38	37.839	0.0204920739100389
263060.02	38.116	0.0204389706293581
263060.66	38.264	0.020544280593542
263061.30	37.882	0.0205506190254714
263061.94	37.954	0.0205691291747782
263062.58	38.163	0.0206556015198567
263063.22	38.555	0.0207548594530902
263063.86	38.381	0.0207626508566274
263064.49	38.698	0.0207908162854273
263065.13	38.688	0.0208034522966182
263065.77	38.704	0.0208617127402851
263066.41	38.836	0.0208012505755831
263067.05	38.955	0.0209728229187097
263067.69	38.687	0.0209874648175116
263068.33	39.147	0.0209126430481047
263068.97	39.490	0.0210500699099911
263069.61	39.566	0.0210301625562104
263070.25	39.452	0.0211216223852044
263070.89	39.558	0.0210855148951448
263071.53	39.954	0.0211615229049837
263072.17	39.954	0.0213087628370912
263072.81	39.656	0.0214049408250047
263073.44	39.643	0.0212120059949727
263074.08	40.013	0.021323047653314
263074.72	39.926	0.0213210374426694
263075.36	40.020	0.0213773979130496
263076.00	40.210	0.0213773587895951
263076.64	40.407	0.0214401683615661
263077.28	40.649	0.0214581100319487
263077.92	40.677	0.0215339673840651
263078.56	40.782	0.0216992728414691
263079.20	40.663	0.0216139659862611
263079.84	40.763	0.0217042155819864
263080.48	41.036	0.0216731264855328
263081.12	41.230	0.0217489531441104
263081.75	41.140	0.0219131121329919
263082.39	41.133	0.0218181664258187
263083.03	41.487	0.0218404471250702
263083.67	41.395	0.0218813709069131
263084.31	41.729	0.0218966562892729
263084.95	42.011	0.021880799618017
263085.59	42.242	0.0220727600362655
263086.23	41.945	0.0221162877974241
263086.87	41.960	0.0220555312341309
263087.51	42.121	0.0221144109523674
263088.15	42.380	0.0222264732789521
263088.79	42.455	0.0223345439324214
263089.43	42.405	0.0222284804634732
263090.07	42.672	0.0222813334405061
263090.70	42.720	0.0223789838536789
263091.34	42.900	0.0223161198114841
263091.98	42.987	0.0224829469767309
263092.62	42.851	0.0224770151261158
263093.26	43.093	0.0225993245554995
263093.90	43.224	0.0224652562584514
263094.54	43.042	0.022646743046938
263095.18	42.905	0.0227368521440698
263095.82	43.234	0.0227604217558024
263096.46	43.368	0.0228127231137422
263097.10	43.237	0.0227631009559035
263097.74	43.566	0.0228262535605941
263098.38	43.668	0.0228269755072127
263099.01	43.802	0.022955625962346
263099.65	43.943	0.0230037326807407
263100.29	43.890	0.0230011377797957
263100.93	44.246	0.0230757120555264
263101.57	44.157	0.0231422258188756
263102.21	44.358	0.0231166330273974
263102.85	44.429	0.0231513826525894
263103.49	44.428	0.0232073270309814
263104.13	44.656	0.0232541331647042
263104.77	44.915	0.0232786959934165
263105.41	44.844	0.0232818485657017
263106.05	45.159	0.0233530422291225
263106.69	45.252	0.0234407676055029
263107.33	45.316	0.023406381115137
263107.96	45.430	0.0235224202003712
263108.60	45.522	0.0234941118953094
263109.24	46.003	0.0235282076616627
263109.88	45.821	0.0236966449407904
263110.52	45.803	0.0235852228554883
263111.16	45.836	0.0236052216414306
263111.80	46.103	0.0236616432827369
263112.44	46.207	0.0238481780776101
263113.08	46.170	0.0238952829329577
263113.72	46.652	0.0239424174010858
263114.36	46.637	0.0240679911531744
263115.00	46.539	0.024084635048857
263115.64	46.601	0.0240474502588131
263116.27	46.885	0.0241091879345919
263116.91	46.872	0.0241481771588789
263117.55	47.283	0.0240555645929636
263118.19	47.520	0.0242997509322149
263118.83	47.372	0.0242853171874831
263119.47	47.547	0.0243512214030883
263120.11	47.696	0.0243416121639036
263120.75	47.786	0.024374394376484
263121.39	47.876	0.0244975132939176
263122.03	48.048	0.0245550074798711
263122.67	48.101	0.0246711593962835
263123.31	48.285	0.0246167382387961
263123.95	48.353	0.024651297434356
263124.59	48.385	0.0247701791303631
263125.22	48.540	0.0247899399333033
263125.86	48.674	0.0248066815295462
263126.50	48.907	0.0248222476929412
263127.14	49.164	0.024950455037126
263127.78	49.315	0.0249583672694536
263128.42	49.429	0.0251190552946221
263129.06	49.198	0.0250596336841182
263129.70	49.633	0.0250995772180822
263130.34	49.620	0.0250848114643665
263130.98	50.004	0.0251272900252596
263131.62	49.845	0.0253148805049487
263132.26	49.825	0.0252409905654439
263132.90	50.278	0.0252917846977036
263133.53	50.253	0.0254012780615452
263134.17	50.337	0.0253975764639872
263134.81	50.634	0.0255200220689307
263135.45	50.761	0.0255996475933232
263136.09	50.633	0.0256052878553191
263136.73	50.827	0.0256297279098759
263137.37	50.800	0.0255716503305321
263138.01	51.134	0.0256263680481275
263138.65	51.610	0.0257064725646478
263139.29	51.387	0.0258160407169714
263139.93	51.521	0.0258587475340409
263140.57	51.574	0.025990771900782
263141.21	51.778	0.0258966006650862
263141.85	52.192	0.0260626455773951
263142.48	52.062	0.026144852169025
263143.12	52.065	0.0261569490979204
263143.76	52.436	0.0261722688483977
263144.40	52.596	0.0263088713077682
263145.04	52.516	0.0262747787836902
263145.68	52.713	0.0264064603338632
263146.32	52.966	0.0265206290585912
263146.96	52.945	0.026561714089589
263147.60	53.089	0.0265591825210869
263148.24	53.507	0.0265036499116495
263148.88	53.572	0.0266652416670013
263149.52	53.500	0.0266403719029002
263150.16	53.715	0.0266791907996617
263150.79	53.867	0.0267734556290359
263151.43	53.779	0.0267941610148273
263152.07	54.141	0.0269237973377832
263152.71	54.491	0.0270499546994138
263153.35	54.467	0.0270659289571849
263153.99	54.553	0.0269141487589923
263154.63	55.070	0.0269942958573941
263155.27	55.177	0.0271790975480792
263155.91	55.238	0.0271393217478206
263156.55	55.362	0.0272662073244686
263157.19	55.197	0.0272405892432437
263157.83	55.496	0.0273533495236103
263158.47	55.722	0.0274374859174591
263159.11	55.875	0.0274895825797558
263159.74	56.103	0.0275400453514867
263160.38	56.274	0.0275681651722817
263161.02	56.293	0.0276105358734853
263161.66	56.494	0.0276663663399408
263162.30	56.591	0.0278821691533448
263162.94	56.668	0.0278597719483366
263163.58	57.037	0.0278398470862697
263164.22	57.313	0.0279062782796762
263164.86	57.404	0.0279245833010366
263165.50	57.500	0.0280543893030631
263166.14	57.749	0.0280798325175771
263166.78	57.887	0.0281049999225446
263167.42	57.899	0.02809506818505
263168.05	58.032	0.0282533441735966
263168.69	58.364	0.0283598222214712
263169.33	58.336	0.0282642462159926
263169.97	58.513	0.0283899440391468
263170.61	58.778	0.0285165447278777
263171.25	58.991	0.028602370347123
263171.89	59.081	0.0286732408637789
263172.53	59.420	0.0286390636082414
263173.17	59.628	0.0287739416094912
263173.81	59.786	0.0288762103195063
263174.45	59.875	0.028839265890133
263175.09	59.927	0.0288252203538224
263175.73	60.075	0.0288546982556368
263176.37	60.162	0.0289947546027374
263177.00	60.521	0.0289898896768257
263177.64	60.865	0.0290977078651301
263178.28	60.813	0.0290514691295731
263178.92	60.972	0.0291833640214565
263179.56	61.122	0.029323283760694
263180.20	61.332	0.0293570045038786
263180.84	61.387	0.0294761237505845
263181.48	61.478	0.0295299085575194
263182.12	61.714	0.0295239343411745
263182.76	62.261	0.0295997313869716
263183.40	62.373	0.0297333701906271
263184.04	62.323	0.0298117258238866
263184.68	62.505	0.0299143686924636
263185.31	62.534	0.0298989175217636
263185.95	63.018	0.0298176652398107
263186.59	62.973	0.0300142562755474
263187.23	63.262	0.0300376348091929
263187.87	63.402	0.0301717703294142
263188.51	63.532	0.0303243675809655
263189.15	63.731	0.0303029521368979
263189.79	63.970	0.0302556077854864
263190.43	64.085	0.0303676575752736
263191.07	64.264	0.0303603497030495
263191.71	64.495	0.0304901820755811
263192.35	64.777	0.0305824325874287
263192.99	64.870	0.0306761920541699
263193.63	64.845	0.0306659842909771
263194.26	65.207	0.0307608191123373
263194.90	65.435	0.0307126283109382
263195.54	65.543	0.0309063507977002
263196.18	65.662	0.0308764970081105
263196.82	66.123	0.0310792418822401
263197.46	66.078	0.0310564962407202
263198.10	66.394	0.0312068437855629
263198.74	66.408	0.0313139864998604
263199.38	66.486	0.031261905184333
263200.02	66.832	0.031448626518108
263200.66	66.856	0.0314555777400565
263201.30	66.969	0.0314807272044344
263201.94	67.363	0.0315545434362156
263202.57	67.572	0.03155527640657
263203.21	68.102	0.0316670002396204
263203.85	68.133	0.031752520220387
263204.49	68.101	0.0318181704577657
263205.13	68.245	0.031784361308543
263205.77	68.593	0.0318577588545158
263206.41	68.869	0.0319765486860579
263207.05	68.891	0.0320898694477366
263207.69	69.035	0.0321500134371624
263208.33	69.197	0.0322488511715256
263208.97	69.465	0.0322834618111859
263209.61	69.635	0.0324263724412503
263210.25	69.734	0.0325253437573531
263210.89	69.958	0.0325995332830895
263211.52	69.987	0.032640595402009
263212.16	70.212	0.0325621718971213
263212.80	70.670	0.0325494265131792
263213.44	70.980	0.0328124880819286
263214.08	70.896	0.0328916315880698
263214.72	71.049	0.0328967634613091
263215.36	71.391	0.0329121262259711
263216.00	71.768	0.0331638227554212
263216.64	71.763	0.0332710897569359
263217.28	71.765	0.0332075281932625
263217.92	72.007	0.0332397073426495
263218.56	72.309	0.0333336980916907
263219.20	72.634	0.0333702188637667
263219.83	72.835	0.0335023638431465
263220.47	73.003	0.0336080976807792
263221.11	73.214	0.0337591630653587
263221.75	73.317	0.0336623984417796
263222.39	73.681	0.0337708004557776
263223.03	73.778	0.033904264608874
263223.67	74.039	0.0338929272369899
263224.31	74.324	0.0340908774345044
263224.95	74.483	0.0341998349583258
263225.59	74.528	0.0342258591885616
263226.23	74.735	0.0341344737157463
263226.87	74.977	0.0343501185222706
263227.51	75.352	0.0344064195509383
263228.15	75.229	0.0345021358388586
263228.78	75.442	0.0345085414939611
263229.42	75.841	0.0344909575546126
263230.06	76.117	0.034728760934688
263230.70	76.263	0.0348183419732602
263231.34	76.235	0.0349734861400831
263231.98	76.476	0.0348698980401997
263232.62	76.869	0.0349531979270383
263233.26	77.016	0.0350282607055709
263233.90	77.305	0.0351531306677822
263234.54	77.444	0.0352839674971811
263235.18	77.481	0.035356124980953
263235.82	77.779	0.0353025857223291
263236.46	78.113	0.0353657411369915
263237.09	78.450	0.0354332781624043
263237.73	78.427	0.0354706845079224
263238.37	78.527	0.0356261014581683
263239.01	78.852	0.0358216653411111
263239.65	79.078	0.0359964198693034
263240.29	79.209	0.0359273881550081
263240.93	79.315	0.0359485606445848
263241.57	79.712	0.0361208508274481
263242.21	79.978	0.036163679121763
263242.85	79.996	0.0362507739836863
263243.49	80.174	0.0363393516461496
263244.13	80.562	0.0363582679444673
263244.77	80.692	0.0364094157008792
263245.41	80.783	0.0364213876941023
263246.04	81.307	0.0365441942723551
263246.68	81.387	0.0366122347150357
263247.32	81.452	0.0368689245644967
263247.96	81.742	0.0369577425876306
263248.60	82.003	0.0369867948867827
263249.24	82.238	0.036997010431436
263249.88	82.306	0.037165131912956
263250.52	82.683	0.0371388361962073
263251.16	82.918	0.0373087035348646
263251.80	83.056	0.0373857626903341
263252.44	83.205	0.0373941536986379
263253.08	83.524	0.0373787595919819
263253.72	83.706	0.0375775201421531
263254.35	83.898	0.0376758114450637
263254.99	84.028	0.0378225328292856
263255.63	84.279	0.0378033195385565
263256.27	84.634	0.0379625900409929
263256.91	84.699	0.0379334134546236
263257.55	85.143	0.0380650452899098
263258.19	85.306	0.0381341429304681
263258.83	85.528	0.0381702048125228
263259.47	85.694	0.0383133864967967
263260.11	85.822	0.0384962430384936
263260.75	86.034	0.0384714139109087
263261.39	86.370	0.0384159716528746
263262.03	86.642	0.0385972448834992
263262.67	86.704	0.0387519859274347
263263.30	86.994	0.0388260788333692
263263.94	87.133	0.0389874699999599
263264.58	87.481	0.0389851720914262
263265.22	87.768	0.0391435001725282
263265.86	87.895	0.0391361693882258
263266.50	88.196	0.0392562334339346
263267.14	88.388	0.0393429519757792
263267.78	88.732	0.0393786656374738
263268.42	88.898	0.0394378209491052
263269.06	89.165	0.0395308662506883
263269.70	89.444	0.0396623128439828
263270.34	89.719	0.0396298870655263
263270.98	89.801	0.0397572940000318
263271.61	90.029	0.0398750024247078
263272.25	90.297	0.0399851457566578
263272.89	90.561	0.0400898409854575
263273.53	90.822	0.0402673977040581
263274.17	91.018	0.0403896613092851
263274.81	91.147	0.0403666830885552
263275.45	91.252	0.0404136880818256
263276.09	91.504	0.0405538110036444
263276.73	91.646	0.0405554046899974
263277.37	92.159	0.0407355720886157
263278.01	92.214	0.040808161227297
263278.65	92.439	0.0408393774209397
263279.29	92.829	0.0409575561916762
263279.93	93.020	0.0409739007172789
263280.56	93.250	0.0411686445207394
263281.20	93.364	0.0412093316164903
263281.84	93.765	0.0413119085588042
263282.48	94.008	0.0414332617331458
263283.12	94.239	0.0415241803183275
263283.76	94.294	0.0416865046117304
263284.40	94.554	0.0417070104895192
263285.04	94.899	0.0417397168328591
263285.68	95.070	0.0418433362747364
263286.32	95.357	0.0420365633418428
263286.96	95.490	0.0421279045035633
263287.60	95.724	0.0420961760304337
263288.24	96.121	0.0421820074857744
263288.87	96.339	0.0422938244801998
263289.51	96.529	0.0423556911985329
263290.15	96.810	0.0424487877280647
263290.79	97.078	0.0426265379024209
263291.43	97.376	0.0426254327188697
263292.07	97.468	0.0426807744663716
263292.71	97.704	0.0428148319558356
263293.35	97.890	0.0429661993043151
263293.99	98.191	0.0430482954424354
263294.63	98.427	0.043130673658501
263295.27	98.779	0.0432941563087689
263295.91	98.927	0.0433489192020658
263296.55	99.224	0.0432864753587412
263297.19	99.457	0.043403476535113
263297.82	99.666	0.0435419128253554
263298.46	99.884	0.0435690409422323
263299.10	100.175	0.0437315442092281
263299.74	100.338	0.0437986420144226
263300.38	100.583	0.0438861311370142
263301.02	101.052	0.0439987390304449
263301.66	101.320	0.0440966563909452
263302.30	101.505	0.0442508836423322
263302.94	101.612	0.0443035946077098
263303.58	101.838	0.0442827675285213
263304.22	102.064	0.0444173459435394
263304.86	102.327	0.0444493082927892
263305.50	102.574	0.0445870738643617
263306.13	102.943	0.0446493428409754
263306.77	103.099	0.0448452419751773
263307.41	103.468	0.0448658356105491
263308.05	103.694	0.0450273986177272
263308.69	104.004	0.0450705466003801
263309.33	104.143	0.0452175619508898
263309.97	104.230	0.0453149006733368
263310.61	104.512	0.0454199123481993
263311.25	104.917	0.0454842468702883
263311.89	105.166	0.0455423879982266
263312.53	105.303	0.0456999645199295
263313.17	105.608	0.0456685118563465
263313.81	105.877	0.0458081609736778
263314.45	106.178	0.0459800815371645
263315.08	106.362	0.0460256266419732
263315.72	106.687	0.0461866665620803
263316.36	106.902	0.0461844008601473
263317.00	107.109	0.0463239213672277
263317.64	107.420	0.0462975876077829
263318.28	107.677	0.0464119268761882
263318.92	107.950	0.0464863757839433
263319.56	108.183	0.0465764239263007
263320.20	108.528	0.0466651600279471
263320.84	108.920	0.0467230145387549
263321.48	109.054	0.0468624064355844
263322.12	109.200	0.0470099159088396
263322.76	109.469	0.047098739768069
263323.39	109.811	0.0471834666883136
263324.03	110.147	0.0472384790206518
263324.67	110.344	0.0473290664614564
263325.31	110.528	0.0474964813431272
263325.95	110.722	0.0476423463343841
263326.59	111.070	0.0477643274293626
263327.23	111.244	0.0478427010032117
263327.87	111.512	0.047856210051047
263328.51	111.829	0.0480417563842774
263329.15	112.029	0.0480610386273931
263329.79	112.389	0.0481490315995561
263330.43	112.666	0.0482256502378972
263331.07	112.903	0.0483417089929346
263331.71	113.010	0.0486274027235707
263332.34	113.429	0.0486874779767616
263332.98	113.604	0.0487749861207013
263333.62	113.788	0.0487785340344132
263334.26	114.031	0.0487854377029916
263334.90	114.331	0.0489960976194207
263335.54	114.669	0.0490293032731466
263336.18	114.850	0.0491822837616304
263336.82	115.066	0.0492565964938257
263337.46	115.411	0.0493116684840283
263338.10	115.742	0.0493674144351759
263338.74	116.146	0.0494540960150828
263339.38	116.347	0.049650349421892
263340.02	116.532	0.0497220713600242
263340.65	116.715	0.049828186056921
263341.29	117.055	0.0499175010127723
263341.93	117.331	0.0499493414524733
263342.57	117.624	0.050093048385335
263343.21	117.877	0.0502255374781928
263343.85	118.196	0.0503850267261317
263344.49	118.522	0.0503545783032642
263345.13	118.833	0.0505020713489916
263345.77	119.072	0.0506223833206799
263346.41	119.292	0.0508248370384935
263347.05	119.572	0.0508621320658953
263347.69	119.885	0.0507870329738801
263348.33	119.997	0.0508298902325204
263348.97	120.348	0.0509214486266815
263349.60	120.780	0.051055114016994
263350.24	121.195	0.0513871593143653
263350.88	121.304	0.0514144210129818
263351.52	121.374	0.0515150056852407
263352.16	121.582	0.0516613183266315
263352.80	122.026	0.0516974993082632
263353.44	122.197	0.0518028641749743
263354.08	122.398	0.0519556808204831
263354.72	122.738	0.0520151865139913
263355.36	122.975	0.051979107339802
263356.00	123.448	0.0520042593980001
263356.64	123.668	0.0522156282919468
263357.28	123.902	0.052315573371378
263357.91	124.124	0.0523371174256965
263358.55	124.303	0.0525283638949387
263359.19	124.738	0.0525789935357683
263359.83	125.031	0.0527055551010446
263360.47	125.227	0.0528000486188986
263361.11	125.605	0.0528718388609624
263361.75	125.792	0.0530749654589627
263362.39	126.058	0.0531175847346009
263363.03	126.354	0.0531262766260463
263363.67	126.638	0.0533713152513806
263364.31	126.809	0.0534061167529763
263364.95	127.052	0.0535546656996713
263365.59	127.484	0.0535327734249928
263366.23	127.774	0.0536468440168571
263366.86	128.026	0.0536704259492355
263367.50	128.372	0.0538217035947669
263368.14	128.601	0.0540319703312859
263368.78	128.973	0.0540545045764607
263369.42	129.098	0.0541557450529234
263370.06	129.375	0.0543107910868826
263370.70	129.867	0.0543461978131885
263371.34	130.132	0.0543686883957234
263371.98	130.343	0.0544930756912283
263372.62	130.628	0.0545973163530403
263373.26	130.832	0.0547444032497568
263373.90	131.085	0.0547376368374966
263374.54	131.379	0.0548228749564697
263375.17	131.764	0.054986521233561
263375.81	132.087	0.0551658140824731
263376.45	132.270	0.0552244337702359
263377.09	132.469	0.0553421296581143
263377.73	132.796	0.0553901535904147
263378.37	133.149	0.0555181616427485
263379.01	133.495	0.0555082082900856
263379.65	133.756	0.0557252652155499
263380.29	134.018	0.0558443743031267
263380.93	134.271	0.0558190169008306
263381.57	134.666	0.0559669158794172
263382.21	134.838	0.0561493241225251
263382.85	135.125	0.0561413358048053
263383.49	135.457	0.0562780670905784
263384.12	135.694	0.0564583665578746
263384.76	135.939	0.0565288006642841
263385.40	136.286	0.0565871304926411
263386.04	136.549	0.0567018622925012
263386.68	136.904	0.0568909587009604
263387.32	137.266	0.0569259938625246
263387.96	137.523	0.0568713027315861
263388.60	137.781	0.0569653235257111
263389.24	138.061	0.0570593002248929
263389.88	138.252	0.0572599114657672
263390.52	138.563	0.0572013652695764
263391.16	138.916	0.0573311306350866
263391.80	139.239	0.0574738004721769
263392.44	139.480	0.0574780664417772
263393.07	139.754	0.0575707520669611
263393.71	140.008	0.057772236992935
263394.35	140.304	0.057799093623299
263394.99	140.736	0.0580224520187551
263395.63	140.995	0.0581150042783511
263396.27	141.271	0.0580548449421558
263396.91	141.573	0.0582160275223732
263397.55	141.885	0.0582832048713867
263398.19	142.100	0.0584686850622024
263398.83	142.321	0.0585346744415704
263399.47	142.613	0.0585069836818647
263400.11	143.006	0.0586848402028485
263400.75	143.420	0.0587395153385624
263401.38	143.825	0.0590253878266398
263402.02	143.924	0.0591872802489816
263402.66	144.310	0.0591352274654763
263403.30	144.688	0.0591576372072821
263403.94	144.920	0.0593066902197
263404.58	145.140	0.0594267897142848
263405.22	145.448	0.0594165923263727
263405.86	145.608	0.0595119297003941
263406.50	145.922	0.0596461741610632
263407.14	146.190	0.0596132957609842
263407.78	146.492	0.0596824919667097
263408.42	146.936	0.0597799547602223
263409.06	147.198	0.0599173736244965
263409.70	147.502	0.0600761389804516
263410.33	147.742	0.0601088649935947
263410.97	148.076	0.060194292677593
263411.61	148.382	0.0602990745832173
263412.25	148.641	0.0603865727841796
263412.89	148.995	0.0605371031933455
263413.53	149.253	0.0605938905632981
263414.17	149.633	0.0605898126456614
263414.81	150.002	0.0606536126246403
263415.45	150.239	0.0606979745151405
263416.09	150.424	0.0608759888268523
263416.73	150.665	0.0609784583417802
263417.37	151.028	0.0609827893730368
263418.01	151.281	0.0611247705508676
263418.64	151.688	0.0613096468138831
263419.28	152.074	0.0614066042447627
263419.92	152.396	0.0613607001120098
263420.56	152.569	0.0614532997088242
263421.20	152.911	0.0616012624521571
263421.84	153.174	0.061651040239207
263422.48	153.387	0.0616802661081599
263423.12	153.827	0.0617767382785129
263423.76	154.130	0.0619320026256711
263424.40	154.372	0.0620070137439516
263425.04	154.740	0.0620289125031806
263425.68	155.050	0.0621613559880335
263426.32	155.361	0.0621909722269244
263426.96	155.665	0.0622994825329153
263427.59	155.881	0.0623338739947698
263428.23	156.233	0.0624427431125531
263428.87	156.503	0.0625987501568915
263429.51	156.744	0.0626786329017858
263430.15	157.013	0.0627425580325887
263430.79	157.344	0.0628526237660848
263431.43	157.570	0.0630072441973817
263432.07	157.935	0.0630708969770649
263432.71	158.293	0.063075354240904
263433.35	158.552	0.0631211954735174
263433.99	158.861	0.0632181920278514
263434.63	159.172	0.0633627432491838
263435.27	159.479	0.063447403810862
263435.90	159.823	0.0634868849963777
263436.54	160.184	0.0634892622325788
263437.18	160.555	0.0635645037685525
263437.82	160.845	0.0636921411207513
263438.46	161.081	0.0637897420351888
263439.10	161.405	0.0637841607826023
263439.74	161.784	0.0639289076212071
263440.38	161.988	0.0639974646664082
263441.02	162.290	0.0640539775237244
263441.66	162.525	0.0641067606837639
263442.30	162.884	0.0641602111040464
263442.94	163.275	0.0641935555271523
263443.58	163.751	0.0642437009882137
263444.22	163.965	0.0642712475747474
263444.85	164.182	0.064370229266131
263445.49	164.484	0.0644631007817616
263446.13	164.861	0.0644584290954538
263446.77	165.138	0.0646314907236709
263447.41	165.480	0.0646550838959368
263448.05	165.760	0.0646969152986933
263448.69	166.065	0.0648654195848425
263449.33	166.435	0.0650172402033996
263449.97	166.695	0.0650639791139492
263450.61	166.898	0.0651454172863488
263451.25	167.183	0.0652002327045046
263451.89	167.607	0.0653314471508924
263452.53	167.919	0.0653080748856457
263453.16	168.203	0.0654001338871028
263453.80	168.529	0.0654084814489184
263454.44	168.860	0.0655462318898732
263455.08	169.160	0.0656715594451957
263455.72	169.499	0.0656263227888375
263456.36	169.741	0.0656105731126643
263457.00	170.015	0.0657152609923068
263457.64	170.340	0.0657687846880096
263458.28	170.627	0.0659079210935507
263458.92	170.918	0.0660701632493143
263459.56	171.339	0.0660449590985608
263460.20	171.690	0.0659810361292748
263460.84	171.993	0.0660979886715181
263461.48	172.264	0.0662112880341802
263462.11	172.585	0.0662771838198698
263462.75	172.833	0.0662661144760717
263463.39	173.148	0.0663043482502294
263464.03	173.553	0.0664221561046792
263464.67	173.842	0.0664996482119682
263465.31	174.107	0.0666072294980289
263465.95	174.404	0.0666865428993923
263466.59	174.740	0.0667531686293128
263467.23	175.081	0.0667869224437048
263467.87	175.346	0.0669503393838613
263468.51	175.595	0.0669915242769363
263469.15	175.877	0.0669841904665103
263469.79	176.293	0.0671161968926617
263470.42	176.621	0.0671199395590393
263471.06	176.854	0.0671831299902743
263471.70	177.258	0.0673455539296027
263472.34	177.572	0.067295839907299
263472.98	177.805	0.0673263801946314
263473.62	178.136	0.0673580650051212
263474.26	178.460	0.0674164789164825
263474.90	178.778	0.0674900764027613
263475.54	179.123	0.0676619865909673
263476.18	179.414	0.0675804680101419
263476.82	179.609	0.067562041511536
263477.46	179.970	0.0677110175739551
263478.10	-179.659	0.0677467446370541
263478.74	-179.310	0.0678030633901597
263479.37	-178.913	0.0678982812323008
263480.01	-178.699	0.0679615202976643
263480.65	-178.342	0.0680011225281221
263481.29	-177.994	0.0680784628969302
263481.93	-177.732	0.0680588495094373
263482.57	-177.519	0.0681944576710695
263483.21	-177.208	0.0682954592999235
263483.85	-176.763	0.0682753051009217
263484.49	-176.519	0.0682688391394997
263485.13	-176.177	0.0682916695124791
263485.77	-175.940	0.0683678450398717
263486.41	-175.651	0.0684369993121708
263487.05	-175.282	0.0685021253817201
263487.68	-174.924	0.0685157569875593
263488.32	-174.674	0.0685360586020084
263488.96	-174.396	0.0685627695461386
263489.60	-173.968	0.0687112035001387
263490.24	-173.682	0.0687037190319902
263490.88	-173.393	0.0686826972001359
263491.52	-173.084	0.0687044597838051
263492.16	-172.895	0.068713288066962
263492.80	-172.520	0.0687509304501171
263493.44	-172.270	0.0688294019406783
263494.08	-171.907	0.0688325264132447
263494.72	-171.629	0.0689041097981486
263495.36	-171.254	0.0690434781344448
263496.00	-170.869	0.0690804085139587
263496.63	-170.520	0.0691535646185024
263497.27	-170.238	0.0692171769778211
263497.91	-169.947	0.0692628165409149
263498.55	-169.702	0.0691823942814217
263499.19	-169.332	0.0692646791199606
263499.83	-169.096	0.0693152076018029
263500.47	-168.674	0.0692581001112089
263501.11	-168.336	0.0693922278499696
263501.75	-167.959	0.0693023169639304
263502.39	-167.729	0.0693468474527428
263503.03	-167.427	0.0694485900495633
263503.67	-167.101	0.0694777826311571
263504.31	-166.771	0.0694314552734104
263504.94	-166.465	0.0695553028381648
263505.58	-166.178	0.069506749334243
263506.22	-165.910	0.069547068323679
263506.86	-165.568	0.0695054586925485
263507.50	-165.207	0.0695911654283685
263508.14	-164.935	0.0694856101320253
263508.78	-164.707	0.0696601923873268
263509.42	-164.378	0.0697269996846604
263510.06	-164.012	0.0698651938850187
263510.70	-163.326	0.0697646053220295
263511.34	-163.219	0.0697004800347689
263511.98	-162.929	0.0697248740490175
263512.62	-162.673	0.0697654671187865
263513.26	-162.338	0.0697987492902079
263513.89	-161.997	0.0698623653241052
263514.53	-161.714	0.0699147704348525
263515.17	-161.325	0.0698539544298467
263515.81	-161.112	0.0698628198910929
263516.45	-160.872	0.0698090536732027
263517.09	-160.533	0.069799023370541
263517.73	-160.212	0.0698486842195308
263518.37	-159.831	0.0698735347461322
263519.01	-159.484	0.0698897908656969
263519.65	-159.219	0.0699704372744845
263520.29	-158.880	0.0700380335254582
263520.93	-158.589	0.0700209752670008
263521.57	-158.241	0.0700894158064452
263522.20	-157.941	0.0700614689069961
263522.84	-157.719	0.0700560921339009
263523.48	-157.316	0.0700732640881431
263524.12	-157.009	0.0701404825059763
263524.76	-156.720	0.0701664090356517
263525.40	-156.395	0.0702377014803913
263526.04	-156.053	0.0701868671439187
263526.68	-155.797	0.0701786557576629
263527.32	-155.517	0.0702900622800438
263527.96	-155.186	0.0703417227482459
263528.60	-154.889	0.0702411255391894
263529.24	-154.629	0.070249107156207
263529.88	-154.333	0.0702692159633555
263530.52	-154.051	0.07030698803752
263531.15	-153.660	0.070318056084408
263531.79	-153.320	0.0703422564267493
263532.43	-153.059	0.0703364458372278
263533.07	-152.677	0.0702377131525822
263533.71	-152.458	0.0702500188840026
263534.35	-152.183	0.0703622885000506
263534.99	-151.826	0.0704377933087733
263535.63	-151.499	0.0704018062152006
263536.27	-151.207	0.0703165497233346
263536.91	-150.922	0.0704395726694213
263537.55	-150.543	0.0703968900613403
263538.19	-150.317	0.0703378860558865
263538.83	-149.956	0.0704049581390308
263539.46	-149.651	0.0703834566665937
263540.10	-149.324	0.0705127493083749
263540.74	-149.070	0.0704999265421306
263541.38	-148.725	0.0704442158237071
263542.02	-148.415	0.0703192665338284
263542.66	-148.121	0.0703065131522741
263543.30	-147.824	0.0703889484323838
263543.94	-147.520	0.0703797423160864
263544.58	-147.231	0.070419156278429
263545.22	-146.911	0.0703207311776271
263545.86	-146.646	0.0703495852656866
263546.50	-146.359	0.0704123051347094
263547.14	-146.043	0.0704831659245396
263547.78	-145.765	0.0703895525763356
263548.41	-145.480	0.0704506370417308
263549.05	-145.229	0.070420671069418
263549.69	-144.852	0.0703916715112764
263550.33	-144.536	0.0705008603173978
263550.97	-144.107	0.0704096360937373
263551.61	-143.873	0.0703985336787318
263552.25	-143.563	0.0703939037096987
263552.89	-143.332	0.0703588121325455
263553.53	-142.975	0.0704856840916375
263554.17	-142.727	0.0704863902591833
263554.81	-142.404	0.0704613341723321
263555.45	-142.084	0.070441545485825
263556.09	-141.697	0.0702912738102226
263556.72	-141.377	0.0703031409698798
263557.36	-141.096	0.0704063263791792
263558.00	-140.803	0.0703788614979814
263558.64	-140.600	0.0704116968838756
263559.28	-140.251	0.0703293549812926
263559.92	-139.965	0.0702477438875472
263560.56	-139.650	0.070217952349642
263561.20	-139.309	0.0702352967929267
263561.84	-139.014	0.0702359247135635
263562.48	-138.759	0.0702269974329362
263563.12	-138.433	0.0702541391673691
263563.76	-138.097	0.0703024693866032
263564.40	-137.777	0.0702466361101759
263565.04	-137.516	0.0702323469709194
263565.67	-137.158	0.0703099175412691
263566.31	-136.856	0.0701842240411485
263566.95	-136.623	0.0702120596224814
263567.59	-136.278	0.0701453636432641
263568.23	-136.027	0.0700674143751672
263568.87	-135.660	0.0700194202717989
263569.51	-135.407	0.0699324157612788
263570.15	-135.186	0.0699442831370877
263570.79	-134.934	0.0699715223559293
263571.43	-134.645	0.0700763038292501
263572.07	-134.308	0.0701915894097202
263572.71	-133.975	0.070117356869799
263573.35	-133.672	0.0701506651955739
263573.98	-133.345	0.0700384353514354
263574.62	-133.159	0.0699721742694028
263575.26	-132.730	0.070003322159114
263575.90	-132.423	0.069937023250537
263576.54	-132.206	0.0699102928527554
263577.18	-131.896	0.0699899540421755
263577.82	-131.560	0.0699655176621972
263578.46	-131.296	0.0699257995744378
263579.10	-130.968	0.0699239019788195
263579.74	-130.694	0.0699184372319897
263580.38	-130.337	0.069868228006182
263581.02	-130.097	0.069754197402379
263581.66	-129.802	0.0696621809828032
263582.30	-129.499	0.0696683534102407
263582.93	-129.226	0.0697292396645433
263583.57	-128.980	0.0696704928795913
263584.21	-128.658	0.0697209364138225
263584.85	-128.310	0.0696740943989204
263585.49	-128.043	0.0695278061826697
263586.13	-127.847	0.0696236636176385
263586.77	-127.536	0.0695382739763362
263587.41	-127.211	0.0695346720247037
263588.05	-126.843	0.0694165812277019
263588.69	-126.694	0.0694362864796597
263589.33	-126.361	0.0694549286976444
263589.97	-126.104	0.0695526463339904
263590.61	-125.740	0.0695469412264899
263591.24	-125.401	0.0694215488256627
263591.88	-125.211	0.0694233316447376
263592.52	-124.858	0.069369444598057
263593.16	-124.622	0.0692897220215591
263593.80	-124.296	0.0693734226536166
263594.44	-124.064	0.0692505015149722
263595.08	-123.721	0.0692082641793564
263595.72	-123.420	0.0692225712592025
263596.36	-123.078	0.0691865625504616
263597.00	-122.805	0.0691061506662492
263597.64	-122.563	0.069040387165389
263598.28	-122.343	0.0689702018495657
263598.92	-122.075	0.0690553660446635
263599.56	-121.704	0.0689424717502539
263600.19	-121.555	0.0689832133162286
263600.83	-121.188	0.0690048068692823
263601.47	-120.759	0.068813285671252
263602.11	-120.581	0.0686989587234926
263602.75	-120.345	0.0687953154688473
263603.39	-120.043	0.0687582058995889
263604.03	-119.684	0.0686914027091373
263604.67	-119.406	0.0686513560708209
263605.31	-119.082	0.068581607165244
263605.95	-118.873	0.0685255897275834
263606.59	-118.602	0.068676023084644
263607.23	-118.272	0.0685922768445817
263607.87	-118.070	0.0685686787008271
263608.50	-117.710	0.0685397236699321
263609.14	-117.593	0.0684124691223625
263609.78	-117.254	0.0684168915857807
263610.42	-116.876	0.0684079204263619
263611.06	-116.665	0.0682640857478561
263611.70	-116.458	0.0682310100012912
263612.34	-116.151	0.0683067661944203
263612.98	-115.785	0.0681847481375042
263613.62	-115.572	0.0680667094330578
263614.26	-115.243	0.0680776181761561
263614.90	-115.054	0.0680251419515053
263615.54	-114.844	0.0680814687022231
263616.18	-114.379	0.0681173014634947
263616.82	-114.065	0.0679509254068086
263617.45	-113.832	0.0679106872581017
263618.09	-113.554	0.0678906787453337
263618.73	-113.354	0.0676472124073359
263619.37	-113.104	0.0677536891583004
263620.01	-112.752	0.0677310857445874
263620.65	-112.440	0.0676514550325545
263621.29	-112.101	0.0676001375970721
263621.93	-111.804	0.0675367065890148
263622.57	-111.361	0.0672435162857359
263623.21	-111.261	0.0672069486087448
263623.85	-111.099	0.0672255080406352
263624.49	-110.808	0.067311767260155
263625.13	-110.525	0.0671479776744984
263625.76	-110.186	0.067146582847693
263626.40	-109.986	0.0671184876681899
263627.04	-109.656	0.0670756632646052
263627.68	-109.462	0.0669180013629878
263628.32	-109.170	0.0669305937115389
263628.96	-108.905	0.0668722945767208
263629.60	-108.621	0.0668624415184385
263630.24	-108.380	0.0668148820961032
263630.88	-108.102	0.0667947378400788
263631.52	-107.807	0.0667009861547982
263632.16	-107.531	0.0667525932335347
263632.80	-107.190	0.0666130286315112
263633.44	-106.983	0.0665904377545957
263634.08	-106.715	0.0666178003960478
263634.71	-106.412	0.0666373539095247
263635.35	-106.104	0.0664163318976018
263635.99	-105.971	0.0663782690994248
263636.63	-105.643	0.0664243982460788
263637.27	-105.406	0.0664090125693385
263637.91	-105.143	0.0663558098588838
263638.55	-104.783	0.066216367166409
263639.19	-104.411	0.0660878870388013
263639.83	-104.266	0.0660579457077802
263640.47	-103.987	0.0660399541063591
263641.11	-103.732	0.0659797011764854
263641.75	-103.486	0.065965214042288
263642.39	-103.292	0.0659082965490227
263643.02	-102.993	0.0658719281638826
263643.66	-102.661	0.0658394204639386
263644.30	-102.393	0.0657593805767713
263644.94	-102.216	0.065665632782221
263645.58	-101.914	0.0656066890830865
263646.22	-101.502	0.065502366499787
263646.86	-101.362	0.0653569061444792
263647.50	-101.178	0.0653571041394201
263648.14	-100.963	0.0654030757114978
263648.78	-100.705	0.06542624695568
263649.42	-100.345	0.0654134987617661
263650.06	-100.067	0.0652512120787559
263650.70	-99.850	0.0652305019376275
263651.34	-99.594	0.0651726018188148
263651.97	-99.378	0.0651185329885695
263652.61	-99.028	0.065027173453956
263653.25	-98.832	0.0649942122677827
263653.89	-98.611	0.0649376663392591
263654.53	-98.384	0.0649192348691646
263655.17	-98.145	0.0649293609270215
263655.81	-97.823	0.065001485339586
263656.45	-97.471	0.064867840699835
263657.09	-97.220	0.0647044875244248
263657.73	-96.935	0.0646164634264196
263658.37	-96.760	0.0645498245112465
263659.01	-96.505	0.0645868813394945
263659.65	-96.259	0.064431803531238
263660.28	-95.989	0.0643875808424211
263660.92	-95.697	0.0643884061095438
263661.56	-95.407	0.0642733665096882
263662.20	-95.131	0.0641336397939029
263662.84	-94.925	0.0641161743056762
263663.48	-94.682	0.0640603626444172
263664.12	-94.455	0.0640404319462548
263664.76	-94.262	0.0639747190248883
263665.40	-94.069	0.0638668870028762
263666.04	-93.817	0.0639278419934137
263666.68	-93.444	0.0638669972402342
263667.32	-93.309	0.0637655140254322
263667.96	-92.967	0.0637940998692541
263668.60	-92.686	0.0635613695691604
263669.23	-92.459	0.0636288130008947
263669.87	-92.212	0.0635274354842654
263670.51	-91.956	0.0633984437256259
263671.15	-91.749	0.0634066440881459
263671.79	-91.437	0.0634022510213565
263672.43	-91.153	0.0633457293018213
263673.07	-90.822	0.0631883071124195
263673.71	-90.626	0.0631814935790926
263674.35	-90.408	0.0630861793333012
263674.99	-90.175	0.0630339616260624
263675.63	-89.939	0.0629262554043294
263676.27	-89.795	0.063020313160392
263676.91	-89.406	0.0629416380549462
263677.54	-89.231	0.0628490233275141
263678.18	-88.885	0.0628158420989283
263678.82	-88.755	0.0628009403858044
263679.46	-88.499	0.0626775350673918
263680.10	-88.309	0.062685843505753
263680.74	-88.014	0.0627348105078429
263681.38	-87.652	0.0624919679836
263682.02	-87.542	0.0624711752725289
263682.66	-87.215	0.0623559288155133
263683.30	-87.041	0.0622825701768434
263683.94	-86.763	0.0622599730315292
263684.58	-86.513	0.0621558445524403
263685.22	-86.290	0.0620381981632971
263685.86	-86.108	0.0618929051093913
263686.49	-85.941	0.0620828628823041
263687.13	-85.564	0.0619571481993187
263687.77	-85.311	0.0619198514427034
263688.41	-85.063	0.0618127054861308
263689.05	-84.796	0.0617185686185525
263689.69	-84.536	0.0617614637037372
263690.33	-84.238	0.0616988577466509
263690.97	-84.116	0.0614492189812156
263691.61	-83.864	0.0615118951875986
263692.25	-83.640	0.0613898790760476
263692.89	-83.483	0.0613635907084561
263693.53	-83.127	0.061377852396449
263694.17	-82.872	0.0612612846042
263694.80	-82.629	0.0611551232185399
263695.44	-82.489	0.0610863353233421
263696.08	-82.280	0.0611012024521968
263696.72	-82.025	0.0609461129717495
263697.36	-81.762	0.0609329227476455
263698.00	-81.560	0.0608689563318713
263698.64	-81.342	0.060814504480845
263699.28	-81.146	0.0607827165660028
263699.92	-80.846	0.0607370149673762
263700.56	-80.591	0.0606570345219215
263701.20	-80.271	0.0605657981937668
263701.84	-80.100	0.0605142622289337
263702.48	-79.840	0.0603778342039708
263703.12	-79.638	0.0603909701740026
263703.75	-79.435	0.0601994751303259
263704.39	-79.199	0.0602050012642335
263705.03	-78.983	0.0602409548542954
263705.67	-78.757	0.0601093202090374
263706.31	-78.501	0.0600431611505988
263706.95	-78.318	0.0599852616802412
263707.59	-78.046	0.0600694322260557
263708.23	-77.862	0.0599580241906131
263708.87	-77.595	0.0600052144258751
263709.51	-77.246	0.059926946982502
263710.15	-77.074	0.0597635719757719
263710.79	-76.895	0.0596886676364224
263711.43	-76.552	0.0596315007041158
263712.06	-76.484	0.0595368266996071
263712.70	-76.309	0.059519675063623
263713.34	-76.034	0.0594868995517448
263713.98	-75.785	0.0594759791364557
263714.62	-75.466	0.0594710826523984
263715.26	-75.199	0.0592466201541496
263715.90	-75.118	0.0591924432480631
263716.54	-74.850	0.059054895773538
263717.18	-74.602	0.0590748630013347
263717.82	-74.412	0.0589221226573697
263718.46	-74.264	0.0589089923072816
263719.10	-74.045	0.0589416517457065
263719.74	-73.759	0.0589126072280151
263720.38	-73.512	0.0587675806891335
263721.01	-73.315	0.0587073061440916
263721.65	-72.963	0.0587175856696429
263722.29	-72.839	0.0585879277315188
263722.93	-72.554	0.0585523848296531
263723.57	-72.246	0.0584213091526453
263724.21	-72.263	0.0582927226784099
263724.85	-71.962	0.0582798581948909
263725.49	-71.543	0.0580912734174636
263726.13	-71.541	0.0579731821881584
263726.77	-71.239	0.0580022396749508
263727.41	-71.066	0.0580119604484035
263728.05	-70.886	0.057924913356002
263728.69	-70.610	0.057840611173813
263729.32	-70.435	0.0576993618855782
263729.96	-70.264	0.0576937242174025
263730.60	-70.039	0.0577232189790481
263731.24	-69.720	0.0575586715655936
263731.88	-69.533	0.0575326903495425
263732.52	-69.346	0.0574952113770592
263733.16	-69.185	0.0573698635034785
263733.80	-69.039	0.05738250859304
263734.44	-68.668	0.0573276397854187
263735.08	-68.392	0.057279203868012
263735.72	-68.231	0.0571402531367659
263736.36	-68.038	0.0570923550047446
263737.00	-67.845	0.0571414318118891
263737.64	-67.552	0.0569479416881854
263738.27	-67.411	0.0568815435659863
263738.91	-67.251	0.0569273508627856
263739.55	-67.020	0.0567844761139005
263740.19	-66.881	0.0567916713710982
263740.83	-66.532	0.0567963415443442
263741.47	-66.257	0.0567286445666866
263742.11	-65.992	0.0565544193939641
263742.75	-65.925	0.0564764344608396
263743.39	-65.743	0.0564826077528838
263744.03	-65.486	0.0564223208871961
263744.67	-65.194	0.056357878937721
263745.31	-65.063	0.0561513572452481
263745.95	-65.001	0.056260990459228
263746.58	-64.723	0.0562238986144075
263747.22	-64.457	0.0561896240906131
263747.86	-64.110	0.0560907755486658
263748.50	-63.856	0.0559836855753788
263749.14	-63.669	0.0558670445077096
263749.78	-63.630	0.0557858793348846
263750.42	-63.359	0.0558898370541445
263751.06	-63.178	0.0556282340769467
263751.70	-63.003	0.0557737733276185
263752.34	-62.773	0.055587246962661
263752.98	-62.561	0.0555718290793199
263753.62	-62.413	0.0555777985403278
263754.26	-62.243	0.0554220575787103
263754.90	-61.956	0.0553842865853042
263755.53	-61.711	0.0553447178583572
263756.17	-61.535	0.0553345980688991
263756.81	-61.272	0.0552416394441405
263757.45	-61.115	0.0550443772574305
263758.09	-60.970	0.0550863253820954
263758.73	-60.745	0.0549968969466109
263759.37	-60.554	0.0549679849299006
263760.01	-60.270	0.0549608197177867
263760.65	-59.977	0.0548590725817808
263761.29	-59.878	0.054697074028963
263761.93	-59.695	0.0546319652515483
263762.57	-59.486	0.0546206436587371
263763.21	-59.247	0.0545426321389557
263763.84	-59.220	0.0545102137096564
263764.48	-58.791	0.054542627815922
263765.12	-58.741	0.0543000250038946
263765.76	-58.492	0.0543569690838169
263766.40	-58.261	0.0543011682301419
263767.04	-58.162	0.0541775275225474
263767.68	-57.844	0.0541395963607448
263768.32	-57.785	0.0541122752204157
263768.96	-57.491	0.0540457521625442
263769.60	-57.297	0.0539535677931114
263770.24	-57.105	0.0539321458644934
263770.88	-56.852	0.053916115407285
263771.52	-56.679	0.0537341020733004
263772.16	-56.467	0.0537126935460867
263772.79	-56.389	0.0536394648145778
263773.43	-56.222	0.0535664128951449
263774.07	-55.940	0.0535868094001825
263774.71	-55.718	0.053538256977019
263775.35	-55.442	0.0534888550777445
263775.99	-55.229	0.0533600154898892
263776.63	-55.085	0.0533058714388585
263777.27	-54.890	0.0531804652043236
263777.91	-54.709	0.0531618082880245
263778.55	-54.529	0.0530693519997755
263779.19	-54.372	0.0530204081259155
263779.83	-54.194	0.0531379801588801
263780.47	-53.990	0.0529942215657664
263781.10	-53.643	0.0529312455570001
263781.74	-53.418	0.0526246488779349
263782.38	-53.438	0.0526391805393788
263783.02	-53.233	0.0526525246634806
263783.66	-53.109	0.0526315227175812
263784.30	-52.797	0.0526968147916224
263784.94	-52.506	0.0523597364023307
263785.58	-52.473	0.0523946701887559
263786.22	-52.195	0.0523793240677734
263786.86	-52.130	0.0523373216890362
263787.50	-51.946	0.0523224539117264
263788.14	-51.612	0.0522531805398504
263788.78	-51.482	0.0522295063107037
263789.42	-51.157	0.0521562548832681
263790.05	-50.973	0.0520658202617029
263790.69	-50.770	0.0519092322016427
263791.33	-50.702	0.0518282200642087
263791.97	-50.510	0.0518447100598936
263792.61	-50.338	0.0518232725683544
263793.25	-50.089	0.0517793421166119
263793.89	-49.917	0.0516645199653486
263794.53	-49.807	0.0516550373910496
263795.17	-49.572	0.0515648027097904
263795.81	-49.478	0.0514755199605397
263796.45	-49.316	0.0515226172505784
263797.09	-48.920	0.0515335904068779
263797.73	-48.795	0.0513636048332505
263798.36	-48.639	0.0512085693907237
263799.00	-48.582	0.0511880418977668
263799.64	-48.161	0.0511707411171219
263800.28	-48.075	0.0510940072699341
263800.92	-47.862	0.0509816395210224
263801.56	-47.759	0.0510284138804479
263802.20	-47.398	0.0509101147132244
263802.84	-47.347	0.0509011158863902
263803.48	-47.092	0.0508550275924041
263804.12	-46.887	0.0507246991517617
263804.76	-46.850	0.0505758586164474
263805.40	-46.682	0.0506737679793355
263806.04	-46.337	0.0506065659890302
263806.68	-46.268	0.0504940011097842
263807.31	-46.068	0.0504828297423921
263807.95	-45.846	0.0504796676594329
263808.59	-45.623	0.0504225908623778
263809.23	-45.445	0.0502681465947019
263809.87	-45.347	0.0503461754066179
263810.51	-45.081	0.0502696460389215
263811.15	-44.800	0.0500606459512602
263811.79	-44.750	0.0500256994118857
263812.43	-44.482	0.0499539173835859
263813.07	-44.409	0.0498952659215258
263813.71	-44.239	0.0498687715613812
263814.35	-44.074	0.0497659118926669
263814.99	-43.804	0.0497578323589372
263815.63	-43.692	0.0497292718048622
263816.26	-43.467	0.0497211464469759
263816.90	-43.195	0.0495830681039193
263817.54	-43.224	0.0494698599572671
263818.18	-42.929	0.0493959140344765
263818.82	-42.820	0.049508713222146
263819.46	-42.647	0.0493369463425054
263820.10	-42.452	0.0493177752013543
263820.74	-42.234	0.0493362628708862
263821.38	-42.096	0.0492295293317232
263822.02	-41.930	0.0492541883479341
263822.66	-41.703	0.0491990582129291
263823.30	-41.520	0.0490187276197906
263823.94	-41.450	0.0489632767156892
263824.57	-41.240	0.0489507799061817
263825.21	-40.987	0.0488920190713704
263825.85	-40.848	0.0487921029562646
263826.49	-40.625	0.0487374918014485
263827.13	-40.462	0.048668406481536
263827.77	-40.283	0.0487344654617458
263828.41	-40.077	0.0486302036170689
263829.05	-40.049	0.0484722466684053
263829.69	-39.983	0.0485495325669895
263830.33	-39.537	0.0484650514112076
263830.97	-39.467	0.0483333992576633
263831.61	-39.366	0.0484211568406443
263832.25	-38.997	0.0482745673089486
263832.89	-38.849	0.0481236212400977
263833.52	-38.899	0.0482122272184314
263834.16	-38.515	0.048117695225578
263834.80	-38.517	0.0480399134750348
263835.44	-38.228	0.0482259669001117
263836.08	-37.878	0.0479775710068492
263836.72	-37.957	0.0479711415750615
263837.36	-37.618	0.0479626362225179
263838.00	-37.561	0.0478958289251843
263838.64	-37.375	0.0477308494245171
263839.28	-37.205	0.0477835837342764
263839.92	-36.981	0.0476420577718884
263840.56	-36.745	0.0476794805449343
263841.20	-36.635	0.0474526831762142
263841.83	-36.614	0.0475107927460069
263842.47	-36.464	0.0475867050006506
263843.11	-36.054	0.0475062295678436
263843.75	-35.973	0.0473148650797829
263844.39	-35.805	0.0473329422772703
263845.03	-35.630	0.0472248020229594
263845.67	-35.606	0.0471831042019425
263846.31	-35.416	0.0471588569546862
263846.95	-35.085	0.0471612713689766
263847.59	-34.912	0.0469713831969054
263848.23	-34.984	0.047036179202836
263848.87	-34.631	0.0470230566342084
263849.51	-34.414	0.0468560662744415
263850.15	-34.280	0.0468596476916642
263850.78	-34.171	0.0467510932907302
263851.42	-33.935	0.0466989817139673
263852.06	-33.703	0.0466212269823844
263852.70	-33.565	0.0465423925731488
263853.34	-33.590	0.0464889343714057
263853.98	-33.365	0.046626109632734
263854.62	-33.031	0.0465294632441252
263855.26	-32.943	0.0463732350766159
263855.90	-32.857	0.0462852146531893
263856.54	-32.699	0.0463176272463932
263857.18	-32.600	0.0463148654763494
263857.82	-32.299	0.0462710938960933
263858.46	-32.110	0.0461962632644675
263859.09	-31.908	0.0461584503376351
263859.73	-31.812	0.0460140789545023
263860.37	-31.694	0.0459485644603801
263861.01	-31.570	0.04592442723433
263861.65	-31.238	0.0458728763550309
263862.29	-31.193	0.0457877670624604
263862.93	-31.013	0.0458012413098749
263863.57	-30.789	0.0457390587939341
263864.21	-30.663	0.0457646401293731
263864.85	-30.426	0.0456082814062478
263865.49	-30.480	0.0456416984563188
263866.13	-30.252	0.0455304138434867
263866.77	-29.976	0.0455661873791974
263867.41	-29.839	0.0454558819334857
263868.04	-29.651	0.0454926579806984
263868.68	-29.572	0.0453880016592016
263869.32	-29.382	0.0452624929687693
263869.96	-29.220	0.0452532511874444
263870.60	-29.041	0.0450921868421971
263871.24	-28.899	0.0452437748815442
263871.88	-28.674	0.0450722621962819
263872.52	-28.662	0.0451250440594113
263873.16	-28.307	0.0449725097079995
263873.80	-28.259	0.0450430190351944
263874.44	-28.025	0.0449125669557898
263875.08	-27.861	0.0448377449702312
263875.72	-27.763	0.0448527255787191
263876.35	-27.606	0.0447985313804981
263876.99	-27.551	0.0447199844529998
263877.63	-27.231	0.0447432527492874
263878.27	-27.003	0.0445210747581679
263878.91	-26.929	0.0444737003616726
263879.55	-26.845	0.0444897182820834
263880.19	-26.708	0.0444399069915227
263880.83	-26.496	0.0445264016002245
263881.47	-26.350	0.0444584904162499
263882.11	-26.141	0.0443382478292515
263882.75	-25.987	0.0442262505643231
263883.39	-25.930	0.0442327584591714
263884.03	-25.719	0.0441958246212306
263884.67	-25.536	0.0441530462579543
263885.30	-25.515	0.0441691456675493
263885.94	-25.157	0.0440477825502303
263886.58	-25.104	0.0440592405347531
263887.22	-24.930	0.0439815335726919
263887.86	-24.672	0.0439132711422337
263888.50	-24.728	0.0439162419309541
263889.14	-24.429	0.0438756572911006
263889.78	-24.156	0.0438052551751401
263890.42	-24.015	0.0436888907816241
263891.06	-24.032	0.043675412859631
263891.70	-23.833	0.0436365403572524
263892.34	-23.716	0.0435295768326995
263892.98	-23.449	0.0435406476895594
263893.61	-23.329	0.043515935932338
263894.25	-23.184	0.0434342766367675
263894.89	-23.120	0.0435001095223176
263895.53	-22.757	0.0432828485496653
263896.17	-22.838	0.0432479113048131
263896.81	-22.519	0.043270678777653
263897.45	-22.342	0.0431739336077253
263898.09	-22.351	0.0431185529529206
263898.73	-22.024	0.043220775190324
263899.37	-21.880	0.042965358690423
263900.01	-21.846	0.0430352995386937
263900.65	-21.640	0.0430793017527947
263901.29	-21.445	0.0429566700412528
263901.93	-21.244	0.0428209259202124
263902.56	-21.162	0.04285415491832
263903.20	-21.174	0.0427132864893492
263903.84	-20.957	0.0427762668211491
263904.48	-20.779	0.0427660683524787
263905.12	-20.486	0.0425893846705226
263905.76	-20.466	0.0425418105498729
263906.40	-20.263	0.0426824582879761
263907.04	-20.100	0.042495438448728
263907.68	-19.851	0.0424399361005262
263908.32	-19.875	0.0424188569884762
263908.96	-19.517	0.0425333097365146
263909.60	-19.501	0.0422929918639199
263910.24	-19.289	0.0423337667172538
263910.87	-19.127	0.0421649044839188
263911.51	-19.086	0.0421886952188223
263912.15	-18.947	0.0421436070586698
263912.79	-18.750	0.0421862667546725
263913.43	-18.524	0.0420484724349263
263914.07	-18.512	0.0419615528720173
263914.71	-18.422	0.0420494446851929
263915.35	-18.051	0.0419210058425565
263915.99	-17.962	0.0419450751969784
263916.63	-17.797	0.0417834220545488
263917.27	-17.803	0.0417800353899918
263917.91	-17.642	0.0417946578351422
263918.55	-17.309	0.0417541646274503
263919.19	-17.207	0.0417451735820767
263919.82	-17.004	0.0415941075490423
263920.46	-16.944	0.041614997744522
263921.10	-16.840	0.0414690622878167
263921.74	-16.647	0.0415818716346152
263922.38	-16.438	0.0414248968791956
263923.02	-16.419	0.0415133154540208
263923.66	-16.126	0.0413883860500969
263924.30	-16.033	0.0412551659322498
263924.94	-16.047	0.0412421801876371
263925.58	-15.762	0.0412843634853323
263926.22	-15.603	0.0411386614724438
263926.86	-15.392	0.0410599757755655
263927.50	-15.390	0.0409551104353919
263928.13	-15.235	0.0410215850752866
263928.77	-15.112	0.040958460354163
263929.41	-14.851	0.0408979953794891
263930.05	-14.737	0.0409630328268486
263930.69	-14.418	0.0408717191163918
263931.33	-14.478	0.0407950187727147
263931.97	-14.262	0.0407648833374831
263932.61	-14.166	0.0407140116067694
263933.25	-13.867	0.0406565191500294
263933.89	-13.810	0.0405678234687476
263934.53	-13.577	0.0407226738854344
263935.17	-13.509	0.0405453841141614
263935.81	-13.293	0.0405470368099236
263936.45	-13.219	0.0404353503711142
263937.08	-13.046	0.0403725297754075
263937.72	-12.934	0.0403659483889873
263938.36	-12.711	0.0404607743481285
263939.00	-12.762	0.0403255362381762
263939.64	-12.411	0.0402782470054437
263940.28	-12.403	0.0402617390691692
263940.92	-12.213	0.0400969597249597
263941.56	-12.076	0.040178217194553
263942.20	-11.788	0.0400035880343365
263942.84	-11.809	0.0400706186163578
263943.48	-11.579	0.0400319469188919
263944.12	-11.399	0.0400628855737747
263944.76	-11.330	0.0399532564666767
263945.39	-11.203	0.0398802518844622
263946.03	-11.008	0.0398854842682337
263946.67	-10.860	0.0397459006448621
263947.31	-10.736	0.03977033313411
263947.95	-10.636	0.0397537413309829
263948.59	-10.458	0.0397503004123536
263949.23	-10.306	0.0396620093670209
263949.87	-10.154	0.0396269437280696
263950.51	-9.890	0.039533943602188
263951.15	-9.942	0.0395210447505516
263951.79	-9.729	0.0395150461090666
263952.43	-9.537	0.0394346015859502
263953.07	-9.390	0.0394532111650308
263953.71	-9.327	0.0393442380782884
263954.34	-9.203	0.0393448590820714
263954.98	-8.931	0.0393004647688188
263955.62	-8.849	0.0392275321651145
263956.26	-8.674	0.0392190823635532
263956.90	-8.585	0.0391314890558507
263957.54	-8.581	0.0391421094526048
263958.18	-8.217	0.0391785926142882
263958.82	-8.164	0.0389467089803338
263959.46	-8.001	0.0390351606263663
263960.10	-7.875	0.0389291045065754
263960.74	-7.793	0.0387971493083727
263961.38	-7.532	0.0388464937112997
263962.02	-7.411	0.0388496397990344
263962.65	-7.176	0.0387831528384939
263963.29	-7.196	0.0387002407277732
263963.93	-7.021	0.0386811748524914
263964.57	-6.840	0.0386830951440363
263965.21	-6.684	0.0385592106173442
263965.85	-6.680	0.0386160477021837
263966.49	-6.440	0.0384807488536087
263967.13	-6.286	0.0384987078161259
263967.77	-6.125	0.0384013881150269
263968.41	-6.082	0.0383163633377642
263969.05	-5.792	0.0383927145964745
263969.69	-5.627	0.0382373802161712
263970.33	-5.701	0.0382025181921045
263970.97	-5.485	0.038377141948529
263971.60	-5.146	0.0381515470316171
263972.24	-5.268	0.0381530737109486
263972.88	-5.024	0.0381354091470226
263973.52	-4.820	0.038035204469421
263974.16	-4.713	0.0380730357691464
263974.80	-4.633	0.0379456720649773
263975.44	-4.405	0.0380023716773469
263976.08	-4.308	0.0379964923515906
263976.72	-4.248	0.0378693795995246
263977.36	-4.001	0.0377797706773854
263978.00	-3.832	0.0378768147850896
263978.64	-3.760	0.0377405685436914
263979.28	-3.656	0.0375447357680559
263979.91	-3.540	0.0377422218879087
263980.55	-3.130	0.0376250346049385
263981.19	-3.208	0.0374748167511051
263981.83	-3.167	0.0374370554845248
263982.47	-2.994	0.0374881548229598
263983.11	-2.860	0.0374040858684359
263983.75	-2.578	0.0373630129419322
263984.39	-2.652	0.0373336990992447
263985.03	-2.193	0.0372674585516219
263985.67	-2.389	0.0371897226252354
263986.31	-2.230	0.0372417920524202
263986.95	-1.858	0.037208512474819
263987.59	-1.725	0.0371942739150562
263988.23	-1.804	0.0370687933243426
263988.86	-1.505	0.037119638036096
263989.50	-1.353	0.03703980262842
263990.14	-1.169	0.0369806682835019
263990.78	-0.989	0.0368795724125145
263991.42	-1.040	0.0369238257948703
263992.06	-0.940	0.0367602266388457
263992.70	-0.695	0.0368923523807257
263993.34	-0.542	0.0367386000145846
263993.98	-0.423	0.0366885585224824
263994.62	-0.247	0.0365900417733672
263995.26	-0.124	0.0367811777890998
263995.90	0.193	0.0364973689011326
263996.54	-0.008	0.0365322402197216
263997.17	0.190	0.0365909068123995
263997.81	0.516	0.0365212491228325
263998.45	0.489	0.0363732243439668
263999.09	0.740	0.0364336296607764
263999.73	0.791	0.0364038379067195
264000.37	0.824	0.0363178449860722
264001.01	1.245	0.0362799097173877
264001.65	1.007	0.0361886723084746
264002.29	1.522	0.0363470023349418
264002.93	1.483	0.0360566693407501
264003.57	1.514	0.0362273338468114
264004.21	1.853	0.036044993907635
264004.85	1.757	0.0360053966486659
264005.49	2.057	0.0361163901051821
264006.12	2.235	0.0358643202817769
264006.76	2.235	0.0357918945537674
264007.40	2.356	0.0358948246879301
264008.04	2.446	0.0358320836360424
264008.68	2.816	0.035762675169365
264009.32	2.923	0.0358136063417913
264009.96	2.982	0.0356961646482911
264010.60	3.178	0.0357460732071088
264011.24	3.157	0.0355523814138857
264011.88	3.462	0.0356030953538713
264012.52	3.559	0.0355231568418429
264013.16	3.645	0.0354606712812436
264013.80	3.695	0.0354362219321644
264014.43	3.815	0.0354202669118931
264015.07	4.103	0.035519785740207
264015.71	4.157	0.0352340431592906
264016.35	4.288	0.0352394398183406
264016.99	4.437	0.0353322871249828
264017.63	4.641	0.0351665580102816
264018.27	4.600	0.0351614237593739
264018.91	4.874	0.0351362753757544
264019.55	4.961	0.0350037999004525
264020.19	5.164	0.0350829544303295
264020.83	5.210	0.0349333599579476
264021.47	5.479	0.0349980556694976
264022.11	5.555	0.0349633244171986
264022.75	5.696	0.0347841943305032
264023.38	5.615	0.0348844364023458
264024.02	6.121	0.0347076988986209
264024.66	5.984	0.0347580440838366
264025.30	6.135	0.0346856548854614
264025.94	6.391	0.0347508946507956
264026.58	6.257	0.0345581504665473
264027.22	6.554	0.0347432597410762
264027.86	6.713	0.0346251276591031
264028.50	6.798	0.034550993684349
264029.14	6.962	0.0344510233151709
264029.78	7.140	0.0343969689670883
264030.42	7.101	0.0343744236981778
264031.06	7.405	0.0343769481336744
264031.69	7.421	0.0343054380241908
264032.33	7.655	0.0342299109518448
264032.97	7.762	0.0342824269484051
264033.61	7.987	0.0340740558621391
264034.25	7.842	0.0341401891985275
264034.89	8.336	0.0340590934103925
264035.53	8.159	0.0340472956354253
264036.17	8.471	0.0340070626743588
264036.81	8.424	0.0340328294679411
264037.45	8.674	0.0339488030952986
264038.09	8.758	0.0338824283174811
264038.73	8.834	0.0338539853499213
264039.37	8.939	0.0337919893728822
264040.01	9.103	0.0337812797054833
264040.64	9.259	0.0337510024747481
264041.28	9.464	0.0336826138117075
264041.92	9.583	0.0336781022937962
264042.56	9.670	0.0336596396978594
264043.20	9.716	0.0335960697042705
264043.84	9.927	0.0336468015848457
264044.48	10.129	0.0334904742037143
264045.12	10.168	0.0334790013047255
264045.76	10.472	0.0335173010051462
264046.40	10.382	0.0334024565902596
264047.04	10.759	0.0333994780200787
264047.68	10.712	0.0332869073047373
264048.32	10.889	0.0333578441799597
264048.95	11.124	0.0332895156070867
264049.59	11.156	0.0331032546763948
264050.23	11.214	0.0331589223806336
264050.87	11.399	0.0331803523068638
264051.51	11.595	0.0329646487070819
264052.15	11.501	0.0331266673620061
264052.79	11.918	0.0328676007086474
264053.43	11.810	0.0329252395000763
264054.07	12.160	0.0329376383928718
264054.71	12.271	0.032884058930035
264055.35	12.233	0.0328160774967636
264055.99	12.623	0.0328110686138315
264056.63	12.585	0.0327024469897243
264057.27	12.588	0.0326819164706438
264057.90	12.878	0.032874465469923
264058.54	13.089	0.0326613150538115
264059.18	12.866	0.0325763298323066
264059.82	13.364	0.0326395213443
264060.46	13.235	0.0324878742955438
264061.10	13.414	0.0325409066784729
264061.74	13.601	0.0324131255854055
264062.38	13.701	0.0323571799101034
264063.02	13.803	0.0323549799182818
264063.66	13.854	0.032195817059383
264064.30	14.044	0.0322864380036984
264064.94	14.414	0.0322002360643743
264065.58	14.305	0.0320918128675114
264066.21	14.397	0.0323000384836953
264066.85	14.592	0.0319865260315575
264067.49	14.589	0.032075778303421
264068.13	14.988	0.0319936774099637
264068.77	14.930	0.0319380289432247
264069.41	14.972	0.0319373800558747
264070.05	15.357	0.0318587823327311
264070.69	15.196	0.0317192164337974
264071.33	15.484	0.0318458895333418
264071.97	15.446	0.0317879494264679
264072.61	15.666	0.0316755326111243
264073.25	15.591	0.0316691976376218
264073.89	16.030	0.0316155008044216
264074.53	15.910	0.0316846535636589
264075.16	16.151	0.0315750019767859
264075.80	16.342	0.0314628467049778
264076.44	16.346	0.031351816286524
264077.08	16.500	0.0313645986324037
264077.72	16.574	0.0314261571184379
264078.36	16.894	0.0312898484092036
264079.00	16.761	0.0312443350786922
264079.64	17.101	0.0312446746529849
264080.28	17.189	0.0312592354949059
264080.92	17.258	0.0311834345583786
264081.56	17.297	0.0310617627764574
264082.20	17.536	0.0311181202207141
264082.84	17.656	0.0311680421809361
264083.47	17.746	0.030893427304772
264084.11	17.789	0.0309512937039223
264084.75	18.146	0.0308656859655727
264085.39	18.200	0.0309190235546771
264086.03	18.390	0.0307288494139304
264086.67	18.205	0.0308010894676448
264087.31	18.591	0.0307463899067908
264087.95	18.570	0.0306872923076586
264088.59	18.710	0.030672969232588
264089.23	18.993	0.0306591510878471
264089.87	18.953	0.0304635984447917
264090.51	19.128	0.0306344981238833
264091.15	19.256	0.0304781333485109
264091.79	19.312	0.0304419441531153
264092.42	19.437	0.0304180042735511
264093.06	19.651	0.0303456680323381
264093.70	19.600	0.0303698337904102
264094.34	19.940	0.0304168251661246
264094.98	20.048	0.0302276051189033
264095.62	19.808	0.0302355402633092
264096.26	20.031	0.0302405389871122
264096.90	20.186	0.0300304592217982
264097.54	20.374	0.0301587348699146
264098.18	20.384	0.0300157481544581
264098.82	20.587	0.0300492951116902
264099.46	20.854	0.0299387250963195
264100.10	20.787	0.0299345464519988
264100.73	20.994	0.029885186918454
264101.37	20.984	0.0298286917855757
264102.01	21.084	0.0298175115559646
264102.65	21.148	0.0298104957046631
264103.29	21.489	0.0298582304260127
264103.93	21.474	0.0297105778603439
264104.57	21.678	0.0295634812368017
264105.21	21.397	0.029568174970581
264105.85	21.993	0.0295798000403542
264106.49	21.749	0.029482140332659
264107.13	22.079	0.0294663165164588
264107.77	21.974	0.0293017725614312
264108.41	22.299	0.029529440156824
264109.05	22.490	0.0293156626846823
264109.68	22.399	0.029289576202762
264110.32	22.615	0.0292229264800048
264110.96	22.600	0.0291863248671996
264111.60	22.777	0.0291666524702974
264112.24	22.845	0.0291530385888962
264112.88	23.054	0.029077698703907
264113.52	23.045	0.0289793827597047
264114.16	23.129	0.0290423637399596
264114.80	23.313	0.0288987553722651
264115.44	23.385	0.0288480829334024
264116.08	23.604	0.0287949632251937
264116.72	23.753	0.028687557454299
264117.36	23.834	0.0287406363098398
264117.99	23.946	0.0286447708772588
264118.63	24.066	0.0286583944854857
264119.27	24.092	0.0285884140814571
264119.91	24.053	0.0285502994068764
264120.55	24.522	0.0285185013329051
264121.19	24.203	0.0284283969911103
264121.83	24.544	0.0285094886723633
264122.47	24.508	0.0282911748248669
264123.11	24.770	0.0283005458648978
264123.75	24.921	0.0282420269038189
264124.39	24.871	0.0283354573876998
264125.03	25.212	0.0281159170955584
264125.67	25.142	0.0282179339888637
264126.31	25.343	0.0281687380821423
264126.94	25.194	0.0280755285052807
264127.58	25.577	0.0279453608814899
264128.22	25.543	0.027956558835539
264128.86	25.672	0.0278745489419399
264129.50	25.714	0.02789113598973
264130.14	25.745	0.0278894474127885
264130.78	26.002	0.0277426123327818
264131.42	26.237	0.027719599960086
264132.06	26.204	0.0277328770771663
264132.70	26.261	0.0277049664911998
264133.34	26.478	0.0276724888363396
264133.98	26.475	0.0275170407602515
264134.62	26.626	0.0275212580957233
264135.25	26.625	0.0275403717405269
264135.89	26.638	0.0273952838145675
264136.53	26.973	0.0274889127256926
264137.17	27.008	0.0273519501576196
264137.81	27.074	0.0272638514872841
264138.45	27.138	0.0273547015523826
264139.09	27.256	0.0271754011381616
264139.73	27.504	0.027214465583234
264140.37	27.513	0.0272176892694226
264141.01	27.790	0.0271237162448194
264141.65	27.565	0.0269907978747207
264142.29	27.588	0.0269880397792556
264142.93	28.288	0.0270562622216527
264143.57	27.847	0.0269683749476623
264144.20	28.150	0.0269852488287348
264144.84	28.323	0.0268360734744647
264145.48	28.298	0.0269772896914921
264146.12	28.392	0.0267305761067723
264146.76	28.624	0.0267064617928005
264147.40	28.398	0.026717647210052
264148.04	28.732	0.0266114482139991
264148.68	28.883	0.0266402953852047
264149.32	28.842	0.0265619492626193
264149.96	29.121	0.0265623430909843
264150.60	28.958	0.0264921876040931
264151.24	29.383	0.0265042838845335
264151.88	29.267	0.0263431737151296
264152.51	29.465	0.0263760482244783
264153.15	29.491	0.0262892473288429
264153.79	29.640	0.0263064804540111
264154.43	29.676	0.0261484385577364
264155.07	29.557	0.0262510665118473
264155.71	29.857	0.026177414987648
264156.35	30.023	0.0260800507593024
264156.99	29.927	0.0259870722485891
264157.63	30.267	0.0260759376089415
264158.27	30.362	0.0259912688334994
264158.91	30.212	0.0260038706927245
264159.55	30.543	0.0258166809582542
264160.19	30.520	0.0259363892182941
264160.83	30.724	0.0258322555515648
264161.46	30.760	0.0257983445948998
264162.10	30.780	0.0258224887378037
264162.74	31.060	0.0257671320758357
264163.38	31.022	0.0256138124453624
264164.02	31.052	0.025700160287072
264164.66	31.286	0.0255972844069815
264165.30	31.361	0.0254691529320372
264165.94	31.225	0.0254925059597842
264166.58	31.578	0.0255032716104688
264167.22	31.804	0.0254412014934027
264167.86	31.602	0.0254488941156212
264168.50	31.742	0.0253206958498071
264169.14	31.975	0.0253349305188397
264169.77	31.762	0.02531033461892
264170.41	32.113	0.0252313380959227
264171.05	32.097	0.0251914047210877
264171.69	32.259	0.0250790866870629
264172.33	32.408	0.0251597214236597
264172.97	32.507	0.025090350567375
264173.61	32.690	0.0249732034886178
264174.25	32.758	0.0250228863850792
264174.89	32.767	0.0248432338597679
264175.53	32.824	0.0249760938689124
264176.17	33.067	0.0248892590374628
264176.81	32.952	0.0248060118916347
264177.45	33.267	0.0247641273155643
264178.09	33.124	0.0247702385720757
264178.72	33.382	0.0246090486427011
264179.36	33.379	0.0247656088191943
264180.00	33.558	0.0245779465771466
264180.64	33.322	0.024661688710327
264181.28	33.857	0.0245500212928657
264181.92	33.702	0.0244926686862641
264182.56	33.741	0.0245591238725073
264183.20	33.874	0.0243486016446998
264183.84	34.144	0.0243815116029244
264184.48	34.119	0.0243298249803688
264185.12	34.350	0.0243642529718577
264185.76	34.308	0.0242292623555815
264186.40	34.658	0.0242840909589899
264187.03	34.422	0.0241201610908915
264187.67	34.692	0.0241687682004305
264188.31	34.485	0.0241906766864852
264188.95	34.813	0.0239780249323045
264189.59	34.838	0.0240813521371074
264190.23	34.698	0.0239896162824152
264190.87	35.130	0.0240165613188173
264191.51	35.123	0.0238516834094407
264192.15	35.276	0.0238497572818004
264192.79	35.259	0.0238717418532472
264193.43	35.252	0.0237745055866976
264194.07	35.279	0.0237982001341024
264194.71	35.621	0.0236591666167621
264195.35	35.448	0.0236546135977278
264195.98	35.785	0.0236648820995433
264196.62	35.636	0.0235410883565578
264197.26	35.823	0.023559131618231
264197.90	36.174	0.0235414501944738
264198.54	36.176	0.0234867303153616
264199.18	35.951	0.0234193863134011
264199.82	36.270	0.0234433484565886
264200.46	36.471	0.0233247345725157
264201.10	36.159	0.0232920370913948
264201.74	36.654	0.0233645168573248
264202.38	36.577	0.0232850947316652
264203.02	36.553	0.0231808281316514
264203.66	36.837	0.0232957801900757
264204.29	36.744	0.0231496013465762
264204.93	36.688	0.0231740156790829
264205.57	36.918	0.0230449830677754
264206.21	36.939	0.0229740980689568
264206.85	37.129	0.0229968828339312
264207.49	37.388	0.0228757894739116
264208.13	37.142	0.0229756937006749
264208.77	37.507	0.0228543658160802
264209.41	37.574	0.0229025066864407
264210.05	37.629	0.0227952133144207
264210.69	37.615	0.0227319597668945
264211.33	37.484	0.0227142714262835
264211.97	37.737	0.0227745662895834
264212.61	37.892	0.0226177912583182
264213.24	37.796	0.0226545655763175
264213.88	38.057	0.0226452727831955
264214.52	38.365	0.0225665339130035
264215.16	38.194	0.0224814017083547
264215.80	38.253	0.0225110992202782
264216.44	38.587	0.0223366481690478
264217.08	38.566	0.0224613782811207
264217.72	38.474	0.0223377455711384
264218.36	38.395	0.0222535002368418
264219.00	38.711	0.0222013720163994
264219.64	38.759	0.0222282952214816
264220.28	38.962	0.0221751147746501
264220.92	38.979	0.0221852168396703
264221.55	38.871	0.0221203095156235
264222.19	38.964	0.0221713491961942
264222.83	39.213	0.0221036982588449
264223.47	39.287	0.0220090076106568
264224.11	39.324	0.0220225689671992
264224.75	39.569	0.0219565363574947
264225.39	39.472	0.0218625402046615
264226.03	39.463	0.0219891244658645
264226.67	39.921	0.0217946640372594
264227.31	39.807	0.0217098459010049
264227.95	39.643	0.0217604290692227
264228.59	40.040	0.0217776113987457
264229.23	39.763	0.0216929674807471
264229.87	40.171	0.0216713644170194
264230.50	40.021	0.0215779801895986
264231.14	40.120	0.0216444094376399
264231.78	40.278	0.0214983049503191
264232.42	40.345	0.0215090861639248
264233.06	40.295	0.0215141341703114
264233.70	40.661	0.0214538457915619
264234.34	40.628	0.0213646611751749
264234.98	40.411	0.0214212514147933
264235.62	41.117	0.0212827185047489
264236.26	40.628	0.0212134844724791
264236.90	41.235	0.0212578005388227
264237.54	40.823	0.0212189816420613
264238.18	41.007	0.0210416780370806
264238.82	41.441	0.0212892640099899
264239.45	41.156	0.0211135303146772
264240.09	41.079	0.0211368433543629
264240.73	41.207	0.0210483700931621
264241.37	41.463	0.0209580266876068
264242.01	41.369	0.0208596664323096
264242.65	41.680	0.0210387050868434
264243.29	41.631	0.0208584293962322
264243.93	41.782	0.0208332390791864
264244.57	41.965	0.0207967716965758
264245.21	41.743	0.0207455662276648
264245.85	41.973	0.0207948905284855
264246.49	41.978	0.020646122836288
264247.13	42.148	0.0206873894346989
264247.76	41.991	0.0206584514797868
264248.40	42.243	0.0205551826359381
264249.04	42.492	0.0206094114184283
264249.68	42.100	0.0204478700264184
264250.32	42.499	0.0205675374337903
264250.96	42.879	0.0203689567218188
264251.60	42.410	0.0205812470703868
264252.24	43.016	0.0203075175515131
264252.88	42.458	0.0203913601952257
264253.52	42.946	0.0203143658852609
264254.16	43.064	0.0201708160946722
264254.80	42.880	0.0203295665361612
264255.44	43.338	0.0201775131222424
264256.08	43.193	0.0201682488611425
264256.71	43.412	0.020155822733235
264257.35	42.997	0.0200980605191956
264257.99	43.511	0.0200295923123359
264258.63	43.421	0.0200669908763934
264259.27	43.741	0.0199852224242234
264259.91	43.533	0.0199403789477751
264260.55	43.642	0.0200291591443647
264261.19	43.754	0.019887971675511
264261.83	43.721	0.0198137488624155
264262.47	43.788	0.0198148166517257
264263.11	43.850	0.0197939158648135
264263.75	43.924	0.0197597760035171
264264.39	44.116	0.019720031112949
264265.02	44.023	0.0197273428759035
264265.66	44.447	0.0195687095886262
264266.30	44.131	0.0196177349516703
264266.94	44.404	0.019665610387765
264267.58	44.259	0.0194977277538539
264268.22	44.299	0.019516667612705
264268.86	44.430	0.0194705216062197
264269.50	44.566	0.0194241043293732
264270.14	44.851	0.0194467498926643
264270.78	44.783	0.0194224349899315
264271.42	44.815	0.0193559523524246
264272.06	44.695	0.0193346346089174
264272.70	45.212	0.0193035327595146
264273.34	44.907	0.019271234942854
264273.97	44.990	0.0191594620433717
264274.61	45.425	0.0192382179895467
264275.25	45.456	0.0190309084241921
264275.89	45.216	0.0192267340668221
264276.53	45.432	0.0189340705251927
264277.17	45.597	0.0191197361741517
264277.81	45.264	0.0189162081824775
264278.45	45.841	0.0189889851569706
264279.09	45.593	0.0189479725367863
264279.73	45.861	0.0189209859992613
264280.37	45.880	0.0188619882622063
264281.01	45.931	0.0188465543836408
264281.65	45.982	0.018796060918371
264282.28	45.861	0.0187528761899321
264282.92	46.045	0.0187553809556257
264283.56	45.964	0.01874865366682
264284.20	46.090	0.0185603572357367
264284.84	46.111	0.0186732482878711
264285.48	46.577	0.0185411216813843
264286.12	46.072	0.0185540004309143
264286.76	46.532	0.0184598371928308
264287.40	46.396	0.0185095752079712
264288.04	46.539	0.0183081270277833
264288.68	46.751	0.0184052266864698
264289.32	46.504	0.018316507876958
264289.96	46.888	0.0182392079285144
264290.60	46.978	0.0183704340470931
264291.23	46.909	0.0181995780306413
264291.87	47.120	0.0182806954339445
264292.51	47.330	0.018140298215641
264293.15	47.303	0.0181383176177769
264293.79	47.043	0.0182288497237508
264294.43	47.241	0.0180112647397268
264295.07	47.292	0.0180776295745669
264295.71	47.361	0.0180535444410723
264296.35	47.296	0.018046068618991
264296.99	47.297	0.0178503581852077
264297.63	47.648	0.0179913100487277
264298.27	47.589	0.017780909082014
264298.91	47.788	0.0178992722301354
264299.54	47.676	0.0178302212783404
264300.18	47.679	0.0177775444649286
264300.82	47.858	0.0177159379932209
264301.46	47.762	0.0178489776244133
264302.10	48.065	0.017600778861485
264302.74	47.834	0.0176993280333524
264303.38	48.333	0.017554261938713
264304.02	47.816	0.0176177943219093
264304.66	48.284	0.0175277952459837
264305.30	48.214	0.0174678630852064
264305.94	48.357	0.0175554745496502
264306.58	48.280	0.0173978978117956
264307.22	48.452	0.0174626160031206
264307.86	48.536	0.0172740627838388
264308.49	48.567	0.0174307945847676
264309.13	48.449	0.0172671448492494
264309.77	48.735	0.0173594230285123
264310.41	48.797	0.0172679556342094
264311.05	48.600	0.0171859965362556
264311.69	49.147	0.0171925338277326
264312.33	48.925	0.0170785652594624
264312.97	48.724	0.0171171167765929
264313.61	48.936	0.0170273822703264
264314.25	48.571	0.0170956758266269
264314.89	49.221	0.0170789225581931
264315.53	49.016	0.0170113985018813
264316.17	49.282	0.016860358839352
264316.80	49.180	0.0169395559511104
264317.44	49.611	0.0168549768786165
264318.08	49.477	0.0169348728087635
264318.72	49.376	0.0167822768541222
264319.36	49.412	0.0167838363885095
264320.00	49.432	0.0167787365057192
264320.64	49.752	0.0167233811406613
264321.28	49.736	0.0167674561978792
264321.92	49.905	0.016613929061791
264322.56	49.679	0.0166508090779629
264323.20	49.863	0.0165480510005393
264323.84	49.792	0.0165773255036206
264324.48	50.028	0.0165538669938527
264325.12	50.197	0.0164420902036402
264325.75	50.067	0.0165391926722986
264326.39	49.918	0.0163244809925863
264327.03	50.216	0.0165067537085895
264327.67	50.126	0.0163303722066852
264328.31	50.020	0.0163220324263301
264328.95	50.004	0.0162451154986675
264329.59	50.458	0.01624489610471
264330.23	50.329	0.0162711926860655
264330.87	50.368	0.016246753712267
264331.51	50.436	0.0160609562107819
264332.15	50.964	0.0161813241657559
264332.79	50.356	0.0161903623321962
264333.43	50.557	0.016011535506311
264334.06	50.619	0.0159859479024732
264334.70	50.762	0.0159481431894048
264335.34	50.865	0.0160785591714785
264335.98	50.688	0.0158944766174401
264336.62	50.835	0.0159288730507833
264337.26	51.151	0.0158565186528289
264337.90	50.509	0.0158150832399542
264338.54	51.296	0.0158027651878879
264339.18	50.954	0.0158436569792818
264339.82	51.465	0.0156218961609091
264340.46	50.808	0.0157649766861956
264341.10	51.308	0.0155499232706738
264341.74	51.538	0.0157482249308236
