Time	Topo	Amplitude	Phase
0.015616	-1159.18	0.0534676	 -89.171
0.031232	-1159.25	0.0536312	 -90.243
0.046848	 -1159.4	0.0539798	 -90.227
0.062464	 -1159.6	0.0538147	 -89.875
0.07808	-1159.59	0.0536938	 -89.117
0.093696	-1159.35	0.0534704	 -89.591
0.109312	-1159.39	0.0536473	 -89.535
0.124928	 -1159.2	0.0533552	 -89.267
0.140544	-1159.45	0.0533932	 -88.971
0.15616	-1159.42	0.0537667	 -90.079
0.171776	-1159.33	0.0537363	 -90.131
0.187392	-1159.41	0.0536083	 -89.707
0.203008	-1159.49	0.0535461	 -89.371
0.218624	-1159.53	0.0537641	 -89.421
0.23424	-1159.47	0.0535249	 -88.831
0.249856	-1159.46	0.0536226	 -89.581
0.265472	-1159.44	0.0537563	 -89.995
0.281088	 -1159.4	0.0536793	 -90.227
0.296704	-1159.56	0.0534391	 -89.297
0.31232	-1159.56	0.0535411	 -89.323
0.327936	-1159.65	0.0537284	 -89.647
0.343552	 -1159.6	0.0535013	 -89.511
0.359168	-1159.55	0.053671	 -89.469
0.374784	-1159.54	0.0536374	 -89.089
0.3904	-1159.55	0.0537787	 -89.799
0.406016	 -1159.5	0.0533936	 -89.497
0.421632	-1159.72	0.0537027	 -89.267
0.437248	 -1159.7	0.0537682	 -89.631
0.452864	-1159.69	0.0534146	 -89.491
0.46848	-1159.69	0.0536531	 -89.497
0.484096	-1159.68	0.0534566	 -88.929
0.499712	-1159.51	0.0538296	 -89.969
0.515328	-1159.63	0.0534577	 -89.645
0.530944	-1159.74	0.0538097	 -90.033
0.54656	-1159.84	0.0536301	 -89.715
0.562176	-1159.81	0.0535542	 -89.549
0.577792	-1159.87	0.0536253	 -89.669
0.593408	 -1159.9	0.0535388	 -88.999
0.609024	-1159.77	0.0535322	 -89.149
0.62464	-1159.77	0.053567	 -89.763
0.640256	-1159.86	0.0536729	 -89.469
0.655872	-1159.78	0.053699	 -89.511
0.671488	-1159.75	0.0535749	 -89.585
0.687104	-1159.78	0.0537481	 -90.339
0.70272	-1159.87	0.053737	 -89.463
0.718336	-1159.91	0.0539049	 -89.897
0.733952	-1159.92	0.0535371	 -89.175
0.749568	-1159.82	0.0536052	 -89.249
0.765184	-1159.72	0.0535609	 -89.511
0.7808	-1159.78	0.053536	 -89.409
0.796416	-1159.84	0.0536561	 -89.647
0.812032	-1159.99	0.0537566	 -89.231
0.827648	-1160.01	0.0536367	 -89.315
0.843264	-1160.02	0.0537205	 -89.291
0.85888	-1159.88	0.0535609	 -89.501
0.874496	-1159.77	0.0536374	 -89.343
0.890112	-1159.83	0.0536811	 -88.925
0.905728	-1159.88	0.0538965	 -89.547
0.921344	-1159.79	0.0535281	 -89.847
0.93696	-1159.92	0.053737	 -89.627
0.952576	-1159.95	0.0536424	 -89.535
0.968192	-1160.01	0.0537065	 -89.683
0.983808	-1160.03	0.0535721	 -88.933
0.999424	   -1160	0.0534672	 -89.211
1.01504	-1159.93	0.0537105	 -89.735
1.03066	-1159.95	0.0537291	 -89.329
1.04627	-1159.89	0.053434	 -89.273
1.06189	-1160.01	0.0537403	 -89.493
1.0775	-1160.02	0.0536053	 -89.255
1.09312	-1160.01	0.0536765	 -89.491
1.10874	-1160.09	0.0536131	 -89.241
1.12435	-1160.06	0.0540256	 -89.417
1.13997	-1159.86	0.053498	 -89.151
1.15558	-1159.89	0.0536932	 -89.207
1.1712	-1159.83	0.0535627	 -89.393
1.18682	-1159.97	0.0537707	 -89.375
1.20243	-1160.02	0.0537609	 -89.149
1.21805	-1160.09	0.0539127	 -89.393
1.23366	   -1160	0.0534592	 -89.297
1.24928	-1159.92	0.0535164	 -89.003
1.2649	-1159.79	0.0534204	 -89.269
1.28051	-1159.78	0.0535773	 -89.535
1.29613	-1159.91	0.0536249	 -89.175
1.31174	-1159.93	0.0536614	 -89.301
1.32736	-1160.01	0.0537636	 -89.633
1.34298	   -1160	 0.05359	 -89.619
1.35859	-1159.96	0.0536387	 -89.417
1.37421	 -1159.9	0.0536722	 -89.693
1.38982	 -1159.9	0.053544	 -89.031
1.40544	-1159.91	0.0535891	 -88.697
1.42106	-1159.86	0.0538372	 -89.795
1.43667	-1159.85	0.0535364	 -89.395
1.45229	-1159.92	0.0537373	 -89.329
1.4679	-1160.06	0.0535627	 -89.351
1.48352	-1160.09	0.0536329	 -89.249
1.49914	-1160.06	0.053762	 -89.367
1.51475	-1159.94	0.0536631	 -89.351
1.53037	-1159.84	0.0535938	 -89.785
1.54598	-1159.85	0.0536783	 -89.227
1.5616	 -1159.9	0.0536014	 -89.613
1.57722	-1160.06	0.0535836	 -89.213
1.59283	-1160.07	0.0535977	 -89.497
1.60845	-1160.03	0.0537662	 -89.423
1.62406	-1160.06	0.0536834	 -88.985
1.63968	-1159.92	0.0536565	 -89.059
1.6553	-1159.76	0.0536197	 -89.609
1.67091	 -1159.9	0.0536646	 -89.497
1.68653	-1160.02	0.0537564	 -89.295
1.70214	 -1160.1	0.0536263	 -89.103
1.71776	-1160.03	0.0537595	 -89.763
1.73338	-1160.08	0.0535277	 -89.017
1.74899	 -1159.9	0.0535371	 -89.389
1.76461	-1159.96	0.0536236	 -89.131
1.78022	-1159.85	0.0535757	 -89.255
1.79584	-1159.85	0.0538253	 -89.027
1.81146	-1159.95	0.0536751	 -89.519
1.82707	-1160.01	0.0536946	 -89.871
1.84269	-1160.01	0.0537758	 -89.561
1.8583	-1160.02	0.0537282	 -89.469
1.87392	-1160.03	0.0534919	 -89.041
1.88954	-1159.94	0.0536139	 -89.455
1.90515	-1159.98	0.0537402	 -89.505
1.92077	-1159.95	0.0537926	 -89.609
1.93638	-1159.81	0.0536514	 -89.507
1.952	-1159.95	0.0538439	 -89.291
1.96762	-1159.92	0.0536523	 -89.561
1.98323	-1159.96	0.0538433	 -89.791
1.99885	-1159.96	0.0537291	 -89.501
2.01446	-1159.86	0.0538148	 -89.627
2.03008	-1159.83	0.0536991	 -89.315
2.0457	-1159.97	0.0538034	 -89.343
2.06131	-1160.01	0.0534276	 -89.083
2.07693	-1160.11	0.053744	 -89.413
2.09254	-1160.14	0.0537032	 -89.225
2.10816	   -1160	0.0535781	 -89.221
2.12378	-1159.93	0.0535497	 -89.175
2.13939	-1159.92	0.0536254	 -89.169
2.15501	-1159.99	0.0536873	 -89.291
2.17062	 -1160.2	0.0538393	 -89.253
2.18624	-1160.09	0.0536021	 -89.225
2.20186	-1159.95	0.0537085	 -89.079
2.21747	-1159.97	0.0537806	 -89.329
2.23309	   -1160	  0.0538	 -89.659
2.2487	-1160.07	0.0535546	 -89.379
2.26432	-1160.07	0.0535492	 -89.661
2.27994	-1160.07	0.0535982	 -89.613
2.29555	-1159.97	0.0537189	 -89.511
2.31117	-1159.92	0.0536455	 -88.649
2.32678	-1160.03	0.0538209	 -89.507
2.3424	-1160.13	0.0535499	 -89.117
2.35802	-1160.03	0.0535414	 -88.929
2.37363	-1159.85	0.0535303	 -89.703
2.38925	-1159.91	0.0535291	 -89.319
2.40486	-1159.98	0.0537357	 -89.161
2.42048	-1160.05	0.0536657	 -89.693
2.4361	-1160.17	0.0537103	 -89.291
2.45171	-1159.99	0.0535705	 -89.445
2.46733	-1159.88	0.0535854	 -89.417
2.48294	-1159.94	0.0537223	 -89.145
2.49856	-1159.93	0.0536318	 -89.437
2.51418	-1159.94	0.0535924	 -89.385
2.52979	-1159.96	0.0536921	 -89.427
2.54541	-1160.02	0.0536227	 -89.455
2.56102	   -1160	0.0538563	 -89.641
2.57664	-1160.09	0.0537127	 -89.287
2.59226	-1160.07	0.0536434	 -89.269
2.60787	-1160.05	0.0536625	 -89.111
2.62349	-1159.93	0.0535908	 -89.665
2.6391	-1159.91	0.0537773	 -89.851
2.65472	-1159.91	0.0537082	 -89.819
2.67034	-1160.04	0.0537681	 -89.343
2.68595	 -1160.1	0.053622	 -89.659
2.70157	-1160.09	0.0537617	 -89.773
2.71718	-1159.96	0.0536341	 -89.239
2.7328	-1159.91	0.0537946	 -89.473
2.74842	-1159.89	0.0537317	 -89.323
2.76403	-1159.99	0.0536457	 -89.003
2.77965	-1160.06	0.0536184	 -89.193
2.79526	-1160.05	0.053737	 -89.487
2.81088	-1160.09	0.053671	 -89.777
2.8265	-1159.96	0.0535312	 -89.361
2.84211	   -1160	0.0535526	 -89.217
2.85773	-1160.01	0.0537793	 -89.351
2.87334	-1159.96	0.0536034	 -89.305
2.88896	-1159.99	0.0535727	 -89.333
2.90458	-1160.07	0.0537144	 -89.175
2.92019	-1159.97	0.0535782	 -89.367
2.93581	-1159.92	0.0535677	 -89.505
2.95142	-1159.98	0.0536256	 -89.051
2.96704	-1159.94	0.0534359	 -89.179
2.98266	-1159.92	0.0535604	 -89.659
2.99827	-1159.79	0.0535432	 -90.117
3.01389	-1159.87	0.0537153	 -89.437
3.0295	-1159.85	0.0537666	 -89.459
3.04512	-1159.93	0.0536897	 -89.715
3.06074	-1159.99	0.0537213	 -89.389
3.07635	-1159.77	0.053828	 -89.893
3.09197	 -1159.9	0.0535267	 -89.371
3.10758	-1159.98	0.053674	 -89.521
3.1232	-1159.86	0.0536771	 -90.145
3.13882	-1159.94	0.0536532	 -89.385
3.15443	-1159.92	0.0539019	 -89.381
3.17005	-1159.91	0.053755	 -89.553
3.18566	-1159.82	0.0538204	 -89.183
3.20128	-1159.83	0.0536979	 -89.519
3.2169	-1160.08	0.0536173	 -89.169
3.23251	   -1160	0.0537283	 -89.245
3.24813	-1159.88	0.0535996	 -89.469
3.26374	-1159.73	0.053544	 -89.073
3.27936	-1159.68	0.053888	 -89.815
3.29498	 -1159.8	0.0537709	 -89.459
3.31059	-1159.88	0.0534194	 -89.371
3.32621	-1160.09	0.0536643	 -89.413
3.34182	-1159.73	0.0537481	 -90.345
3.35744	 -1159.7	0.053463	 -89.823
3.37306	-1159.78	0.0532936	 -88.807
3.38867	-1159.92	0.0534966	 -87.967
3.40429	-1159.95	0.0537616	 -89.239
3.4199	-1160.03	0.0535098	 -88.933
3.43552	-1159.98	0.053573	 -89.505
3.45114	-1159.76	0.0536148	 -89.771
3.46675	-1159.82	0.0536469	 -89.263
3.48237	 -1159.7	0.0538592	 -89.701
3.49798	-1159.64	0.0537965	 -89.413
3.5136	-1159.87	0.0536368	 -89.097
3.52922	-1159.91	0.0535714	 -89.589
3.54483	-1160.02	0.0538393	 -89.609
3.56045	-1160.02	0.053646	 -89.501
3.57606	-1159.87	0.0537583	 -89.319
3.59168	-1159.65	0.053642	 -89.477
3.6073	-1159.67	0.0536164	 -89.823
3.62291	-1159.75	0.0534867	 -89.431
3.63853	-1159.95	0.0537171	 -89.469
3.65414	-1160.11	0.0534451	 -88.999
3.66976	-1160.14	0.0535366	 -88.919
3.68538	-1160.01	0.0535803	 -89.263
3.70099	-1159.81	0.0536833	 -89.441
3.71661	-1159.59	0.0539056	 -89.945
3.73222	 -1159.7	0.0538448	 -89.365
3.74784	-1159.85	0.0534259	 -89.301
3.76346	-1160.16	0.0537165	 -89.393
3.77907	-1160.21	0.053807	 -89.739
3.79469	-1160.15	0.0535881	 -89.465
3.8103	-1159.78	0.053596	 -89.197
3.82592	-1159.65	0.0536512	 -89.019
3.84154	-1159.53	0.0538471	 -89.899
3.85715	-1159.89	0.0536451	 -88.933
3.87277	-1160.06	0.0536587	 -89.477
3.88838	   -1160	0.0534425	 -89.547
3.904	-1160.13	0.0536666	 -89.893
3.91962	-1159.98	0.0536124	 -89.613
3.93523	-1159.79	0.0537334	 -89.437
3.95085	-1159.67	0.0537947	 -89.589
3.96646	-1159.81	0.0534489	 -89.019
3.98208	-1160.14	0.0536166	 -88.887
3.9977	-1160.09	0.0537647	 -89.777
4.01331	-1160.14	0.0536005	 -89.217
4.02893	-1159.99	0.0536252	 -89.269
4.04454	-1159.86	0.0534724	 -88.795
4.06016	-1159.83	0.0535924	 -89.225
4.07578	-1159.87	0.0534977	 -89.207
4.09139	-1159.99	0.0536024	 -89.505
4.10701	 -1160.1	0.0536674	 -89.581
4.12262	 -1160.1	0.053491	 -89.413
4.13824	-1160.19	0.0535354	 -88.771
4.15386	-1160.11	0.0537581	 -89.337
4.16947	-1159.99	0.0535424	 -89.277
4.18509	-1159.66	0.0536945	 -89.661
4.2007	-1159.36	0.0537538	 -89.879
4.21632	-1159.58	0.0537197	 -89.455
4.23194	-1159.86	0.053553	 -89.763
4.24755	-1160.17	0.0536305	 -89.501
4.26317	 -1160.4	0.0539457	 -89.301
4.27878	-1160.24	0.0536773	 -89.455
4.2944	-1159.97	0.0537353	 -89.717
4.31002	 -1159.8	0.0537348	 -89.585
4.32563	-1159.83	0.0535811	 -89.365
4.34125	-1160.06	0.0537076	 -89.249
4.35686	-1160.24	0.0535123	 -88.991
4.37248	-1160.23	0.0539133	 -89.655
4.3881	 -1160.1	0.0536555	 -89.295
4.40371	-1159.97	0.0536534	 -89.413
4.41933	-1159.89	0.0537413	 -89.515
4.43494	 -1159.9	0.0536337	 -89.343
4.45056	-1159.94	0.0536753	 -89.689
4.46618	-1160.19	0.0536896	 -89.239
4.48179	 -1160.2	0.0535493	 -89.287
4.49741	-1160.09	0.0534643	 -88.915
4.51302	-1159.79	0.0534782	 -89.059
4.52864	-1159.51	0.0536914	 -89.949
4.54426	-1159.59	0.0534831	 -89.295
4.55987	-1159.94	0.0536158	 -89.357
4.57549	-1160.19	0.053675	 -89.603
4.5911	-1160.52	0.0537624	 -89.245
4.60672	-1160.48	0.0537245	 -89.325
4.62234	-1160.31	0.053692	 -89.533
4.63795	-1160.11	0.0536226	 -89.389
4.65357	-1159.91	0.0536612	 -89.161
4.66918	-1159.89	0.0536191	 -89.291
4.6848	-1159.89	0.0535828	 -89.309
4.70042	-1159.93	0.0536272	 -89.121
4.71603	-1159.94	0.053569	 -89.623
4.73165	-1160.02	0.0535448	 -89.871
4.74726	-1159.99	0.0535457	 -89.311
4.76288	-1159.98	0.0535469	 -89.115
4.7785	-1159.98	0.0538183	 -89.437
4.79411	-1160.11	0.0537181	 -89.631
4.80973	-1160.38	0.0536195	 -89.619
4.82534	 -1160.4	0.0535306	 -89.367
4.84096	-1160.23	0.0535732	 -89.037
4.85658	-1159.97	0.0535926	 -89.395
4.87219	-1159.84	0.0537043	 -89.375
4.88781	   -1160	0.0536011	 -89.117
4.90342	-1160.29	0.0538622	 -89.371
4.91904	-1160.46	0.0536209	 -89.333
4.93466	-1160.42	0.0537438	 -89.619
4.95027	-1160.18	0.0535842	 -89.083
4.96589	-1159.87	0.0537321	 -89.455
4.9815	-1159.91	0.0536155	 -89.273
4.99712	-1160.05	0.0534947	 -89.203
5.01274	-1160.26	0.0535552	 -88.359
5.02835	 -1160.4	0.0537251	 -89.501
5.04397	 -1160.5	0.0536182	 -89.353
5.05958	-1160.38	0.0535402	 -89.267
5.0752	-1160.11	0.0535149	 -89.193
5.09082	-1159.92	0.0536624	 -89.483
5.10643	-1159.87	0.0536414	 -89.739
5.12205	-1160.16	0.0537451	 -88.915
5.13766	-1160.27	0.0534463	 -89.143
5.15328	-1160.29	0.0535705	 -89.459
5.1689	-1160.16	0.0536528	 -89.715
5.18451	-1160.12	0.0536642	 -89.155
5.20013	-1160.07	0.0538162	 -89.553
5.21574	 -1160.4	0.0536968	 -89.225
5.23136	-1160.44	0.0535607	 -89.189
5.24698	-1159.97	0.0535686	 -88.771
5.26259	-1159.64	0.0535621	 -89.255
5.27821	-1159.77	0.0536777	 -89.175
5.29382	-1160.16	0.0536696	 -89.183
5.30944	-1160.58	0.053615	 -89.183
5.32506	-1160.71	0.0534877	 -88.961
5.34067	-1160.59	0.0536526	 -89.701
5.35629	-1160.26	0.0537065	 -89.399
5.3719	-1159.78	0.0536237	 -89.529
5.38752	-1159.73	0.0538138	 -89.683
5.40314	-1159.99	0.053653	 -89.199
5.41875	-1160.25	0.0536944	 -89.717
5.43437	-1160.46	0.0538097	 -89.529
5.44998	-1160.32	0.0537299	 -89.281
5.4656	-1160.08	0.0537245	 -89.563
5.48122	-1160.01	 0.05334	 -89.047
5.49683	-1159.97	0.0535333	 -88.989
5.51245	-1159.58	0.0535682	 -89.319
5.52806	-1159.64	0.0537982	 -89.483
5.54368	-1159.89	0.0537158	 -89.535
5.5593	 -1160.3	0.0536452	 -89.897
5.57491	-1160.54	0.0537665	 -89.701
5.59053	-1160.51	0.0535832	 -89.047
5.60614	-1160.17	0.0535678	 -89.089
5.62176	-1159.48	0.0535933	 -89.409
5.63738	-1159.74	0.053771	 -89.477
5.65299	-1160.01	0.0536463	 -89.013
5.66861	-1160.24	0.053813	 -89.571
5.68422	 -1160.7	0.0533626	 -88.905
5.69984	-1160.21	0.0534683	 -89.343
5.71546	 -1159.9	0.0536155	 -89.097
5.73107	-1159.69	0.053604	 -89.329
5.74669	-1159.72	0.0538276	 -89.673
5.7623	-1160.18	0.0535503	 -89.413
5.77792	-1160.46	0.0534221	 -88.883
5.79354	-1160.46	0.0537099	 -89.571
5.80915	-1160.31	0.0536545	 -89.605
5.82477	-1160.04	0.0536432	 -89.379
5.84038	-1159.57	0.0535018	 -89.563
5.856	-1159.55	0.053494	 -89.505
5.87162	-1159.97	0.0536777	 -89.749
5.88723	-1160.43	0.0537168	 -89.365
5.90285	-1160.54	0.0536906	 -89.315
5.91846	-1160.17	0.0535291	 -89.253
5.93408	-1159.86	0.0537145	 -89.441
5.9497	-1159.73	0.0537211	 -89.529
5.96531	-1159.72	0.0534522	 -89.633
5.98093	-1159.86	0.0538503	 -89.577
5.99654	-1160.04	0.0535846	 -89.977
6.01216	-1160.07	0.0534895	 -89.497
6.02778	-1160.25	0.0536427	 -89.333
6.04339	-1160.26	0.0535676	 -89.267
6.05901	 -1160.1	0.0535799	 -89.245
6.07462	-1160.07	0.0535193	 -89.221
6.09024	 -1159.9	0.0536806	 -89.717
6.10586	 -1159.9	0.0536632	 -89.511
6.12147	-1160.11	0.0534801	 -89.319
6.13709	-1160.18	0.0534779	 -89.211
6.1527	-1160.21	0.0536293	 -89.701
6.16832	-1160.24	0.0536006	 -89.037
6.18394	-1160.09	0.0536601	 -89.361
6.19955	-1159.85	0.0533527	 -89.445
6.21517	-1159.94	0.0536212	 -89.193
6.23078	-1160.13	0.0535887	 -89.075
6.2464	-1160.03	0.0532911	 -89.519
6.26202	-1160.05	0.0536031	 -89.297
6.27763	   -1160	0.0538773	 -89.967
6.29325	 -1159.9	0.0536236	 -89.367
6.30886	-1159.84	0.0534668	 -88.583
6.32448	-1159.92	0.0538012	 -89.627
6.3401	-1159.97	0.053616	 -89.385
6.35571	-1160.03	0.0535343	 -89.557
6.37133	-1160.07	0.0535912	 -89.431
6.38694	-1159.94	0.0538846	 -89.827
6.40256	-1159.85	0.0536248	 -89.189
6.41818	-1159.88	0.0536037	 -89.431
6.43379	-1159.97	0.0538877	 -89.889
6.44941	-1160.11	 0.05362	 -89.469
6.46502	-1160.13	0.0537341	 -89.239
6.48064	-1159.96	0.0536339	 -89.389
6.49626	-1159.95	0.0537841	 -89.287
6.51187	-1159.85	0.0537388	 -89.619
6.52749	-1159.96	0.0537891	 -89.753
6.5431	-1159.98	0.053694	 -89.879
6.55872	-1160.08	0.0535443	 -89.501
6.57434	-1159.95	0.0533547	 -89.107
6.58995	-1159.99	0.0536229	 -89.507
6.60557	-1159.91	0.0537718	 -89.361
6.62118	-1160.02	0.0538994	 -89.941
6.6368	-1159.95	0.0536745	 -89.511
6.65242	-1159.93	0.0535449	 -89.333
6.66803	 -1159.9	0.0537295	 -89.553
6.68365	-1159.89	0.0538332	 -89.675
6.69926	-1159.93	0.0535403	 -89.413
6.71488	-1159.99	0.0536124	 -89.343
6.7305	-1159.93	0.0537079	 -89.455
6.74611	-1159.87	0.0537147	 -89.777
6.76173	-1159.98	0.0535696	 -89.689
6.77734	-1159.91	0.0533438	 -89.139
6.79296	-1159.83	0.053636	 -89.337
6.80858	-1159.78	0.0537567	 -89.591
6.82419	-1159.92	0.0536614	 -89.161
6.83981	-1159.99	0.0537469	 -89.543
6.85542	-1159.91	0.0536095	 -89.361
6.87104	-1159.88	0.0535909	 -89.393
6.88666	-1159.99	0.0536845	 -89.347
6.90227	-1160.03	0.0537999	 -89.511
6.91789	-1160.01	0.0536216	 -89.399
6.9335	-1160.07	0.0535156	 -88.975
6.94912	-1159.95	0.0536599	 -89.269
6.96474	-1160.01	0.0536752	 -89.013
6.98035	-1160.03	0.0533734	 -88.907
6.99597	-1160.08	0.0535334	 -89.175
7.01158	   -1160	0.0535753	 -89.535
7.0272	-1159.93	0.0537884	 -89.315
7.04282	 -1159.9	0.0538633	 -89.283
7.05843	-1159.93	0.0535438	 -89.351
7.07405	-1160.08	0.0534324	 -88.863
7.08966	-1160.08	0.0535235	 -89.449
7.10528	-1160.09	0.0537404	 -88.939
7.1209	-1159.87	0.0538887	 -89.815
7.13651	-1159.84	0.0536903	 -89.143
7.15213	 -1159.8	0.0539282	 -89.703
7.16774	-1159.93	0.053473	 -89.259
7.18336	-1159.95	0.0534424	 -88.915
7.19898	-1159.84	0.0536648	 -89.927
7.21459	 -1159.9	0.0534582	 -89.623
7.23021	-1159.98	0.0534991	 -89.143
7.24582	-1159.91	0.0536996	 -89.441
7.26144	-1159.96	0.0538924	 -89.819
7.27706	-1159.99	0.0535696	 -89.661
7.29267	-1159.97	0.053615	 -89.423
7.30829	-1159.82	0.0537101	 -89.735
