322.962320234923	944
324.821007690871	952.333312988281
326.679328836639	949.666687011719
328.537283761817	949
330.394872555975	945
332.252095308641	945.666687011719
334.108952109319	943.666687011719
335.965443047485	944.333312988281
337.821568212591	937.333312988281
339.677327694054	944.666687011719
341.532721581262	943.666687011719
343.387749963579	941
345.24241293034	945
347.096710570842	946
348.950642974371	942
350.804210230168	943.666687011719
352.657412427451	939.666687011719
354.510249655416	934.333312988281
356.362722003221	944.666687011719
358.214829560001	948.666687011719
360.066572414857	947.333312988281
361.917950656873	944
363.768964375087	947
365.619613658528	951.333312988281
367.469898596179	950.333312988281
369.319819277007	946.666687011719
371.169375789945	953
373.018568223899	943.666687011719
374.867396667745	950
376.715861210331	952
378.563961940484	948.666687011719
380.411698946988	948.333312988281
382.259072318607	945.666687011719
384.106082144085	952
385.95272851212	948.666687011719
387.799011511395	954.666687011719
389.644931230555	954.666687011719
391.490487758231	948.666687011719
393.33568118301	955
395.18051159346	954.666687011719
397.024979078119	953.333312988281
398.869083725494	954.333312988281
400.712825624067	956
402.556204862288	959.666687011719
404.399221528582	965.333312988281
406.241875711347	958.333312988281
408.084167498951	955.666687011719
409.926096979734	952
411.767664242003	966.333312988281
413.608869374046	967
415.449712464116	954
417.290193600442	963
419.13031287122	967
420.970070364622	960
422.80946616879	957.666687011719
424.64850037184	971.666687011719
426.48717306186	969.333312988281
428.325484326902	968.666687011719
430.163434255002	969.666687011719
432.00102293416	963.666687011719
433.838250452352	965
435.675116897523	960.666687011719
437.511622357588	953.666687011719
439.347766920444	958.666687011719
441.18355067395	965
443.018973705935	973.666687011719
444.854036104213	967.666687011719
446.688737956558	966.333312988281
448.523079350722	962.333312988281
450.357060374428	964.666687011719
452.190681115363	966.333312988281
454.023941661205	962
455.856842099588	964
457.689382518117	962.333312988281
459.521563004383	968.666687011719
461.353383645935	964
463.184844530307	961.333312988281
465.015945744991	961.666687011719
466.84668737746	958.666687011719
468.677069515163	967
470.507092245508	970
472.33675565589	967.666687011719
474.166059833661	969.666687011719
475.995004866161	967.333312988281
477.823590840693	969.666687011719
479.65181784453	967.333312988281
481.479685964923	973
483.307195289096	977.666687011719
485.134345904241	972
486.961137897524	982.333312988281
488.78757135608	974.333312988281
490.613646367026	973.333312988281
492.43936301744	986.666687011719
494.264721394378	974
496.08972158487	997.666687011719
497.914363675912	988.333312988281
499.738647754476	982.666687011719
501.562573907511	985.333312988281
503.386142221935	984
505.20935278463	990.666687011719
507.032205682463	998
508.854701002267	984.666687011719
510.676838830849	989.666687011719
512.498619254989	988
514.320042361438	986
516.141108236921	986.333312988281
517.961816968128	980.666687011719
519.782168641738	990.666687011719
521.602163344388	985.333312988281
523.421801162688	1001.33331298828
525.24108218323	993
527.060006492574	995.333312988281
528.878574177246	989.333312988281
530.696785323756	990.333312988281
532.514640018575	986
534.332138348156	979.333312988281
536.14928039892	984.666687011719
537.966066257265	978.666687011719
539.782496009551	978
541.598569742125	979
543.41428754129	976
545.229649493342	977
547.044655684532	979
548.859306201093	981.666687011719
550.673601129225	974.666687011719
552.487540555108	971.666687011719
554.301124564886	977.666687011719
556.114353244683	979.333312988281
557.927226680591	971.333312988281
559.739744958678	973
561.551908164982	982.333312988281
563.363716385518	983.333312988281
565.175169706269	990.666687011719
566.986268213187	976.333312988281
568.797011992212	979.333312988281
570.607401129243	979
572.417435710154	981
574.227115820797	987
576.036441546992	979
577.845412974533	987.333312988281
579.654030189189	990.333312988281
581.462293276698	983.333312988281
583.270202322778	981
585.077757413108	982.333312988281
586.884958633352	978.333312988281
588.691806069139	989
590.498299806072	993.666687011719
592.304439929734	988.333312988281
594.110226525672	989.333312988281
595.915659679413	995
597.720739476447	998
599.52546600225	996.666687011719
601.32983934226	1011
603.133859581894	1020
604.937526806542	1017
606.740841101563	1020
608.543802552294	1015
610.346411244038	1023.66668701172
612.148667262079	1021.33331298828
613.950570691671	1033.66662597656
615.752121618041	1035.33337402344
617.553320126386	1043.66662597656
619.35416630188	1056.66662597656
621.154660229669	1068.33337402344
622.954801994875	1067.33337402344
624.754591682586	1065.66662597656
626.554029377869	1066
628.353115165762	1079
630.15184913128	1083.33337402344
631.950231359399	1100.66662597656
633.748261935088	1107
635.545940943273	1100
637.343268468857	1106.33337402344
639.140244596718	1115.66662597656
640.936869411709	1127.66662597656
642.733142998656	1121
644.52906544235	1135.66662597656
646.324636827564	1139.33337402344
648.119857239043	1125.66662597656
649.914726761507	1108.66662597656
651.709245479643	1109
653.503413478111	1091.66662597656
655.297230841553	1080.66662597656
657.090697654581	1079
658.883814001775	1071.33337402344
660.67657996769	1058
662.46899563686	1040.66662597656
664.26106109379	1016.33331298828
666.052776422952	995.333312988281
667.844141708803	1003.66668701172
669.635157035762	1006.33331298828
671.425822488225	1001.66668701172
673.216138150567	995.666687011719
675.00610410713	986.666687011719
676.795720442232	974.666687011719
678.584987240165	973
680.373904585187	974
682.162472561547	973.333312988281
683.950691253447	972
685.738560745076	971.333312988281
687.526081120591	975.333312988281
689.313252464127	966.666687011719
691.100074859784	959.666687011719
692.886548391647	967
694.672673143763	962
696.45844920016	958.666687011719
698.24387664484	958.333312988281
700.028955561777	947.333312988281
701.813686034909	959.333312988281
703.598068148168	959.333312988281
705.382101985438	960
707.165787630593	963.666687011719
708.949125167474	959.666687011719
710.732114679892	954
712.514756251636	955.666687011719
714.297049966473	956.666687011719
716.078995908135	959.333312988281
717.86059416033	950
719.641844806745	946
721.422747931037	951
723.203303616833	953
724.983511947739	952.333312988281
726.763373007333	955.666687011719
728.54288687917	947
730.322053646771	951
732.100873393635	948.333312988281
733.879346203242	945.666687011719
735.657472159031	940.333312988281
737.435251344426	943
739.212683842823	942.666687011719
740.989769737589	944
742.766509112064	941
744.542902049568	942
746.318948633388	940
748.094648946789	942.666687011719
749.870003073008	944.333312988281
751.645011095255	939
753.419673096721	932
755.193989160558	940.333312988281
756.967959369905	940.666687011719
758.741583807865	932.333312988281
760.514862557521	935.666687011719
762.287795701929	945.333312988281
764.060383324115	940
765.832625507084	936.666687011719
767.604522333812	935.666687011719
769.376073887252	934.666687011719
771.147280250325	935.333312988281
772.918141505932	934.333312988281
774.688657736946	934
776.458829026216	934.666687011719
778.228655456559	933
779.998137110774	935
781.767274071624	940
783.536066421857	938.666687011719
785.304514244192	934.666687011719
787.072617621314	931
788.840376635895	927.333312988281
790.607791370569	935
792.374861907953	935
794.141588330631	928.333312988281
795.907970721171	933.333312988281
797.674009162106	936.333312988281
799.439703735944	941.666687011719
801.205054525172	931
802.970061612248	923.333312988281
804.734725079605	931
806.499045009651	932
808.263021484761	926
810.026654587299	928
811.789944399589	931
813.55289100394	939
815.315494482624	933
817.077754917896	934.333312988281
818.839672391981	932.333312988281
820.601246987088	923
822.362478785381	923
824.123367869017	927.333312988281
825.883914320117	923.666687011719
827.644118220777	924.333312988281
829.403979653075	919.666687011719
831.163498699057	922.666687011719
832.922675440742	921.666687011719
834.681509960125	922.666687011719
836.440002339177	923.333312988281
838.198152659842	923.666687011719
839.955961004042	916
841.713427453662	922.333312988281
843.470552090584	921.666687011719
845.227334996632	918.333312988281
846.983776253636	921.666687011719
848.739875943383	920.666687011719
850.495634147637	913.666687011719
852.251050948136	917.333312988281
854.006126426602	920.666687011719
855.760860664714	923.333312988281
857.515253744145	918.333312988281
859.269305746525	917.666687011719
861.023016753469	918.666687011719
862.776386846567	919
864.529416107376	922.666687011719
866.282104617438	919
868.034452458254	916.666687011719
869.786459711318	923.333312988281
871.538126458082	917.333312988281
873.289452779987	919.333312988281
875.040438758438	920.666687011719
876.791084474821	915.666687011719
878.541390010491	910.666687011719
880.29135544679	914.666687011719
882.040980865011	919.333312988281
883.790266346443	916.333312988281
885.539211972346	910.333312988281
887.287817823948	918.333312988281
889.036083982455	915.333312988281
890.784010529045	911.333312988281
892.53159754488	912.666687011719
894.278845111085	907.666687011719
896.025753308768	919
897.772322219005	918.666687011719
899.518551922857	914.333312988281
901.264442501348	913.333312988281
903.009994035478	912.666687011719
904.755206606235	909.666687011719
906.500080294565	913
908.2446151814	916.666687011719
909.988811347642	919
911.732668874171	918
913.476187841832	914.666687011719
915.219368331461	912
916.96221042386	913.666687011719
918.7047141998	916
920.446879740041	910.333312988281
922.188707125304	904.333312988281
923.930196436289	914.666687011719
925.671347753679	912.666687011719
927.412161158122	914
929.152636730249	907.666687011719
930.892774550655	906.666687011719
932.632574699918	910.666687011719
934.372037258594	914.666687011719
936.111162307202	914
937.849949926251	916.666687011719
939.588400196211	910.666687011719
941.326513197538	912.666687011719
943.064289010654	910.333312988281
944.801727715962	909.666687011719
946.538829393836	906
948.275594124633	915
950.012021988677	908.666687011719
951.748113066265	911
953.483867437677	913
955.219285183164	920.333312988281
956.954366382951	912.333312988281
958.689111117243	906.333312988281
960.423519466215	905
962.157591510017	908.666687011719
963.891327328776	910.666687011719
965.624727002599	909
967.357790611554	908.666687011719
969.090518235704	908.333312988281
970.82290995507	906
972.554965849655	910
974.286685999436	908.333312988281
976.018070484371	913
977.749119384383	917.333312988281
979.479832779378	908
981.210210749231	905.666687011719
982.940253373799	906.333312988281
984.669960732911	902.333312988281
986.399332906372	909.333312988281
988.128369973957	907
989.857072015426	906.333312988281
991.585439110506	912
993.313471338904	913
995.041168780296	910.333312988281
996.768531514346	910.333312988281
998.495559620679	904
1000.2222531789	905.666687011719
1001.9486122686	910
1003.67463696933	911.333312988281
1005.40032736062	910
1007.12568352198	907.666687011719
1008.85070553289	909.666687011719
1010.57539347282	909.666687011719
1012.29974742119	901.333312988281
1014.02376745742	910.333312988281
1015.74745366089	903
1017.47080611096	907.666687011719
1019.19382488697	909.333312988281
1020.91651006822	909.666687011719
1022.63886173401	910.666687011719
1024.3608799636	906.666687011719
1026.08256483622	916.333312988281
1027.80391643108	911
1029.52493482738	907.666687011719
1031.24562010428	909.333312988281
1032.96597234092	908
1034.68599161641	911
1036.40567800984	908.666687011719
1038.12503160028	908.333312988281
1039.84405246678	911.333312988281
1041.56274068834	905.666687011719
1043.28109634397	910
1044.99911951262	910.333312988281
1046.71681027324	914
1048.43416870476	912.666687011719
1050.15119488606	912
1051.86788889603	913
1053.58425081349	906.666687011719
1055.30028071728	909.333312988281
1057.0159786862	911
1058.73134479901	912.333312988281
1060.44637913446	912.666687011719
1062.16108177129	913
1063.87545278818	904.666687011719
1065.58949226382	906.333312988281
1067.30320027685	910.333312988281
1069.01657690591	910.333312988281
1070.7296222296	912.666687011719
1072.44233632649	913.666687011719
1074.15471927514	904
1075.86677115408	912.666687011719
1077.57849204182	906.333312988281
1079.28988201683	905.666687011719
1081.00094115758	909.333312988281
1082.71166954249	909.666687011719
1084.42206724999	902.666687011719
1086.13213435844	911.333312988281
1087.84187094622	904
1089.55127709166	905.666687011719
1091.26035287306	910.666687011719
1092.96909836873	905.666687011719
1094.67751365691	910.666687011719
1096.38559881587	910
1098.0933539238	911.666687011719
1099.80077905889	906.666687011719
1101.50787429933	904
1103.21463972324	905.666687011719
1104.92107540876	909.666687011719
1106.62718143397	905.666687011719
1108.33295787695	904.333312988281
1110.03840481574	903
1111.74352232836	903.666687011719
1113.44831049282	910.333312988281
1115.15276938709	908.333312988281
1116.85689908912	902.333312988281
1118.56069967683	904
1120.26417122814	905.666687011719
1121.96731382092	909
1123.67012753301	907.666687011719
1125.37261244226	899.333312988281
1127.07476862648	904.666687011719
1128.77659616344	905.666687011719
1130.4780951309	902.666687011719
1132.17926560659	907.666687011719
1133.88010766824	908.666687011719
1135.58062139353	905
1137.28080686011	910.666687011719
1138.98066414563	912.666687011719
1140.6801933277	910
1142.37939448393	907
1144.07826769186	904
1145.77681302905	901.333312988281
1147.47503057301	903
1149.17292040125	899.333312988281
1150.87048259124	900.666687011719
1152.56771722042	899.333312988281
1154.26462436621	905.333312988281
1155.96120410603	901.333312988281
1157.65745651724	901
1159.3533816772	903.333312988281
1161.04897966324	906.666687011719
1162.74425055267	901.666687011719
1164.43919442276	901.333312988281
1166.13381135077	906
1167.82810141394	903.333312988281
1169.52206468948	904
1171.21570125458	900.666687011719
1172.90901118639	902
1174.60199456207	900.333312988281
1176.29465145871	900.333312988281
1177.98698195343	899.333312988281
1179.67898612328	899
1181.37066404531	909
1183.06201579654	903.333312988281
1184.75304145396	900.666687011719
1186.44374109456	902.333312988281
1188.13411479528	901.333312988281
1189.82416263305	899.666687011719
1191.51388468477	902.666687011719
1193.20328102732	903.666687011719
1194.89235173756	901.333312988281
1196.58109689231	895
1198.26951656839	899.333312988281
1199.95761084259	905
1201.64537979165	901
1203.33282349233	901
1205.01994202133	899
1206.70673545535	893.333312988281
1208.39320387105	897
1210.07934734508	897.666687011719
1211.76516595405	897.333312988281
1213.45065977458	904
1215.13582888321	899
1216.82067335651	899
1218.50519327101	903.666687011719
1220.1893887032	909
1221.87325972957	898
1223.55680642657	897
1225.24002887063	893.333312988281
1226.92292713817	897.333312988281
1228.60550130556	894.666687011719
1230.28775144918	897.666687011719
1231.96967764535	895.666687011719
1233.6512799704	896.666687011719
1235.33255850062	901
1237.01351331227	890.333312988281
1238.69414448161	899.333312988281
1240.37445208484	895
1242.05443619818	893.333312988281
1243.7340968978	896.333312988281
1245.41343425985	898.333312988281
1247.09244836045	895.333312988281
1248.77113927572	898.333312988281
1250.44950708174	902
1252.12755185455	895
1253.80527367021	894.666687011719
1255.48267260473	895.666687011719
1257.15974873408	893
1258.83650213425	894
1260.51293288115	896.333312988281
1262.18904105073	899.666687011719
1263.86482671888	891.333312988281
1265.54028996147	896
1267.21543085434	894
1268.89024947333	895.333312988281
1270.56474589423	893
1272.23892019284	894.666687011719
1273.91277244489	895.333312988281
1275.58630272614	896.333312988281
1277.25951111228	897.666687011719
1278.93239767902	899.666687011719
1280.604962502	895
1282.27720565688	894
1283.94912721927	892
1285.62072726476	896.666687011719
1287.29200586893	897.666687011719
1288.96296310733	894
1290.63359905548	895.333312988281
1292.30391378889	897.333312988281
1293.97390738303	894.666687011719
1295.64357991337	891.666687011719
1297.31293145532	894
1298.98196208431	893
1300.65067187573	896
1302.31906090493	894
1303.98712924727	894.666687011719
1305.65487697805	893.333312988281
1307.32230417258	892.333312988281
1308.98941090612	890
1310.65619725392	894.333312988281
1312.32266329122	889
1313.98880909322	891
1315.65463473508	893.333312988281
1317.32014029199	894.666687011719
1318.98532583906	890.333312988281
1320.65019145142	894
1322.31473720414	897
1323.9789631723	901.333312988281
1325.64286943095	900
1327.30645605509	895
1328.96972311972	896.333312988281
1330.63267069984	908.666687011719
1332.29529887037	903.333312988281
1333.95760770626	905
1335.6195972824	905.666687011719
1337.28126767369	910
1338.94261895498	912
1340.60365120112	909.333312988281
1342.2643644869	918.333312988281
1343.92475888713	918.666687011719
1345.58483447659	924.333312988281
1347.24459133	922.333312988281
1348.9040295221	927.666687011719
1350.56314912759	930.666687011719
1352.22195022115	935
1353.88043287743	933.666687011719
1355.53859717106	932.666687011719
1357.19644317666	932.666687011719
1358.85397096881	937.666687011719
1360.51118062207	932.666687011719
1362.168072211	929.666687011719
1363.8246458101	926.333312988281
1365.48090149388	929.333312988281
1367.13683933681	917.333312988281
1368.79245941333	915.666687011719
1370.44776179789	914.666687011719
1372.10274656488	913.666687011719
1373.75741378869	905
1375.41176354367	900.666687011719
1377.06579590418	904.666687011719
1378.71951094451	899.666687011719
1380.37290873897	895
1382.02598936183	895
1383.67875288733	893.666687011719
1385.3311993897	892.333312988281
1386.98332894314	895
1388.63514162183	893.666687011719
1390.28663749993	892
1391.93781665157	887.333312988281
1393.58867915087	894.666687011719
1395.23922507192	893.666687011719
1396.88945448878	890
1398.5393674755	891.666687011719
1400.1889641061	893.333312988281
1401.83824445458	889.333312988281
1403.48720859493	888.333312988281
1405.13585660108	888.333312988281
1406.78418854698	887
1408.43220450654	887.333312988281
1410.07990455364	888.666687011719
1411.72728876215	887.333312988281
1413.37435720592	885.666687011719
1415.02110995876	886
1416.66754709446	886
1418.31366868682	888.333312988281
1419.95947480957	888.333312988281
1421.60496553646	885.333312988281
1423.25014094118	888
1424.89500109743	891.333312988281
1426.53954607887	888
1428.18377595914	884.333312988281
1429.82769081186	890
1431.47129071063	891
1433.11457572901	889.666687011719
1434.75754594057	884
1436.40020141884	889
1438.04254223731	885.666687011719
1439.68456846948	881.666687011719
1441.32628018881	882.666687011719
1442.96767746874	883
1444.60876038268	887
1446.24952900404	884
1447.8899834062	886
1449.53012366249	887
1451.16994984625	883
1452.80946203078	884.333312988281
1454.44866028938	881.333312988281
1456.08754469531	889
1457.7261153218	889.333312988281
1459.36437224208	887
1461.00231552934	886.666687011719
1462.63994525675	882.666687011719
1464.27726149747	884.333312988281
1465.91426432463	883.666687011719
1467.55095381133	888
1469.18733003067	888.666687011719
1470.82339305569	883.333312988281
1472.45914295946	883
1474.09457981498	885.666687011719
1475.72970369525	885
1477.36451467325	884.666687011719
1478.99901282193	885
1480.63319821423	888
1482.26707092304	881.666687011719
1483.90063102127	884.333312988281
1485.53387858176	884
1487.16681367737	883
1488.79943638092	883.666687011719
1490.43174676521	888.666687011719
1492.063744903	887.666687011719
1493.69543086706	884
1495.32680473012	885
1496.95786656489	883.666687011719
1498.58861644407	885
1500.21905444031	884.666687011719
1501.84918062626	878
1503.47899507454	881
1505.10849785776	885
1506.73768904849	886
1508.3665687193	883
1509.99513694271	881
1511.62339379124	880.666687011719
1513.25133933739	882
1514.87897365362	885.666687011719
1516.50629681237	884
1518.13330888608	883
1519.76000994715	884
1521.38640006796	882.666687011719
1523.01247932087	882.666687011719
1524.63824777822	882
1526.26370551233	882.666687011719
1527.88885259549	882.333312988281
1529.51368909997	883.666687011719
1531.13821509803	884
1532.76243066189	884.666687011719
1534.38633586377	886.666687011719
1536.00993077584	889.666687011719
1537.63321547027	883.333312988281
1539.25619001921	886.666687011719
1540.87885449478	884.333312988281
1542.50120896906	885.666687011719
1544.12325351415	883
1545.7449882021	886
1547.36641310493	889.666687011719
1548.98752829467	889.333312988281
1550.60833384329	885.333312988281
1552.22882982278	885
1553.84901630507	887.666687011719
1555.4688933621	887.333312988281
1557.08846106576	892.666687011719
1558.70771948794	888.333312988281
1560.32666870049	891.666687011719
1561.94530877527	889.333312988281
1563.56363978407	893.666687011719
1565.1816617987	894.666687011719
1566.79937489093	897.333312988281
1568.41677913252	901
1570.03387459519	910
1571.65066135065	906
1573.26713947059	908
1574.88330902668	913
1576.49917009055	913
1578.11472273384	915.333312988281
1579.72996702814	929
1581.34490304503	940
1582.95953085607	948.333312988281
1584.5738505328	951.333312988281
1586.18786214673	953
1587.80156576935	950
1589.41496147214	962.666687011719
1591.02804932655	970
1592.640829404	984.666687011719
1594.2533017759	980
1595.86546651364	970.333312988281
1597.47732368859	959.333312988281
1599.08887337208	944
1600.70011563543	933.333312988281
1602.31105054996	923.333312988281
1603.92167818692	913.666687011719
1605.5319986176	910
1607.14201191321	910.333312988281
1608.75171814497	901.666687011719
1610.36111738408	896
1611.97020970171	895.333312988281
1613.578995169	899.333312988281
1615.18747385709	894.666687011719
1616.79564583708	887.333312988281
1618.40351118007	891.666687011719
1620.01106995711	886.666687011719
1621.61832223925	891.333312988281
1623.2252680975	888.333312988281
1624.83190760288	886.666687011719
1626.43824082636	886
1628.0442678389	880.333312988281
1629.64998871144	887.333312988281
1631.25540351488	879.333312988281
1632.86051232013	881.333312988281
1634.46531519806	884
1636.06981221952	880.666687011719
1637.67400345534	886.666687011719
1639.27788897633	881.333312988281
1640.88146885328	877.666687011719
1642.48474315695	880
1644.08771195809	882.666687011719
1645.69037532742	879
1647.29273333566	879
1648.89478605347	880.333312988281
1650.49653355152	879
1652.09797590046	878.333312988281
1653.69911317089	877.333312988281
1655.29994543341	882
1656.90047275861	881.666687011719
1658.50069521703	880.666687011719
1660.10061287922	875.333312988281
1661.70022581567	881
1663.29953409689	879
1664.89853779334	880
1666.49723697548	872.666687011719
1668.09563171373	880
1669.69372207849	880.333312988281
1671.29150814016	879
1672.8889899691	879.666687011719
1674.48616763566	877
1676.08304121015	878
1677.67961076287	880.666687011719
1679.27587636412	883.333312988281
1680.87183808414	881.666687011719
1682.46749599318	879.666687011719
1684.06285016145	878
1685.65790065915	877.333312988281
1687.25264755646	880.333312988281
1688.84709092353	877.333312988281
1690.44123083049	880.666687011719
1692.03506734747	878.333312988281
1693.62860054453	877
1695.22183049177	879.666687011719
1696.81475725923	878.333312988281
1698.40738091693	876.333312988281
1699.99970153489	876.333312988281
1701.59171918308	875.666687011719
1703.18343393149	876.333312988281
1704.77484585005	878.666687011719
1706.36595500868	875
1707.9567614773	877.666687011719
1709.54726532577	874.333312988281
1711.13746662398	879
1712.72736544174	877.666687011719
1714.31696184889	880
1715.90625591522	875.333312988281
1717.49524771051	874.666687011719
1719.08393730451	876.333312988281
1720.67232476698	881.666687011719
1722.2604101676	872.666687011719
1723.8481935761	877.333312988281
1725.43567506213	879
1727.02285469535	880.666687011719
1728.6097325454	880.666687011719
1730.19630868187	875.333312988281
1731.78258317438	880
1733.36855609247	876.666687011719
1734.95422750571	879
1736.53959748362	879.333312988281
1738.12466609571	877
1739.70943341147	878
1741.29389950036	877.666687011719
1742.87806443182	872.333312988281
1744.46192827529	874
1746.04549110016	878.333312988281
1747.62875297583	878
1749.21171397164	880
1750.79437415695	876.333312988281
1752.37673360107	876.333312988281
1753.9587923733	883.333312988281
1755.54055054294	880.666687011719
1757.12200817922	878
1758.7031653514	874.333312988281
1760.28402212869	878
1761.86457858029	878.333312988281
1763.44483477536	878
1765.02479078309	876
1766.60444667258	875.666687011719
1768.18380251297	875.333312988281
1769.76285837334	873.666687011719
1771.34161432276	880
1772.92007043031	878.333312988281
1774.49822676499	878
1776.07608339583	879
1777.65364039181	878.333312988281
1779.23089782192	876.333312988281
1780.80785575509	875.666687011719
1782.38451426026	878.333312988281
1783.96087340633	874.666687011719
1785.5369332622	877
1787.11269389674	876
1788.68815537878	879
1790.26331777717	879.333312988281
1791.8381811607	877.666687011719
1793.41274559816	880
1794.98701115832	876.333312988281
1796.56097790992	877.666687011719
1798.13464592168	875
1799.70801526232	878.666687011719
1801.28108600052	877.333312988281
1802.85385820494	876.333312988281
1804.42633194421	879
1805.99850728698	877
1807.57038430183	880.333312988281
1809.14196305735	877.333312988281
1810.71324362209	876.333312988281
1812.28422606462	873.666687011719
1813.85491045343	876
1815.42529685704	880.666687011719
1816.99538534392	877.333312988281
1818.56517598253	877.333312988281
1820.13466884132	876.666687011719
1821.7038639887	877.666687011719
1823.27276149307	876.333312988281
1824.8413614228	875.333312988281
1826.40966384627	877.666687011719
1827.97766883179	876.666687011719
1829.5453764477	873
1831.11278676228	874.333312988281
1832.67989984383	878.333312988281
1834.24671576058	876.666687011719
1835.81323458078	875.333312988281
1837.37945637265	877
1838.94538120437	877
1840.51100914413	878.666687011719
1842.07634026009	879.333312988281
1843.64137462037	877
1845.20611229309	879
1846.77055334635	877
1848.33469784822	877.333312988281
1849.89854586675	878
1851.46209746998	876.666687011719
1853.02535272592	876.666687011719
1854.58831170257	877.333312988281
1856.1509744679	879.666687011719
1857.71334108986	878.666687011719
1859.27541163639	877
1860.8371861754	875.333312988281
1862.39866477478	878.333312988281
1863.95984750241	877.666687011719
1865.52073442614	880.333312988281
1867.0813256138	875.666687011719
1868.6416211332	874
1870.20162105213	877
1871.76132543837	878
1873.32073435968	876.666687011719
1874.87984788378	875.666687011719
1876.43866607838	876
1877.99718901118	878.333312988281
1879.55541674985	877
1881.11334936203	875
1882.67098691537	880.666687011719
1884.22832947748	875.333312988281
1885.78537711594	875.333312988281
1887.34212989833	881
1888.8985878922	877
1890.45475116508	879
1892.01061978448	881.666687011719
1893.5661938179	879
1895.12147333281	878.666687011719
1896.67645839666	875
1898.23114907688	879.333312988281
1899.78554544088	878.333312988281
1901.33964755605	879
1902.89345548978	875.666687011719
1904.4469693094	874.333312988281
1906.00018908226	873.666687011719
1907.55311487566	879.333312988281
1909.1057467569	873
1910.65808479324	877.666687011719
1912.21012905195	874
1913.76187960025	874
1915.31333650537	877.333312988281
1916.86449983448	879
1918.41536965476	876.333312988281
1919.96594603337	876.333312988281
1921.51622903745	878.666687011719
1923.06621873409	878.333312988281
1924.61591519041	878
1926.16531847346	874
1927.71442865032	878.333312988281
1929.263245788	876
1930.81176995353	877.333312988281
1932.36000121389	876
1933.90793963607	877
1935.45558528702	875.666687011719
1937.00293823368	879.666687011719
1938.54999854296	878
1940.09676628175	874
1941.64324151694	873.666687011719
1943.18942431537	882
1944.73531474389	881
1946.28091286932	873
1947.82621875844	875.333312988281
1949.37123247804	876
1950.91595409488	877.666687011719
1952.46038367568	875.666687011719
1954.00452128718	874.666687011719
1955.54836699607	876.666687011719
1957.09192086903	876.333312988281
1958.63518297272	879.333312988281
1960.17815337377	874.666687011719
1961.72083213882	873
1963.26321933445	873.333312988281
1964.80531502725	875
1966.34711928378	880
1967.88863217059	876.666687011719
1969.42985375419	877
1970.97078410108	882.333312988281
1972.51142327775	878.333312988281
1974.05177135067	877.666687011719
1975.59182838627	876
1977.13159445098	877.333312988281
1978.6710696112	877
1980.21025393333	878.666687011719
1981.74914748371	876
1983.2877503287	878
1984.82606253463	874
1986.36408416781	872.666687011719
1987.90181529451	875.333312988281
1989.439255981	875.666687011719
1990.97640629354	873
1992.51326629836	875.333312988281
1994.04983606165	877.666687011719
1995.58611564962	881.333312988281
1997.12210512843	875.333312988281
1998.65780456424	875.666687011719
2000.19321402316	875
2001.72833357132	876
2003.26316327481	874
2004.7977031997	875
2006.33195341204	875.333312988281
2007.86591397787	875
2009.3995849632	877.666687011719
2010.93296643402	878.666687011719
2012.46605845632	878.333312988281
2013.99886109605	872.666687011719
2015.53137441914	875
2017.06359849151	877.666687011719
2018.59553337907	876
2020.12717914768	872.666687011719
2021.65853586322	876.333312988281
2023.18960359151	876.333312988281
2024.72038239838	874.666687011719
2026.25087234963	875.333312988281
2027.78107351104	878.666687011719
2029.31098594838	877.333312988281
2030.84060972739	875.333312988281
2032.36994491378	872.666687011719
2033.89899157328	876.333312988281
2035.42774977156	879
2036.95621957428	878.333312988281
2038.4844010471	881
2040.01229425564	876
2041.53989926552	878.333312988281
2043.06721614231	878.333312988281
2044.59424495159	879
2046.12098575891	876.666687011719
2047.6474386298	873.333312988281
2049.17360362977	873.666687011719
2050.69948082432	874.333312988281
2052.22507027892	877.333312988281
2053.75037205902	880.333312988281
2055.27538623006	877
2056.80011285745	878.333312988281
2058.32455200659	876.666687011719
2059.84870374287	879
2061.37256813162	876.666687011719
2062.89614523821	877.333312988281
2064.41943512794	876.666687011719
2065.94243786612	876.333312988281
2067.46515351802	879.666687011719
2068.98758214891	878
2070.50972382404	879.666687011719
2072.03157860863	878.666687011719
2073.55314656788	878.666687011719
2075.07442776698	876
2076.5954222711	876.333312988281
2078.11613014538	876.666687011719
2079.63655145495	881
2081.15668626493	879.666687011719
2082.6765346404	874
2084.19609664644	877.666687011719
2085.71537234809	875.666687011719
2087.23436181039	878
2088.75306509836	880
2090.27148227699	876.333312988281
2091.78961341125	876.666687011719
2093.30745856611	876.333312988281
2094.82501780651	878.666687011719
2096.34229119735	879
2097.85927880354	873.666687011719
2099.37598068996	876
2100.89239692149	875.333312988281
2102.40852756295	876.333312988281
2103.92437267917	877
2105.43993233495	879.666687011719
2106.9552065951	877.333312988281
2108.47019552436	876.666687011719
2109.98489918749	877.666687011719
2111.49931764922	882.333312988281
2113.01345097427	877
2114.52729922731	871.333312988281
2116.04086247302	874.333312988281
2117.55414077607	874.333312988281
2119.06713420108	878.333312988281
2120.57984281267	877.333312988281
2122.09226667542	873.666687011719
2123.60440585394	876
2125.11626041277	880
2126.62783041645	882
2128.1391159295	872
2129.65011701644	874.333312988281
2131.16083374173	876.333312988281
2132.67126616985	878
2134.18141436525	877.333312988281
2135.69127839234	873.666687011719
2137.20085831554	875
2138.71015419925	876.666687011719
2140.21916610782	873
2141.72789410561	875.666687011719
2143.23633825696	876.666687011719
2144.74449862617	877.666687011719
2146.25237527755	879
2147.75996827537	880
2149.2672776839	877.666687011719
2150.77430356736	878
2152.28104598998	877.666687011719
2153.78750501597	877.333312988281
2155.2936807095	874.333312988281
2156.79957313473	877.333312988281
2158.30518235583	878
2159.81050843691	874.666687011719
2161.31555144208	879.666687011719
2162.82031143543	874
2164.32478848103	872.333312988281
2165.82898264294	879.666687011719
2167.33289398518	878.333312988281
2168.83652257177	876.333312988281
2170.33986846672	876.333312988281
2171.84293173399	876
2173.34571243754	877
2174.84821064132	876.666687011719
2176.35042640925	875.666687011719
2177.85235980522	876.333312988281
2179.35401089313	877
2180.85537973685	872.666687011719
2182.3564664002	876.333312988281
2183.85727094704	872.666687011719
2185.35779344116	876.666687011719
2186.85803394635	877.666687011719
2188.3579925264	878
2189.85766924505	878.666687011719
2191.35706416604	881.333312988281
2192.85617735308	876.666687011719
2194.35500886988	876
2195.85355878012	876.666687011719
2197.35182714745	878.666687011719
2198.84981403552	879
2200.34751950795	875.333312988281
2201.84494362836	877
2203.34208646031	879.666687011719
2204.8389480674	876.666687011719
2206.33552851316	878.666687011719
2207.83182786113	879.666687011719
2209.32784617482	878.666687011719
2210.82358351773	876
2212.31903995332	875.666687011719
2213.81421554507	875.333312988281
2215.3091103564	878
2216.80372445075	880.666687011719
2218.29805789151	880.333312988281
2219.79211074207	878.333312988281
2221.28588306578	876
2222.77937492601	876.666687011719
2224.27258638608	879.666687011719
2225.76551750929	874
2227.25816835895	879.666687011719
2228.75053899832	880.666687011719
2230.24262949066	877.666687011719
2231.7344398992	876.333312988281
2233.22597028717	877.666687011719
2234.71722071777	881
2236.20819125417	880
2237.69888195955	881.333312988281
2239.18929289704	882.666687011719
2240.67942412976	878
2242.16927572085	879.666687011719
2243.65884773337	877.333312988281
2245.1481402304	878.333312988281
2246.63715327499	878.333312988281
2248.12588693019	877.666687011719
2249.614341259	877.666687011719
2251.10251632443	881.666687011719
2252.59041218946	877.333312988281
2254.07802891704	878.666687011719
2255.56536657012	876.333312988281
2257.05242521163	873.333312988281
2258.53920490447	877
2260.02570571153	876.666687011719
2261.51192769569	880.666687011719
2262.99787091979	878.666687011719
2264.48353544667	880.333312988281
2265.96892133915	880.666687011719
2267.45402866001	879.333312988281
2268.93885747205	882
2270.42340783802	879
2271.90767982068	880.333312988281
2273.39167348273	876.666687011719
2274.87538888688	882.666687011719
2276.35882609584	877.666687011719
2277.84198517226	875.333312988281
2279.3248661788	883.333312988281
2280.80746917809	881.333312988281
2282.28979423275	874.666687011719
2283.77184140537	878.666687011719
2285.25361075854	878.333312988281
2286.73510235482	877.333312988281
2288.21631625675	876.333312988281
2289.69725252685	879
2291.17791122763	878.333312988281
2292.65829242159	877
2294.13839617119	881
2295.61822253888	879.333312988281
2297.09777158711	880
2298.57704337827	882
2300.05603797479	879.333312988281
2301.53475543903	881
2303.01319583335	880.333312988281
2304.49135922011	880
2305.96924566162	881
2307.4468552202	880
2308.92418795814	877.666687011719
2310.4012439377	881
2311.87802322115	879.666687011719
2313.35452587071	881.333312988281
2314.83075194862	882.666687011719
2316.30670151706	877.666687011719
2317.78237463821	880.333312988281
2319.25777137426	880.333312988281
2320.73289178733	878
2322.20773593956	879.666687011719
2323.68230389306	880
2325.15659570991	878
2326.6306114522	881
2328.10435118198	885
2329.57781496129	888.666687011719
2331.05100285215	885.333312988281
2332.52391491657	881.666687011719
2333.99655121652	875.333312988281
2335.46891181397	884.666687011719
2336.94099677088	882
2338.41280614917	879.333312988281
2339.88434001075	878
2341.35559841754	878
2342.82658143138	882.666687011719
2344.29728911416	882.666687011719
2345.7677215277	880.333312988281
2347.23787873384	878.666687011719
2348.70776079438	880.666687011719
2350.17736777111	876.666687011719
2351.64669972579	880.666687011719
2353.11575672018	881.666687011719
2354.58453881603	882.666687011719
2356.05304607502	882.666687011719
2357.52127855888	884.333312988281
2358.98923632928	880.333312988281
2360.45691944789	885.333312988281
2361.92432797634	882.333312988281
2363.39146197628	880.333312988281
2364.8583215093	886
2366.32490663699	883
2367.79121742095	883.666687011719
2369.25725392271	878.666687011719
2370.72301620382	881
2372.1885043258	880
2373.65371835016	883
2375.11865833837	884.666687011719
2376.58332435192	881
2378.04771645224	882.666687011719
2379.51183470077	880.333312988281
2380.97567915892	881
2382.43924988809	880.333312988281
2383.90254694967	882
2385.36557040501	882
2386.82832031545	884.666687011719
2388.29079674233	885.666687011719
2389.75299974695	884
2391.21492939061	881
2392.67658573456	885.333312988281
2394.13796884008	881
2395.5990787684	882.333312988281
2397.05991558074	882.666687011719
2398.5204793383	878.666687011719
2399.98077010226	880.333312988281
2401.44078793381	884.666687011719
2402.90053289408	886.666687011719
2404.3600050442	881
2405.81920444529	886
2407.27813115846	884
2408.73678524478	887
2410.1951667653	887
2411.65327578108	889
2413.11111235315	887.333312988281
2414.5686765425	887.333312988281
2416.02596841013	885.666687011719
2417.48298801703	889
2418.93973542413	882.333312988281
2420.39621069238	883.333312988281
2421.85241388272	883.333312988281
2423.30834505603	885.333312988281
2424.76400427321	885
2426.21939159511	883.666687011719
2427.67450708261	888
2429.12935079652	887.666687011719
2430.58392279767	889
2432.03822314685	890.666687011719
2433.49225190485	885.666687011719
2434.94600913243	889.333312988281
2436.39949489034	890.666687011719
2437.8527092393	882
2439.30565224003	879
2440.75832395322	885
2442.21072443956	885
2443.66285375969	887.666687011719
2445.11471197425	887
2446.56629914389	887.333312988281
2448.0176153292	887.333312988281
2449.46866059077	883
2450.91943498918	883
2452.36993858497	885.666687011719
2453.82017143869	887.333312988281
2455.27013361086	882
2456.71982516198	885.666687011719
2458.16924615254	888.333312988281
2459.618396643	884.666687011719
2461.06727669381	883.333312988281
2462.51588636541	885.333312988281
2463.96422571822	883.666687011719
2465.41229481263	888
2466.86009370902	883
2468.30762246776	881.666687011719
2469.7548811492	884
2471.20186981366	879.666687011719
2472.64858852145	884.333312988281
2474.09503733289	883
2475.54121630822	884.333312988281
2476.98712550773	884.333312988281
2478.43276499165	881
2479.87813482022	880.333312988281
2481.32323505362	884.333312988281
2482.76806575206	883.333312988281
2484.21262697572	881.666687011719
2485.65691878475	883.666687011719
2487.10094123928	887
2488.54469439945	879.333312988281
2489.98817832535	885.333312988281
2491.43139307707	880.666687011719
2492.87433871469	885
2494.31701529826	879.666687011719
2495.75942288781	886.333312988281
2497.20156154336	891
2498.64343132492	880.333312988281
2500.08503229247	884.333312988281
2501.52636450597	891
2502.96742802538	882.333312988281
2504.40822291064	882.666687011719
2505.84874922164	882.333312988281
2507.28900701831	884.333312988281
2508.72899636051	884.666687011719
2510.16871730811	881.333312988281
2511.60816992096	886.666687011719
2513.04735425889	884.333312988281
2514.48627038171	886.666687011719
2515.92491834923	889
2517.36329822121	882
2518.80141005741	881
2520.2392539176	885
2521.67682986148	885.333312988281
2523.11413794877	884.333312988281
2524.55117823917	886
2525.98795079236	883.333312988281
2527.42445566799	882.333312988281
2528.8606929257	885
2530.29666262512	882.666687011719
2531.73236482585	885
2533.1677995875	882
2534.60296696963	885
2536.0378670318	884.333312988281
2537.47249983355	883
2538.9068654344	883.333312988281
2540.34096389386	882.333312988281
2541.77479527142	883
2543.20835962655	882
2544.64165701872	880.333312988281
2546.07468750733	887
2547.50745115185	885.666687011719
2548.93994801164	882
2550.37217814612	880.666687011719
2551.80414161464	881.333312988281
2553.23583847656	878.333312988281
2554.66726879122	884
2556.09843261793	883.333312988281
2557.52933001601	884.666687011719
2558.95996104472	884.333312988281
2560.39032576336	886
2561.82042423115	884.666687011719
2563.25025650735	882.333312988281
2564.67982265116	880.666687011719
2566.10912272179	882.666687011719
2567.53815677843	884
2568.96692488024	883.333312988281
2570.39542708636	885
2571.82366345595	885.333312988281
2573.2516340481	884.666687011719
2574.67933892193	884.666687011719
2576.1067781365	888.666687011719
2577.5339517509	887.333312988281
2578.96085982417	883
2580.38750241534	883.333312988281
2581.81387958342	885.666687011719
2583.23999138743	886.333312988281
2584.66583788633	891.333312988281
2586.09141913909	886
2587.51673520467	882
2588.94178614199	884.333312988281
2590.36657200997	887.333312988281
2591.7910928675	881.333312988281
2593.21534877348	885.666687011719
2594.63933978675	884.666687011719
2596.06306596618	884
2597.48652737058	884
2598.90972405879	890.666687011719
2600.33265608958	887.333312988281
2601.75532352174	885.666687011719
2603.17772641405	885.333312988281
2604.59986482524	884.333312988281
2606.02173881404	879.333312988281
2607.44334843917	883
2608.86469375933	885
2610.2857748332	889.666687011719
2611.70659171943	886.333312988281
2613.12714447668	884.666687011719
2614.54743316358	885.333312988281
2615.96745783874	887.333312988281
2617.38721856076	887.666687011719
2618.80671538822	889
2620.22594837968	887.333312988281
2621.64491759369	887.333312988281
2623.06362308877	880
2624.48206492346	881.666687011719
2625.90024315623	887
2627.31815784557	888
2628.73580904994	884.333312988281
2630.1531968278	886.666687011719
2631.57032123757	886.333312988281
2632.98718233767	885.333312988281
2634.40378018649	889.333312988281
2635.82011484241	890.666687011719
2637.2361863638	884
2638.65199480901	888.666687011719
2640.06754023636	889.333312988281
2641.48282270418	893
2642.89784227076	889.666687011719
2644.31259899437	892.333312988281
2645.7270929333	890
2647.14132414577	889.333312988281
2648.55529269003	885
2649.9689986243	886.666687011719
2651.38244200676	891.666687011719
2652.7956228956	892
2654.20854134899	888
2655.62119742508	894
2657.033591182	896
2658.44572267785	889.333312988281
2659.85759197076	895.333312988281
2661.26919911879	890
2662.68054418002	894.666687011719
2664.09162721249	898
2665.50244827423	893.666687011719
2666.91300742327	899.333312988281
2668.32330471762	892.666687011719
2669.73334021523	902.333312988281
2671.1431139741	904.333312988281
2672.55262605217	902
2673.96187650737	904.666687011719
2675.37086539762	909.666687011719
2676.77959278083	909
2678.18805871488	908.333312988281
2679.59626325764	913
2681.00420646696	918.333312988281
2682.41188840068	916.333312988281
2683.81930911662	915.333312988281
2685.22646867259	918.666687011719
2686.63336712637	922
2688.04000453573	930.666687011719
2689.44638095843	923.333312988281
2690.8524964522	927
2692.25835107476	921.333312988281
2693.66394488383	915.666687011719
2695.06927793709	925.333312988281
2696.47435029222	927
2697.87916200687	928
2699.28371313867	935.333312988281
2700.68800374527	933
2702.09203388425	936.666687011719
2703.49580361322	929.666687011719
2704.89931298975	928
2706.30256207139	932.666687011719
2707.7055509157	931.333312988281
2709.10827958019	933.333312988281
2710.51074812238	931.666687011719
2711.91295659976	933.666687011719
2713.3149050698	929.333312988281
2714.71659358998	929.333312988281
2716.11802221772	930
2717.51919101047	934
2718.92010002563	921
2720.3207493206	922.333312988281
2721.72113895276	920.666687011719
2723.12126897948	916.333312988281
2724.52113945809	917.333312988281
2725.92075044593	916.333312988281
2727.32010200032	917
2728.71919417856	911.333312988281
2730.11802703793	909.666687011719
2731.51660063568	914.333312988281
2732.91491502909	908
2734.31297027537	902.333312988281
2735.71076643175	902.333312988281
2737.10830355543	902.333312988281
2738.50558170359	904.666687011719
2739.9026009334	900
2741.29936130202	898.666687011719
2742.69586286658	901.333312988281
2744.09210568421	899
2745.488089812	893
2746.88381530705	894
2748.27928222644	893
2749.67449062721	895.666687011719
2751.06944056641	896.666687011719
2752.46413210106	893.333312988281
2753.85856528816	892.666687011719
2755.25274018472	890.666687011719
2756.64665684771	892
2758.04031533408	889.666687011719
2759.43371570079	889.333312988281
2760.82685800475	888
2762.21974230289	887.666687011719
2763.61236865209	889.333312988281
2765.00473710924	894.666687011719
2766.39684773119	885.333312988281
2767.78870057481	892.333312988281
2769.1802956969	890.333312988281
2770.57163315431	889
2771.96271300382	889.666687011719
2773.35353530221	892.333312988281
2774.74410010626	888.333312988281
2776.13440747271	886.666687011719
2777.52445745831	888.333312988281
2778.91425011976	887.333312988281
2780.30378551378	887
2781.69306369705	886.666687011719
2783.08208472624	885.333312988281
2784.47084865801	892.333312988281
2785.859355549	893.333312988281
2787.24760545582	885
2788.6355984351	886.666687011719
2790.02333454342	888
2791.41081383735	885.333312988281
2792.79803637346	889.666687011719
2794.18500220829	891.666687011719
2795.57171139836	890.666687011719
2796.9581640002	888
2798.34436007029	887.333312988281
2799.73029966512	884.333312988281
2801.11598284115	888.333312988281
2802.50140965482	888.666687011719
2803.88658016258	890
2805.27149442084	887.333312988281
2806.656152486	886.333312988281
2808.04055441444	891
2809.42470026253	889
2810.80859008663	890
2812.19222394307	887.333312988281
2813.57560188818	890
2814.95872397826	888.666687011719
2816.3415902696	891
2817.72420081847	888.666687011719
2819.10655568113	889.666687011719
2820.48865491383	891.333312988281
2821.87049857279	891
2823.25208671423	892.333312988281
2824.63341939433	892.333312988281
2826.01449666927	888.333312988281
2827.39531859523	889.333312988281
2828.77588522834	892
2830.15619662474	889.666687011719
2831.53625284055	893
2832.91605393186	889.666687011719
2834.29559995476	892.333312988281
2835.67489096532	891
2837.05392701958	887.333312988281
2838.4327081736	893.666687011719
2839.81123448339	889
2841.18950600495	892.666687011719
2842.56752279428	888
2843.94528490734	889
2845.32279240011	891.333312988281
2846.70004532851	888
2848.07704374849	891.666687011719
2849.45378771594	891
2850.83027728677	893
2852.20651251686	891.666687011719
2853.58249346206	895.333312988281
2854.95822017823	893
2856.33369272121	898
2857.7089111468	898
2859.08387551082	890.333312988281
2860.45858586904	892.666687011719
2861.83304227724	889.333312988281
2863.20724479117	892.333312988281
2864.58119346656	897
2865.95488835916	892
2867.32832952466	890
2868.70151701875	896.666687011719
2870.07445089711	892
2871.44713121541	893.333312988281
2872.81955802928	892.666687011719
2874.19173139436	894
2875.56365136627	893
2876.93531800058	896.333312988281
2878.30673135291	897
2879.6778914788	890.666687011719
2881.04879843382	899.333312988281
