1,042687E+2	-3,214029E+0
1,042244E+2	-3,213850E+0
1,040762E+2	-3,213740E+0
1,040292E+2	-3,213161E+0
1,038804E+2	-3,213227E+0
1,038334E+2	-3,212878E+0
1,036833E+2	-3,212836E+0
1,036399E+2	-3,212497E+0
1,034919E+2	-3,212276E+0
1,034526E+2	-3,212141E+0
1,033019E+2	-3,211341E+0
1,032618E+2	-3,211687E+0
1,031161E+2	-3,211361E+0
1,030799E+2	-3,210991E+0
1,029360E+2	-3,210781E+0
1,028961E+2	-3,210349E+0
1,027486E+2	-3,210550E+0
1,027111E+2	-3,210066E+0
1,025658E+2	-3,209462E+0
1,025392E+2	-3,209579E+0
1,023982E+2	-3,209234E+0
1,023624E+2	-3,209169E+0
1,022183E+2	-3,208909E+0
1,021818E+2	-3,208655E+0
1,020441E+2	-3,208424E+0
1,020186E+2	-3,208045E+0
1,018767E+2	-3,207477E+0
1,018421E+2	-3,207860E+0
1,017023E+2	-3,207323E+0
1,016837E+2	-3,206689E+0
1,015481E+2	-3,206598E+0
1,015181E+2	-3,206574E+0
1,013709E+2	-3,206350E+0
1,013480E+2	-3,206102E+0
1,012104E+2	-3,205650E+0
1,011981E+2	-3,205679E+0
1,010593E+2	-3,205518E+0
1,010213E+2	-3,204750E+0
1,008886E+2	-3,204592E+0
1,008654E+2	-3,204797E+0
1,007280E+2	-3,204262E+0
1,007095E+2	-3,204379E+0
1,005751E+2	-3,204022E+0
1,005441E+2	-3,203884E+0
1,004144E+2	-3,203606E+0
1,004025E+2	-3,203160E+0
1,002655E+2	-3,202922E+0
1,002393E+2	-3,202618E+0
1,001063E+2	-3,202332E+0
1,000901E+2	-3,201958E+0
9,995682E+1	-3,202113E+0
9,994549E+1	-3,201945E+0
9,982013E+1	-3,201280E+0
9,979142E+1	-3,201365E+0
9,966282E+1	-3,201000E+0
9,964218E+1	-3,200986E+0
9,951161E+1	-3,200493E+0
9,949161E+1	-3,200509E+0
9,937756E+1	-3,200064E+0
9,935012E+1	-3,199808E+0
9,922461E+1	-3,200095E+0
9,920722E+1	-3,199735E+0
9,908456E+1	-3,199168E+0
9,906253E+1	-3,199362E+0
9,894623E+1	-3,198983E+0
9,892469E+1	-3,198828E+0
9,879943E+1	-3,198599E+0
9,879352E+1	-3,198059E+0
9,867403E+1	-3,197760E+0
9,864983E+1	-3,197618E+0
9,852596E+1	-3,197223E+0
9,851220E+1	-3,197021E+0
9,839171E+1	-3,196952E+0
9,837536E+1	-3,196632E+0
9,826704E+1	-3,196603E+0
9,823355E+1	-3,196017E+0
9,812470E+1	-3,195982E+0
9,811866E+1	-3,195674E+0
9,799617E+1	-3,195358E+0
9,796317E+1	-3,195369E+0
9,786016E+1	-3,195035E+0
9,783711E+1	-3,194806E+0
9,772706E+1	-3,194641E+0
9,772097E+1	-3,194277E+0
9,760534E+1	-3,194072E+0
9,757089E+1	-3,193860E+0
9,746146E+1	-3,193832E+0
9,745917E+1	-3,193529E+0
9,733935E+1	-3,193409E+0
9,733036E+1	-3,193371E+0
9,722226E+1	-3,193210E+0
9,718604E+1	-3,193106E+0
9,708805E+1	-3,192830E+0
9,707873E+1	-3,192788E+0
9,696130E+1	-3,192876E+0
9,693214E+1	-3,192525E+0
9,684628E+1	-3,192255E+0
9,681768E+1	-3,192283E+0
9,672412E+1	-3,191808E+0
9,670407E+1	-3,191894E+0
9,660753E+1	-3,191847E+0
9,657332E+1	-3,191647E+0
9,647023E+1	-3,191547E+0
9,645590E+1	-3,191344E+0
9,636691E+1	-3,191067E+0
9,633735E+1	-3,191060E+0
9,625028E+1	-3,190609E+0
9,621726E+1	-3,190481E+0
9,613504E+1	-3,190405E+0
9,610504E+1	-3,190355E+0
9,601283E+1	-3,190157E+0
9,597674E+1	-3,189931E+0
9,589450E+1	-3,189945E+0
9,585856E+1	-3,189859E+0
9,578302E+1	-3,189592E+0
9,575177E+1	-3,189202E+0
9,566208E+1	-3,189271E+0
9,561535E+1	-3,189510E+0
9,554704E+1	-3,188864E+0
9,552127E+1	-3,188816E+0
9,544858E+1	-3,188605E+0
9,539363E+1	-3,188664E+0
9,532404E+1	-3,188565E+0
9,527856E+1	-3,188006E+0
9,521355E+1	-3,188198E+0
9,518897E+1	-3,188087E+0
9,510264E+1	-3,187549E+0
9,505989E+1	-3,187336E+0
9,499578E+1	-3,187613E+0
9,495399E+1	-3,187554E+0
9,490434E+1	-3,187146E+0
9,485913E+1	-3,186907E+0
9,478367E+1	-3,186621E+0
9,473550E+1	-3,186863E+0
9,467220E+1	-3,186511E+0
9,463822E+1	-3,186264E+0
9,458092E+1	-3,186248E+0
9,452812E+1	-3,185814E+0
9,446793E+1	-3,185695E+0
9,441802E+1	-3,185654E+0
9,437679E+1	-3,185660E+0
9,432957E+1	-3,185333E+0
9,425355E+1	-3,185156E+0
9,420007E+1	-3,185012E+0
9,415991E+1	-3,185070E+0
9,411062E+1	-3,184909E+0
9,406091E+1	-3,184864E+0
9,400907E+1	-3,184414E+0
9,396071E+1	-3,184054E+0
9,389597E+1	-3,183840E+0
9,385528E+1	-3,184001E+0
9,381304E+1	-3,183626E+0
9,376157E+1	-3,183637E+0
9,369920E+1	-3,183374E+0
9,365852E+1	-3,182982E+0
9,360045E+1	-3,182931E+0
9,357433E+1	-3,182873E+0
9,350466E+1	-3,182436E+0
9,345388E+1	-3,182617E+0
9,339049E+1	-3,182391E+0
9,337502E+1	-3,181951E+0
9,329503E+1	-3,182134E+0
9,327545E+1	-3,182149E+0
9,320520E+1	-3,181736E+0
9,316662E+1	-3,181707E+0
9,309392E+1	-3,181838E+0
9,308154E+1	-3,181618E+0
9,301324E+1	-3,181288E+0
9,297226E+1	-3,181397E+0
9,290740E+1	-3,181095E+0
9,289540E+1	-3,180855E+0
9,282023E+1	-3,180747E+0
9,280156E+1	-3,180446E+0
9,273283E+1	-3,180472E+0
9,270423E+1	-3,180314E+0
9,262438E+1	-3,179985E+0
9,261959E+1	-3,179716E+0
9,254255E+1	-3,179850E+0
9,252260E+1	-3,179486E+0
9,243751E+1	-3,179325E+0
9,242557E+1	-3,179382E+0
9,234097E+1	-3,178999E+0
9,235204E+1	-3,179146E+0
9,226902E+1	-3,178787E+0
9,225905E+1	-3,178609E+0
9,216584E+1	-3,178398E+0
9,216297E+1	-3,178452E+0
9,208300E+1	-3,178257E+0
9,206659E+1	-3,177870E+0
9,197860E+1	-3,177898E+0
9,199149E+1	-3,177711E+0
9,190327E+1	-3,177449E+0
9,190774E+1	-3,177425E+0
9,182053E+1	-3,177181E+0
9,181511E+1	-3,177178E+0
9,171744E+1	-3,177094E+0
9,172836E+1	-3,176982E+0
9,164641E+1	-3,176652E+0
9,164858E+1	-3,176652E+0
9,154321E+1	-3,176153E+0
9,155603E+1	-3,175968E+0
9,145465E+1	-3,176121E+0
9,147519E+1	-3,175720E+0
9,137900E+1	-3,175766E+0
9,139307E+1	-3,175692E+0
9,129666E+1	-3,175432E+0
9,131084E+1	-3,175357E+0
9,121910E+1	-3,175015E+0
9,122063E+1	-3,175178E+0
9,112266E+1	-3,175062E+0
9,114409E+1	-3,174746E+0
9,104721E+1	-3,174632E+0
9,106775E+1	-3,174525E+0
9,096557E+1	-3,174397E+0
9,097879E+1	-3,174081E+0
9,087261E+1	-3,174396E+0
9,090029E+1	-3,173836E+0
9,080845E+1	-3,173925E+0
9,081779E+1	-3,173862E+0
9,071521E+1	-3,173721E+0
9,073861E+1	-3,173756E+0
9,063014E+1	-3,173668E+0
9,066041E+1	-3,173270E+0
9,056426E+1	-3,172948E+0
9,058028E+1	-3,172831E+0
9,047461E+1	-3,172575E+0
9,050066E+1	-3,172565E+0
9,040533E+1	-3,172581E+0
9,042615E+1	-3,172518E+0
9,031001E+1	-3,172117E+0
9,034728E+1	-3,172234E+0
9,024338E+1	-3,171986E+0
9,026566E+1	-3,171976E+0
9,017455E+1	-3,171849E+0
9,019907E+1	-3,171614E+0
9,009224E+1	-3,171640E+0
9,012280E+1	-3,171619E+0
9,002507E+1	-3,171373E+0
9,003597E+1	-3,171344E+0
8,992889E+1	-3,171145E+0
8,995629E+1	-3,170827E+0
8,986083E+1	-3,170603E+0
8,989138E+1	-3,170283E+0
8,979587E+1	-3,169768E+0
8,981229E+1	-3,169631E+0
8,971355E+1	-3,168817E+0
8,974654E+1	-3,168540E+0
8,964965E+1	-3,168085E+0
8,966648E+1	-3,167451E+0
8,955549E+1	-3,166107E+0
8,958740E+1	-3,165257E+0
8,949186E+1	-3,164045E+0
8,951140E+1	-3,162690E+0
8,943178E+1	-3,160893E+0
8,944077E+1	-3,158957E+0
8,935212E+1	-3,157155E+0
8,939422E+1	-3,154681E+0
8,929321E+1	-3,152330E+0
8,930738E+1	-3,149126E+0
8,921299E+1	-3,146008E+0
8,924034E+1	-3,142342E+0
8,914185E+1	-3,138459E+0
8,916582E+1	-3,134113E+0
8,907554E+1	-3,129617E+0
8,908774E+1	-3,124554E+0
8,899922E+1	-3,119057E+0
8,903667E+1	-3,113199E+0
8,894292E+1	-3,107145E+0
8,894969E+1	-3,101030E+0
8,886266E+1	-3,094682E+0
8,889050E+1	-3,088023E+0
8,880099E+1	-3,080644E+0
8,882378E+1	-3,073264E+0
8,874632E+1	-3,066084E+0
8,875539E+1	-3,058368E+0
8,866679E+1	-3,050559E+0
8,868768E+1	-3,042463E+0
8,860176E+1	-3,033885E+0
8,862273E+1	-3,025864E+0
8,854580E+1	-3,016856E+0
8,855132E+1	-3,008324E+0
8,847207E+1	-2,998939E+0
8,850434E+1	-2,989718E+0
8,841346E+1	-2,980175E+0
8,841613E+1	-2,970090E+0
8,833542E+1	-2,960184E+0
8,835802E+1	-2,950634E+0
8,827224E+1	-2,939966E+0
8,829198E+1	-2,929785E+0
8,822482E+1	-2,919362E+0
8,822698E+1	-2,908034E+0
8,815416E+1	-2,897105E+0
8,818613E+1	-2,886016E+0
8,810626E+1	-2,874524E+0
8,810637E+1	-2,862973E+0
8,802600E+1	-2,851779E+0
8,804793E+1	-2,839575E+0
8,797332E+1	-2,827800E+0
8,798087E+1	-2,816012E+0
8,791772E+1	-2,803292E+0
8,791525E+1	-2,790993E+0
8,784915E+1	-2,778755E+0
8,786977E+1	-2,765915E+0
8,779345E+1	-2,753194E+0
8,778902E+1	-2,740274E+0
8,772553E+1	-2,727341E+0
8,774217E+1	-2,714344E+0
8,767794E+1	-2,701075E+0
8,767892E+1	-2,687027E+0
8,761962E+1	-2,673597E+0
8,760277E+1	-2,660394E+0
8,755651E+1	-2,645180E+0
8,757037E+1	-2,631276E+0
8,750042E+1	-2,617556E+0
8,749084E+1	-2,603250E+0
8,744112E+1	-2,588840E+0
8,744337E+1	-2,573714E+0
8,739474E+1	-2,559431E+0
8,738934E+1	-2,543767E+0
8,733201E+1	-2,528823E+0
8,731792E+1	-2,513027E+0
8,728179E+1	-2,496974E+0
8,728825E+1	-2,481020E+0
8,722431E+1	-2,465062E+0
8,720690E+1	-2,447486E+0
8,716292E+1	-2,431234E+0
8,715469E+1	-2,414198E+0
8,712699E+1	-2,396585E+0
8,711574E+1	-2,378064E+0
8,706010E+1	-2,360474E+0
8,703631E+1	-2,342595E+0
8,701489E+1	-2,323236E+0
8,700845E+1	-2,304116E+0
8,695539E+1	-2,284213E+0
8,693272E+1	-2,263898E+0
8,690227E+1	-2,244064E+0
8,688434E+1	-2,223591E+0
8,686357E+1	-2,201782E+0
8,684484E+1	-2,179533E+0
8,679968E+1	-2,157991E+0
8,676810E+1	-2,135037E+0
8,675579E+1	-2,112430E+0
8,674353E+1	-2,089217E+0
8,670745E+1	-2,065076E+0
8,668485E+1	-2,040403E+0
8,665225E+1	-2,015062E+0
8,662914E+1	-1,991409E+0
8,660758E+1	-1,965592E+0
8,659272E+1	-1,940156E+0
8,655463E+1	-1,914968E+0
8,652141E+1	-1,888069E+0
8,650212E+1	-1,862374E+0
8,647603E+1	-1,836625E+0
8,646607E+1	-1,809449E+0
8,643005E+1	-1,783543E+0
8,640172E+1	-1,757989E+0
8,636460E+1	-1,731008E+0
8,636462E+1	-1,705715E+0
8,633443E+1	-1,681027E+0
8,630895E+1	-1,655241E+0
8,626095E+1	-1,630728E+0
8,626202E+1	-1,606787E+0
8,622868E+1	-1,582755E+0
8,621857E+1	-1,560492E+0
8,619164E+1	-1,538890E+0
8,617532E+1	-1,516615E+0
8,612330E+1	-1,495257E+0
8,612515E+1	-1,475569E+0
8,608990E+1	-1,455516E+0
8,607584E+1	-1,436550E+0
8,603667E+1	-1,418829E+0
8,603048E+1	-1,401538E+0
8,598534E+1	-1,383961E+0
8,599912E+1	-1,366918E+0
8,595438E+1	-1,351467E+0
8,593430E+1	-1,335646E+0
8,588444E+1	-1,320976E+0
8,589989E+1	-1,306629E+0
8,585066E+1	-1,292802E+0
8,586183E+1	-1,278970E+0
8,580920E+1	-1,266215E+0
8,581404E+1	-1,253143E+0
8,574925E+1	-1,240961E+0
8,577898E+1	-1,229301E+0
8,572223E+1	-1,218223E+0
8,571066E+1	-1,206860E+0
8,564907E+1	-1,195812E+0
8,568655E+1	-1,185615E+0
8,561804E+1	-1,175632E+0
8,564215E+1	-1,165993E+0
8,558885E+1	-1,156413E+0
8,560332E+1	-1,147060E+0
8,553292E+1	-1,138139E+0
8,555815E+1	-1,129756E+0
8,549701E+1	-1,121050E+0
8,551448E+1	-1,112841E+0
8,545266E+1	-1,105159E+0
8,547697E+1	-1,097660E+0
8,540708E+1	-1,090291E+0
8,544354E+1	-1,083009E+0
8,537551E+1	-1,076194E+0
8,538619E+1	-1,069121E+0
8,531613E+1	-1,062878E+0
8,535688E+1	-1,056477E+0
8,528517E+1	-1,050422E+0
8,532345E+1	-1,044376E+0
8,524948E+1	-1,038611E+0
8,527784E+1	-1,033005E+0
8,519189E+1	-1,027388E+0
8,523800E+1	-1,022097E+0
8,515717E+1	-1,016871E+0
8,518777E+1	-1,011744E+0
8,511498E+1	-1,006619E+0
8,515963E+1	-1,001993E+0
8,507407E+1	-9,974592E-1
8,511732E+1	-9,927102E-1
8,504612E+1	-9,886786E-1
8,507515E+1	-9,843366E-1
8,499500E+1	-9,796808E-1
8,504056E+1	-9,757720E-1
8,496015E+1	-9,717270E-1
8,501105E+1	-9,679255E-1
8,492945E+1	-9,641351E-1
8,496865E+1	-9,605009E-1
8,488299E+1	-9,568104E-1
8,493224E+1	-9,528927E-1
8,485504E+1	-9,497525E-1
8,489453E+1	-9,464878E-1
8,481123E+1	-9,431951E-1
8,485595E+1	-9,399120E-1
8,476903E+1	-9,368022E-1
8,482169E+1	-9,336279E-1
8,474462E+1	-9,308535E-1
8,478538E+1	-9,279762E-1
8,468683E+1	-9,250681E-1
8,474215E+1	-9,223094E-1
8,465476E+1	-9,196788E-1
8,470718E+1	-9,168662E-1
8,462435E+1	-9,142425E-1
8,465957E+1	-9,122786E-1
8,457676E+1	-9,094753E-1
8,462731E+1	-9,069165E-1
8,454518E+1	-9,046606E-1
8,458427E+1	-9,022670E-1
8,451235E+1	-9,001440E-1
8,455481E+1	-8,978999E-1
8,447103E+1	-8,956559E-1
8,453157E+1	-8,935176E-1
8,444790E+1	-8,912754E-1
8,448847E+1	-8,894142E-1
8,439867E+1	-8,874782E-1
8,444579E+1	-8,851454E-1
8,436770E+1	-8,833193E-1
8,441652E+1	-8,813120E-1
8,434369E+1	-8,795062E-1
8,437776E+1	-8,776755E-1
8,430041E+1	-8,762946E-1
8,434788E+1	-8,742083E-1
8,427701E+1	-8,723923E-1
8,431222E+1	-8,706833E-1
8,422766E+1	-8,691809E-1
8,426958E+1	-8,676403E-1
8,419763E+1	-8,661044E-1
8,424755E+1	-8,640948E-1
8,417365E+1	-8,628642E-1
8,421050E+1	-8,613919E-1
8,413040E+1	-8,601313E-1
8,418523E+1	-8,583350E-1
8,410352E+1	-8,569826E-1
8,414716E+1	-8,557813E-1
8,407379E+1	-8,543278E-1
8,411085E+1	-8,529472E-1
8,403434E+1	-8,513834E-1
8,409088E+1	-8,505393E-1
8,401426E+1	-8,487118E-1
8,404499E+1	-8,476165E-1
8,396802E+1	-8,464313E-1
8,401655E+1	-8,452484E-1
8,394230E+1	-8,439036E-1
8,397924E+1	-8,426386E-1
8,391832E+1	-8,413856E-1
8,394263E+1	-8,405733E-1
8,387656E+1	-8,393211E-1
8,392685E+1	-8,380823E-1
8,385442E+1	-8,371244E-1
8,388100E+1	-8,359682E-1
8,381651E+1	-8,349332E-1
8,385753E+1	-8,337568E-1
8,379035E+1	-8,325408E-1
8,383463E+1	-8,317779E-1
8,377443E+1	-8,309158E-1
8,380333E+1	-8,297701E-1
8,373521E+1	-8,287256E-1
8,377824E+1	-8,280529E-1
8,371064E+1	-8,266800E-1
8,374534E+1	-8,258519E-1
8,368955E+1	-8,249803E-1
8,370575E+1	-8,245105E-1
8,365184E+1	-8,235052E-1
8,369748E+1	-8,226322E-1
8,363795E+1	-8,216570E-1
8,365536E+1	-8,204741E-1
8,359607E+1	-8,200333E-1
8,363539E+1	-8,190920E-1
8,358266E+1	-8,180259E-1
8,360464E+1	-8,174786E-1
8,355789E+1	-8,166649E-1
8,356167E+1	-8,162990E-1
8,353134E+1	-8,148977E-1
8,356136E+1	-8,143884E-1
8,350292E+1	-8,135240E-1
8,351063E+1	-8,128374E-1
8,346641E+1	-8,120362E-1
8,349240E+1	-8,115983E-1
8,345287E+1	-8,105757E-1
8,346574E+1	-8,100867E-1
8,342344E+1	-8,092688E-1
8,342197E+1	-8,085416E-1
8,339435E+1	-8,079346E-1
8,342335E+1	-8,070320E-1
8,337166E+1	-8,065351E-1
8,338173E+1	-8,060320E-1
8,334264E+1	-8,052211E-1
8,336686E+1	-8,047876E-1
8,332218E+1	-8,036746E-1
8,334394E+1	-8,034331E-1
8,329806E+1	-8,027892E-1
8,329656E+1	-8,022339E-1
8,326591E+1	-8,011985E-1
8,329562E+1	-8,008560E-1
8,326180E+1	-8,002722E-1
8,324741E+1	-8,000007E-1
8,321957E+1	-7,992261E-1
8,322046E+1	-7,988027E-1
8,320876E+1	-7,982066E-1
8,321460E+1	-7,973302E-1
8,318074E+1	-7,969710E-1
8,316472E+1	-7,963402E-1
8,314775E+1	-7,959240E-1
8,316022E+1	-7,952342E-1
8,312757E+1	-7,946692E-1
8,313583E+1	-7,942657E-1
8,310858E+1	-7,941037E-1
8,309283E+1	-7,935456E-1
8,308319E+1	-7,929982E-1
8,309281E+1	-7,925119E-1
8,305557E+1	-7,918262E-1
8,304738E+1	-7,915080E-1
8,303442E+1	-7,908476E-1
8,302479E+1	-7,905965E-1
8,302940E+1	-7,901433E-1
8,301679E+1	-7,896194E-1
8,299496E+1	-7,893282E-1
8,297434E+1	-7,887414E-1
8,297432E+1	-7,882205E-1
8,296923E+1	-7,876376E-1
8,295005E+1	-7,874788E-1
8,292783E+1	-7,870711E-1
8,292786E+1	-7,863863E-1
8,290423E+1	-7,857976E-1
8,292384E+1	-7,855779E-1
8,289993E+1	-7,849215E-1
8,287892E+1	-7,846508E-1
8,285139E+1	-7,843583E-1
8,287398E+1	-7,838417E-1
8,284772E+1	-7,837155E-1
8,285208E+1	-7,830665E-1
8,283249E+1	-7,825854E-1
8,283259E+1	-7,824638E-1
8,279573E+1	-7,820864E-1
8,280302E+1	-7,815929E-1
8,278378E+1	-7,814101E-1
8,277609E+1	-7,808324E-1
8,274502E+1	-7,805040E-1
8,276192E+1	-7,801992E-1
8,272729E+1	-7,796073E-1
8,275396E+1	-7,795265E-1
8,271792E+1	-7,788728E-1
8,271994E+1	-7,784492E-1
8,268328E+1	-7,781744E-1
8,270345E+1	-7,777825E-1
8,267554E+1	-7,774841E-1
8,268736E+1	-7,771760E-1
8,263820E+1	-7,768646E-1
8,266485E+1	-7,768064E-1
8,262106E+1	-7,762911E-1
8,265005E+1	-7,759754E-1
8,261286E+1	-7,754614E-1
8,262481E+1	-7,754698E-1
8,257084E+1	-7,749252E-1
8,260777E+1	-7,748292E-1
8,256005E+1	-7,743465E-1
8,259075E+1	-7,740180E-1
8,254844E+1	-7,739495E-1
8,257462E+1	-7,735928E-1
8,251207E+1	-7,733286E-1
8,255013E+1	-7,731193E-1
8,250114E+1	-7,722578E-1
8,252902E+1	-7,721442E-1
8,247704E+1	-7,720282E-1
8,251897E+1	-7,717779E-1
8,245770E+1	-7,713575E-1
8,250628E+1	-7,712593E-1
8,244636E+1	-7,709409E-1
8,246977E+1	-7,706456E-1
8,241068E+1	-7,704664E-1
8,246196E+1	-7,702016E-1
8,240074E+1	-7,698154E-1
8,244436E+1	-7,694368E-1
8,239855E+1	-7,693351E-1
8,243383E+1	-7,688509E-1
8,236309E+1	-7,686111E-1
8,242399E+1	-7,683584E-1
8,235979E+1	-7,680049E-1
8,240045E+1	-7,677479E-1
8,233875E+1	-7,676389E-1
8,239032E+1	-7,672753E-1
8,232293E+1	-7,670892E-1
8,237890E+1	-7,670140E-1
8,231154E+1	-7,666348E-1
8,235844E+1	-7,663448E-1
8,227782E+1	-7,660762E-1
8,234144E+1	-7,658058E-1
8,226299E+1	-7,657063E-1
8,231841E+1	-7,654987E-1
8,225693E+1	-7,651262E-1
8,230511E+1	-7,651768E-1
8,222571E+1	-7,653546E-1
8,228841E+1	-7,645668E-1
8,222015E+1	-7,640820E-1
8,226725E+1	-7,640921E-1
8,219317E+1	-7,636257E-1
8,225197E+1	-7,634365E-1
8,217413E+1	-7,632653E-1
8,224289E+1	-7,630495E-1
8,216855E+1	-7,630607E-1
8,222125E+1	-7,628334E-1
8,214352E+1	-7,625737E-1
8,219961E+1	-7,620839E-1
8,213127E+1	-7,620869E-1
8,219283E+1	-7,617374E-1
8,212038E+1	-7,618717E-1
8,217647E+1	-7,616015E-1
8,209618E+1	-7,614389E-1
8,216119E+1	-7,609014E-1
8,209056E+1	-7,607618E-1
8,213234E+1	-7,604552E-1
8,205410E+1	-7,603651E-1
8,212304E+1	-7,602920E-1
8,204749E+1	-7,600989E-1
8,211478E+1	-7,597545E-1
8,203919E+1	-7,596949E-1
8,208989E+1	-7,593806E-1
8,201363E+1	-7,592464E-1
8,207523E+1	-7,590769E-1
8,200509E+1	-7,589086E-1
8,205956E+1	-7,585724E-1
8,199115E+1	-7,585813E-1
8,203928E+1	-7,582512E-1
8,197076E+1	-7,580400E-1
8,204047E+1	-7,580331E-1
8,196502E+1	-7,579840E-1
8,200430E+1	-7,579672E-1
8,193525E+1	-7,575930E-1
8,199563E+1	-7,574189E-1
8,192180E+1	-7,574305E-1
8,197307E+1	-7,568253E-1
8,191810E+1	-7,568602E-1
8,196579E+1	-7,567135E-1
8,189518E+1	-7,561837E-1
8,195449E+1	-7,561675E-1
8,189123E+1	-7,562699E-1
8,193352E+1	-7,561996E-1
8,185561E+1	-7,556783E-1
8,191517E+1	-7,555007E-1
8,185044E+1	-7,552883E-1
8,191023E+1	-7,553374E-1
8,184971E+1	-7,551112E-1
8,188997E+1	-7,549569E-1
8,182469E+1	-7,546391E-1
8,187935E+1	-7,546526E-1
8,181786E+1	-7,545016E-1
8,186203E+1	-7,540505E-1
8,180725E+1	-7,539753E-1
8,184122E+1	-7,539745E-1
8,178879E+1	-7,539431E-1
8,184784E+1	-7,538052E-1
8,178504E+1	-7,534451E-1
8,181691E+1	-7,532898E-1
8,175918E+1	-7,530776E-1
8,180962E+1	-7,527056E-1
8,174757E+1	-7,528582E-1
8,179264E+1	-7,525278E-1
8,174466E+1	-7,526996E-1
8,178058E+1	-7,524942E-1
8,172152E+1	-7,521535E-1
8,176729E+1	-7,522381E-1
8,171784E+1	-7,519275E-1
8,175049E+1	-7,515866E-1
8,169423E+1	-7,516586E-1
8,174256E+1	-7,515913E-1
8,168117E+1	-7,514214E-1
8,173227E+1	-7,514447E-1
8,167844E+1	-7,513617E-1
8,165320E+1	-7,507225E-1
8,170426E+1	-7,506773E-1
8,165435E+1	-7,508695E-1
8,167137E+1	-7,507849E-1
8,163558E+1	-7,504026E-1
8,166652E+1	-7,507421E-1
8,161772E+1	-7,503247E-1
8,165699E+1	-7,499947E-1
8,161756E+1	-7,499998E-1
8,163988E+1	-7,500147E-1
8,158886E+1	-7,498217E-1
8,163779E+1	-7,498337E-1
8,159087E+1	-7,496261E-1
8,161935E+1	-7,494270E-1
8,158433E+1	-7,493179E-1
8,159139E+1	-7,489739E-1
8,156942E+1	-7,492057E-1
8,160651E+1	-7,489931E-1
8,155979E+1	-7,488127E-1
8,157825E+1	-7,488462E-1
8,155122E+1	-7,488131E-1
8,157702E+1	-7,486555E-1
8,153752E+1	-7,484754E-1
8,156935E+1	-7,483772E-1
8,153012E+1	-7,483640E-1
8,153620E+1	-7,480326E-1
8,151175E+1	-7,479554E-1
8,154827E+1	-7,477914E-1
8,152091E+1	-7,479318E-1
8,151480E+1	-7,474984E-1
8,149491E+1	-7,475062E-1
8,150382E+1	-7,474961E-1
8,149912E+1	-7,473578E-1
8,151084E+1	-7,471127E-1
8,148502E+1	-7,470663E-1
8,147649E+1	-7,468571E-1
8,146615E+1	-7,469496E-1
8,148380E+1	-7,469940E-1
8,145911E+1	-7,466201E-1
8,147441E+1	-7,464304E-1
8,145300E+1	-7,464398E-1
8,144283E+1	-7,463809E-1
8,143809E+1	-7,465189E-1
8,145368E+1	-7,458921E-1
8,142970E+1	-7,460158E-1
8,141798E+1	-7,459226E-1
8,141904E+1	-7,455197E-1
8,141380E+1	-7,456138E-1
8,142465E+1	-7,455169E-1
8,141767E+1	-7,457225E-1
8,140118E+1	-7,455190E-1
8,138610E+1	-7,452722E-1
8,140193E+1	-7,452391E-1
8,139883E+1	-7,451140E-1
8,139161E+1	-7,451774E-1
8,138682E+1	-7,449019E-1
8,137824E+1	-7,450475E-1
8,136380E+1	-7,443992E-1
8,138347E+1	-7,445126E-1
8,137285E+1	-7,443997E-1
8,137057E+1	-7,444756E-1
8,134080E+1	-7,440777E-1
8,136050E+1	-7,442452E-1
8,134355E+1	-7,439887E-1
8,135244E+1	-7,438383E-1
8,134153E+1	-7,439810E-1
8,134255E+1	-7,437626E-1
8,130789E+1	-7,437249E-1
8,132922E+1	-7,437870E-1
8,131507E+1	-7,435370E-1
8,132536E+1	-7,434236E-1
8,130015E+1	-7,434731E-1
8,131643E+1	-7,430973E-1
8,128173E+1	-7,433018E-1
8,132469E+1	-7,430666E-1
8,129070E+1	-7,428588E-1
8,128750E+1	-7,430221E-1
8,125492E+1	-7,430127E-1
8,130306E+1	-7,427263E-1
8,125877E+1	-7,428911E-1
8,129076E+1	-7,427128E-1
8,125923E+1	-7,424228E-1
8,128600E+1	-7,424343E-1
8,124084E+1	-7,423633E-1
8,126925E+1	-7,423420E-1
8,124409E+1	-7,420807E-1
8,126330E+1	-7,421018E-1
8,122116E+1	-7,422741E-1
8,125674E+1	-7,419438E-1
8,121699E+1	-7,418363E-1
8,126635E+1	-7,420764E-1
8,121842E+1	-7,417870E-1
8,123943E+1	-7,416103E-1
8,119325E+1	-7,415349E-1
8,124439E+1	-7,418586E-1
8,118861E+1	-7,416263E-1
8,123833E+1	-7,413402E-1
8,118133E+1	-7,412055E-1
8,122479E+1	-7,412513E-1
8,117097E+1	-7,413748E-1
8,121734E+1	-7,409294E-1
8,117177E+1	-7,411951E-1
8,120804E+1	-7,409802E-1
8,114419E+1	-7,408081E-1
8,120453E+1	-7,408313E-1
8,115004E+1	-7,404215E-1
8,120492E+1	-7,408526E-1
8,114753E+1	-7,406423E-1
8,119058E+1	-7,405127E-1
8,112298E+1	-7,404092E-1
8,118647E+1	-7,400362E-1
8,112738E+1	-7,401562E-1
8,117101E+1	-7,402071E-1
8,112224E+1	-7,402188E-1
8,117440E+1	-7,400430E-1
8,109890E+1	-7,400409E-1
8,116124E+1	-7,398938E-1
8,110229E+1	-7,398935E-1
8,114282E+1	-7,399569E-1
8,107390E+1	-7,400502E-1
8,113933E+1	-7,394498E-1
8,107220E+1	-7,398388E-1
8,113581E+1	-7,398614E-1
8,106368E+1	-7,393595E-1
8,111566E+1	-7,395159E-1
8,104288E+1	-7,393474E-1
8,110487E+1	-7,395067E-1
8,103626E+1	-7,394197E-1
8,108954E+1	-7,391904E-1
8,101419E+1	-7,392771E-1
8,107191E+1	-7,392812E-1
8,099276E+1	-7,390476E-1
8,106394E+1	-7,390787E-1
8,098660E+1	-7,389132E-1
8,104090E+1	-7,389122E-1
8,096293E+1	-7,387742E-1
8,103395E+1	-7,387199E-1
8,096218E+1	-7,386441E-1
8,102672E+1	-7,386581E-1
8,096194E+1	-7,384810E-1
8,102139E+1	-7,381159E-1
8,094436E+1	-7,384024E-1
8,101076E+1	-7,383609E-1
8,094790E+1	-7,381401E-1
8,100392E+1	-7,381972E-1
8,091861E+1	-7,383641E-1
8,099158E+1	-7,380005E-1
8,091794E+1	-7,378036E-1
8,098303E+1	-7,381263E-1
8,091898E+1	-7,377508E-1
8,097275E+1	-7,376129E-1
8,090221E+1	-7,378003E-1
8,096505E+1	-7,378162E-1
8,089740E+1	-7,378463E-1
8,095389E+1	-7,375868E-1
8,088822E+1	-7,376006E-1
8,094211E+1	-7,372407E-1
8,087524E+1	-7,373400E-1
8,095032E+1	-7,372567E-1
8,087763E+1	-7,372652E-1
8,091797E+1	-7,371251E-1
8,085202E+1	-7,368715E-1
8,091708E+1	-7,372029E-1
8,084897E+1	-7,368850E-1
8,091041E+1	-7,369010E-1
8,085218E+1	-7,369422E-1
8,089762E+1	-7,369510E-1
8,083546E+1	-7,366884E-1
8,089609E+1	-7,364023E-1
8,083697E+1	-7,363373E-1
8,088476E+1	-7,366046E-1
8,089071E+1	-7,363993E-1
8,087035E+1	-7,361733E-1
8,081349E+1	-7,365251E-1
8,088084E+1	-7,362916E-1
8,081900E+1	-7,361869E-1
8,085994E+1	-7,362330E-1
8,080091E+1	-7,358678E-1
8,085885E+1	-7,359726E-1
8,079889E+1	-7,358623E-1
8,084775E+1	-7,358763E-1
8,079454E+1	-7,357803E-1
8,083276E+1	-7,355787E-1
8,078286E+1	-7,354920E-1
8,084617E+1	-7,355915E-1
8,079086E+1	-7,354946E-1
8,083150E+1	-7,354507E-1
8,076721E+1	-7,355152E-1
8,083553E+1	-7,355236E-1
8,076668E+1	-7,353731E-1
8,081990E+1	-7,351178E-1
8,076862E+1	-7,352030E-1
8,081259E+1	-7,350028E-1
8,075372E+1	-7,353964E-1
8,081502E+1	-7,351675E-1
8,075580E+1	-7,349115E-1
8,079207E+1	-7,347168E-1
8,073671E+1	-7,348542E-1
8,078745E+1	-7,348955E-1
8,073128E+1	-7,348143E-1
8,078858E+1	-7,347590E-1
8,073726E+1	-7,348281E-1
8,076271E+1	-7,348053E-1
8,071964E+1	-7,349560E-1
8,077511E+1	-7,345857E-1
8,072387E+1	-7,343484E-1
8,075260E+1	-7,342928E-1
8,071259E+1	-7,346364E-1
8,074863E+1	-7,344589E-1
8,070897E+1	-7,343823E-1
8,075431E+1	-7,342848E-1
8,070761E+1	-7,341406E-1
8,072297E+1	-7,341246E-1
8,069185E+1	-7,341595E-1
8,074002E+1	-7,342486E-1
8,068324E+1	-7,338522E-1
8,070280E+1	-7,338445E-1
8,068325E+1	-7,340950E-1
8,070387E+1	-7,337796E-1
8,067756E+1	-7,336100E-1
8,072149E+1	-7,335848E-1
8,067455E+1	-7,339126E-1
8,069726E+1	-7,339040E-1
8,066705E+1	-7,335038E-1
8,070152E+1	-7,334775E-1
8,066299E+1	-7,336380E-1
8,068744E+1	-7,335390E-1
8,066030E+1	-7,334649E-1
8,066808E+1	-7,333864E-1
8,064346E+1	-7,333057E-1
8,067630E+1	-7,332531E-1
8,065593E+1	-7,331576E-1
8,065604E+1	-7,331104E-1
8,063795E+1	-7,331116E-1
8,065205E+1	-7,331439E-1
8,064913E+1	-7,332464E-1
8,066340E+1	-7,329806E-1
8,064175E+1	-7,331280E-1
8,063416E+1	-7,328132E-1
8,062595E+1	-7,327839E-1
8,064852E+1	-7,329869E-1
8,063635E+1	-7,327717E-1
8,063098E+1	-7,326782E-1
8,061646E+1	-7,327593E-1
8,062158E+1	-7,327457E-1
8,062729E+1	-7,324476E-1
8,063216E+1	-7,328272E-1
8,061560E+1	-7,326516E-1
8,060241E+1	-7,321232E-1
8,060475E+1	-7,323763E-1
8,061194E+1	-7,323504E-1
8,062282E+1	-7,322804E-1
8,060710E+1	-7,321400E-1
8,059812E+1	-7,321929E-1
8,058816E+1	-7,322872E-1
8,058926E+1	-7,319447E-1
8,059734E+1	-7,321818E-1
8,057507E+1	-7,319556E-1
8,057331E+1	-7,319907E-1
8,059715E+1	-7,320572E-1
8,057233E+1	-7,318656E-1
8,058406E+1	-7,320903E-1
8,058068E+1	-7,316740E-1
8,058174E+1	-7,320391E-1
8,055425E+1	-7,317935E-1
8,056864E+1	-7,315501E-1
8,056780E+1	-7,319951E-1
8,057130E+1	-7,315551E-1
8,055304E+1	-7,315442E-1
8,056702E+1	-7,315762E-1
8,053995E+1	-7,315649E-1
8,057723E+1	-7,317360E-1
8,055129E+1	-7,314379E-1
8,054611E+1	-7,312584E-1
8,052874E+1	-7,312178E-1
8,057017E+1	-7,315230E-1
8,052606E+1	-7,311791E-1
8,056153E+1	-7,312738E-1
8,053198E+1	-7,313851E-1
8,054383E+1	-7,313758E-1
8,051053E+1	-7,311545E-1
8,055165E+1	-7,313322E-1
8,052035E+1	-7,312935E-1
8,054427E+1	-7,309738E-1
8,050211E+1	-7,312043E-1
8,053703E+1	-7,310400E-1
8,050243E+1	-7,307893E-1
8,055288E+1	-7,309945E-1
8,050771E+1	-7,310304E-1
8,052334E+1	-7,307737E-1
8,048507E+1	-7,309033E-1
8,053582E+1	-7,307777E-1
8,048959E+1	-7,306916E-1
8,053033E+1	-7,305681E-1
8,048024E+1	-7,307487E-1
8,052419E+1	-7,305043E-1
8,047576E+1	-7,306651E-1
8,051958E+1	-7,305719E-1
8,048408E+1	-7,304309E-1
8,051202E+1	-7,304344E-1
8,045385E+1	-7,306551E-1
8,051121E+1	-7,305464E-1
8,046186E+1	-7,303314E-1
8,051572E+1	-7,303328E-1
8,046519E+1	-7,304355E-1
8,050765E+1	-7,302934E-1
8,044557E+1	-7,301846E-1
8,050816E+1	-7,300132E-1
8,045566E+1	-7,301706E-1
8,049059E+1	-7,301402E-1
8,043957E+1	-7,299359E-1
8,049874E+1	-7,301728E-1
8,043468E+1	-7,300784E-1
8,049640E+1	-7,299979E-1
8,043393E+1	-7,300031E-1
8,048982E+1	-7,300646E-1
8,042448E+1	-7,298348E-1
8,048414E+1	-7,300332E-1
8,042377E+1	-7,299130E-1
8,048410E+1	-7,301043E-1
8,042398E+1	-7,299352E-1
8,047419E+1	-7,297956E-1
8,040555E+1	-7,298447E-1
8,047635E+1	-7,297401E-1
8,041532E+1	-7,299511E-1
8,046658E+1	-7,295256E-1
8,040122E+1	-7,296790E-1
8,046579E+1	-7,297382E-1
8,039135E+1	-7,294100E-1
8,046621E+1	-7,294870E-1
8,039801E+1	-7,294669E-1
8,045443E+1	-7,293514E-1
8,038153E+1	-7,290490E-1
8,044758E+1	-7,293505E-1
8,038100E+1	-7,293939E-1
8,044365E+1	-7,294607E-1
8,038217E+1	-7,294681E-1
8,044442E+1	-7,292808E-1
8,036976E+1	-7,293910E-1
8,044070E+1	-7,293879E-1
8,037913E+1	-7,295136E-1
8,043696E+1	-7,294067E-1
8,035591E+1	-7,291157E-1
8,043204E+1	-7,292486E-1
8,035994E+1	-7,293755E-1
8,042371E+1	-7,292743E-1
8,036304E+1	-7,291474E-1
8,042233E+1	-7,290714E-1
8,035132E+1	-7,290420E-1
8,041850E+1	-7,291934E-1
8,035353E+1	-7,288619E-1
8,041312E+1	-7,287574E-1
8,034418E+1	-7,289381E-1
8,040810E+1	-7,287749E-1
8,034098E+1	-7,289882E-1
8,041646E+1	-7,287935E-1
8,034704E+1	-7,287844E-1
8,040339E+1	-7,286056E-1
8,032979E+1	-7,287282E-1
8,039609E+1	-7,286901E-1
8,032823E+1	-7,286636E-1
8,039298E+1	-7,289191E-1
8,033556E+1	-7,286252E-1
8,038550E+1	-7,284847E-1
