8,063111E+1	-1,368987E-4
8,060426E+1	1,094801E-4
8,060913E+1	-3,448825E-5
8,057461E+1	1,080206E-4
8,062842E+1	3,412312E-5
8,058633E+1	2,675696E-5
8,063163E+1	-1,563375E-5
8,059731E+1	-7,506026E-4
8,063598E+1	-2,128790E-3
8,058689E+1	-2,165139E-3
8,063826E+1	-1,091734E-3
8,060033E+1	-8,503459E-4
8,062254E+1	-5,100024E-5
8,058909E+1	1,534758E-3
8,063312E+1	2,147024E-3
8,058086E+1	5,695213E-3
8,063187E+1	8,805830E-3
8,057079E+1	1,149946E-2
8,058950E+1	1,391448E-2
8,054549E+1	1,710829E-2
8,060639E+1	1,903320E-2
8,056907E+1	2,099614E-2
8,065058E+1	2,065036E-2
8,062197E+1	2,087850E-2
8,069746E+1	2,131112E-2
8,067506E+1	2,155356E-2
8,076643E+1	2,190098E-2
8,075716E+1	2,195036E-2
8,084002E+1	2,244174E-2
8,081162E+1	2,302914E-2
8,090367E+1	2,297654E-2
8,087937E+1	2,294318E-2
8,097400E+1	2,283901E-2
8,094578E+1	2,330962E-2
8,103095E+1	2,362289E-2
8,099761E+1	2,387464E-2
8,109687E+1	2,358261E-2
8,106084E+1	2,362206E-2
8,114251E+1	2,399900E-2
8,111817E+1	2,401748E-2
8,120144E+1	2,419110E-2
8,115396E+1	2,437053E-2
8,124960E+1	2,472534E-2
8,121331E+1	2,495593E-2
8,129359E+1	2,529150E-2
8,125263E+1	2,502363E-2
8,133347E+1	2,503617E-2
8,128506E+1	2,492371E-2
8,139029E+1	2,517373E-2
8,134115E+1	2,568289E-2
8,141630E+1	2,541319E-2
8,136130E+1	2,541333E-2
8,144536E+1	2,587974E-2
8,139785E+1	2,574729E-2
8,148076E+1	2,625885E-2
8,143338E+1	2,642874E-2
8,151204E+1	2,673000E-2
8,145372E+1	2,691139E-2
8,153788E+1	2,757033E-2
8,149254E+1	2,758643E-2
8,156504E+1	2,784172E-2
8,150258E+1	2,847200E-2
8,158368E+1	2,876811E-2
8,153085E+1	2,928495E-2
8,162001E+1	2,950026E-2
8,156855E+1	3,030940E-2
8,163772E+1	3,023660E-2
8,158133E+1	3,066903E-2
8,166630E+1	3,100347E-2
8,161493E+1	3,148863E-2
8,169730E+1	3,213714E-2
8,165099E+1	3,231894E-2
8,172597E+1	3,266707E-2
8,167507E+1	3,319160E-2
8,175771E+1	3,363066E-2
8,171630E+1	3,388249E-2
8,178587E+1	3,454986E-2
8,172284E+1	3,489584E-2
8,181143E+1	3,547839E-2
8,175575E+1	3,611505E-2
8,185073E+1	3,639860E-2
8,179376E+1	3,701468E-2
8,186072E+1	3,714350E-2
8,180677E+1	3,756158E-2
8,188993E+1	3,835858E-2
8,183756E+1	3,861941E-2
8,191589E+1	3,911049E-2
8,187683E+1	3,970449E-2
8,194289E+1	4,022367E-2
8,190305E+1	4,055103E-2
8,199663E+1	4,096729E-2
8,195188E+1	4,140064E-2
8,201328E+1	4,176108E-2
8,196840E+1	4,209288E-2
8,205720E+1	4,229358E-2
8,201780E+1	4,330792E-2
8,210837E+1	4,340616E-2
8,206894E+1	4,379953E-2
8,213328E+1	4,456391E-2
8,210026E+1	4,461278E-2
8,217910E+1	4,517750E-2
8,214743E+1	4,544994E-2
8,222026E+1	4,571103E-2
8,219496E+1	4,610075E-2
8,226513E+1	4,707758E-2
8,223099E+1	4,699324E-2
8,231629E+1	4,725120E-2
8,228613E+1	4,830907E-2
8,235169E+1	4,856530E-2
8,231337E+1	4,884696E-2
8,240030E+1	4,920748E-2
8,236430E+1	4,908074E-2
8,244615E+1	4,960722E-2
8,242008E+1	5,048227E-2
8,247816E+1	5,101750E-2
8,245511E+1	5,116737E-2
8,254119E+1	5,160995E-2
8,250294E+1	5,208438E-2
8,257178E+1	5,238394E-2
8,255555E+1	5,255445E-2
8,261222E+1	5,271032E-2
8,259281E+1	5,331007E-2
8,267367E+1	5,353339E-2
8,265102E+1	5,412298E-2
8,269989E+1	5,456241E-2
8,268122E+1	5,479949E-2
8,275669E+1	5,537178E-2
8,274605E+1	5,571459E-2
8,280319E+1	5,580722E-2
8,279364E+1	5,614765E-2
8,283436E+1	5,687311E-2
8,284368E+1	5,715726E-2
8,290849E+1	5,720757E-2
8,289075E+1	5,758988E-2
8,294543E+1	5,791839E-2
8,293714E+1	5,866192E-2
8,299496E+1	5,862763E-2
8,299509E+1	5,901548E-2
8,305320E+1	5,942575E-2
8,305000E+1	5,963588E-2
8,307946E+1	6,004601E-2
8,308465E+1	6,031548E-2
8,315442E+1	6,088650E-2
8,314102E+1	6,103659E-2
8,318135E+1	6,133546E-2
8,318795E+1	6,157626E-2
8,323504E+1	6,205428E-2
8,324106E+1	6,233571E-2
8,329873E+1	6,257142E-2
8,328956E+1	6,297440E-2
8,333421E+1	6,312835E-2
8,333905E+1	6,345800E-2
8,339251E+1	6,363097E-2
8,340278E+1	6,444828E-2
8,344993E+1	6,450826E-2
8,344613E+1	6,502022E-2
8,348083E+1	6,523579E-2
8,350564E+1	6,535566E-2
8,355828E+1	6,584732E-2
8,355751E+1	6,623763E-2
8,358341E+1	6,631505E-2
8,361001E+1	6,673061E-2
8,364076E+1	6,690709E-2
8,368016E+1	6,748072E-2
8,370768E+1	6,742728E-2
8,371717E+1	6,793236E-2
8,373814E+1	6,803624E-2
8,377768E+1	6,862944E-2
8,381311E+1	6,873505E-2
8,383160E+1	6,916836E-2
8,386082E+1	6,942230E-2
8,388881E+1	6,974234E-2
8,390726E+1	6,974865E-2
8,394239E+1	7,028645E-2
8,397481E+1	7,101098E-2
8,398924E+1	7,086786E-2
8,400642E+1	7,112373E-2
8,404135E+1	7,163850E-2
8,406673E+1	7,169796E-2
8,411850E+1	7,218856E-2
8,412849E+1	7,213145E-2
8,415277E+1	7,244717E-2
8,416754E+1	7,287835E-2
8,422247E+1	7,318848E-2
8,423994E+1	7,338759E-2
8,427487E+1	7,377717E-2
8,427015E+1	7,404815E-2
8,432658E+1	7,402027E-2
8,433740E+1	7,419314E-2
8,438688E+1	7,470995E-2
8,440277E+1	7,511215E-2
8,443980E+1	7,536780E-2
8,443329E+1	7,518537E-2
8,449236E+1	7,574546E-2
8,449845E+1	7,624378E-2
8,455446E+1	7,639715E-2
8,455655E+1	7,650844E-2
8,460767E+1	7,679072E-2
8,460671E+1	7,700179E-2
8,467834E+1	7,743159E-2
8,467020E+1	7,745872E-2
8,470261E+1	7,803346E-2
8,470665E+1	7,829370E-2
8,477299E+1	7,850724E-2
8,476779E+1	7,862277E-2
8,484603E+1	7,878346E-2
8,483779E+1	7,883373E-2
8,488131E+1	7,929401E-2
8,487778E+1	7,951031E-2
8,495177E+1	7,973907E-2
8,494671E+1	7,989403E-2
8,501586E+1	8,002019E-2
8,499881E+1	8,061345E-2
8,507021E+1	8,101885E-2
8,505377E+1	8,084370E-2
8,512951E+1	8,093888E-2
8,511844E+1	8,091198E-2
8,518004E+1	8,132484E-2
8,515999E+1	8,167722E-2
8,524326E+1	8,203967E-2
8,522470E+1	8,234397E-2
8,530219E+1	8,264069E-2
8,529054E+1	8,272870E-2
8,536002E+1	8,273193E-2
8,533058E+1	8,327941E-2
8,542676E+1	8,330952E-2
8,540302E+1	8,351295E-2
8,547191E+1	8,367027E-2
8,545396E+1	8,415679E-2
8,554394E+1	8,418356E-2
8,551206E+1	8,442620E-2
8,560597E+1	8,495164E-2
8,557764E+1	8,499716E-2
8,566051E+1	8,528740E-2
8,562132E+1	8,542580E-2
8,572451E+1	8,581408E-2
8,568874E+1	8,575048E-2
8,577549E+1	8,584707E-2
8,575692E+1	8,608182E-2
8,583795E+1	8,633743E-2
8,580158E+1	8,672318E-2
8,590278E+1	8,670177E-2
8,587610E+1	8,689066E-2
8,595677E+1	8,698005E-2
8,592119E+1	8,747920E-2
8,602136E+1	8,752782E-2
8,598143E+1	8,755359E-2
8,608880E+1	8,824692E-2
8,605096E+1	8,808857E-2
8,614324E+1	8,857228E-2
8,610048E+1	8,880903E-2
8,620270E+1	8,883788E-2
8,616632E+1	8,922406E-2
8,626338E+1	8,924250E-2
8,622859E+1	8,920209E-2
8,632343E+1	8,955744E-2
8,628133E+1	9,013987E-2
8,638244E+1	9,012865E-2
8,635101E+1	8,993662E-2
8,644238E+1	8,988925E-2
8,640008E+1	9,051613E-2
8,650422E+1	9,047486E-2
8,646324E+1	9,090678E-2
8,656031E+1	9,126678E-2
8,653229E+1	9,134097E-2
8,662443E+1	9,129187E-2
8,658308E+1	9,173994E-2
8,668545E+1	9,167873E-2
8,665329E+1	9,230854E-2
8,674265E+1	9,229845E-2
8,670849E+1	9,238484E-2
8,676448E+1	9,262370E-2
8,686781E+1	9,311072E-2
8,683856E+1	9,302855E-2
8,692052E+1	9,316392E-2
8,689023E+1	9,328364E-2
8,699361E+1	9,368404E-2
8,695740E+1	9,367368E-2
8,704736E+1	9,381716E-2
8,701938E+1	9,422741E-2
8,710557E+1	9,416458E-2
8,707565E+1	9,439900E-2
8,718199E+1	9,453326E-2
8,714562E+1	9,472091E-2
8,723075E+1	9,477434E-2
8,718772E+1	9,481149E-2
8,728487E+1	9,503573E-2
8,725823E+1	9,531974E-2
8,735608E+1	9,559729E-2
8,732946E+1	9,585264E-2
8,740790E+1	9,599228E-2
8,737949E+1	9,614154E-2
8,747554E+1	9,602632E-2
8,745007E+1	9,624370E-2
8,753245E+1	9,661102E-2
8,750623E+1	9,668905E-2
8,759707E+1	9,691656E-2
8,756687E+1	9,715553E-2
8,766514E+1	9,734002E-2
8,764086E+1	9,732778E-2
8,771824E+1	9,758067E-2
8,768427E+1	9,754394E-2
8,778125E+1	9,788372E-2
8,775603E+1	9,762911E-2
8,784411E+1	9,813088E-2
8,783026E+1	9,819761E-2
8,789798E+1	9,849713E-2
8,788004E+1	9,889504E-2
8,797537E+1	9,858550E-2
8,794742E+1	9,869992E-2
8,801502E+1	9,927139E-2
8,800911E+1	9,922127E-2
8,808640E+1	9,939493E-2
8,806726E+1	9,949196E-2
8,816291E+1	9,970887E-2
8,820851E+1	9,996529E-2
8,820793E+1	1,001289E-1
8,818889E+1	1,004482E-1
8,827890E+1	1,003403E-1
8,825047E+1	1,006700E-1
8,832737E+1	1,005158E-1
8,831966E+1	1,004699E-1
8,837785E+1	1,010043E-1
8,838207E+1	1,010422E-1
8,845993E+1	1,012862E-1
8,844861E+1	1,014516E-1
8,850793E+1	1,014404E-1
8,849547E+1	1,016665E-1
8,857872E+1	1,021318E-1
8,857587E+1	1,022704E-1
8,863846E+1	1,022581E-1
8,863653E+1	1,022388E-1
8,870262E+1	1,026196E-1
8,870373E+1	1,027258E-1
8,877083E+1	1,029209E-1
8,876348E+1	1,028150E-1
8,882477E+1	1,029484E-1
8,882354E+1	1,031702E-1
8,889178E+1	1,033060E-1
8,888903E+1	1,033419E-1
8,896270E+1	1,036494E-1
8,896064E+1	1,038748E-1
8,900161E+1	1,039248E-1
8,901047E+1	1,040122E-1
8,908681E+1	1,040223E-1
8,909665E+1	1,043775E-1
8,912857E+1	1,041041E-1
8,914231E+1	1,046211E-1
8,919267E+1	1,046266E-1
8,920762E+1	1,046988E-1
8,926551E+1	1,048287E-1
8,926956E+1	1,051178E-1
8,931741E+1	1,050736E-1
8,934650E+1	1,054151E-1
8,939067E+1	1,056058E-1
8,942033E+1	1,055655E-1
8,944790E+1	1,059393E-1
8,946197E+1	1,062434E-1
8,950676E+1	1,060538E-1
8,953954E+1	1,062269E-1
8,958656E+1	1,061538E-1
8,959904E+1	1,065905E-1
8,962688E+1	1,068005E-1
8,965149E+1	1,068665E-1
8,969967E+1	1,069263E-1
8,973432E+1	1,069231E-1
8,976340E+1	1,073198E-1
8,979846E+1	1,072900E-1
8,982167E+1	1,072323E-1
8,985620E+1	1,071940E-1
8,989121E+1	1,079005E-1
8,991236E+1	1,080188E-1
8,994140E+1	1,079455E-1
8,999184E+1	1,081981E-1
9,001715E+1	1,082614E-1
9,004672E+1	1,084770E-1
9,006953E+1	1,083604E-1
9,011454E+1	1,086265E-1
9,013407E+1	1,086943E-1
9,019668E+1	1,089856E-1
9,021772E+1	1,092603E-1
9,025632E+1	1,090076E-1
9,025862E+1	1,092848E-1
9,030740E+1	1,095431E-1
9,033382E+1	1,096444E-1
9,036901E+1	1,096551E-1
9,038827E+1	1,097265E-1
9,045314E+1	1,100949E-1
9,045040E+1	1,102651E-1
9,050558E+1	1,100130E-1
9,052337E+1	1,102509E-1
9,056543E+1	1,105972E-1
9,057312E+1	1,106328E-1
9,063776E+1	1,107080E-1
9,065317E+1	1,110524E-1
9,069975E+1	1,107313E-1
9,069509E+1	1,108936E-1
9,075914E+1	1,111338E-1
9,076040E+1	1,115250E-1
9,084251E+1	1,112984E-1
9,083829E+1	1,113202E-1
9,088473E+1	1,117141E-1
9,089091E+1	1,116181E-1
9,095392E+1	1,118019E-1
9,096088E+1	1,119208E-1
9,101597E+1	1,120873E-1
9,101229E+1	1,122271E-1
9,109592E+1	1,124433E-1
9,108173E+1	1,124445E-1
9,115316E+1	1,127036E-1
9,115104E+1	1,126568E-1
9,121346E+1	1,128641E-1
9,120041E+1	1,129511E-1
9,128361E+1	1,129099E-1
9,128081E+1	1,131730E-1
9,134699E+1	1,135903E-1
9,131929E+1	1,134703E-1
9,140828E+1	1,137270E-1
9,138839E+1	1,136208E-1
9,146720E+1	1,134113E-1
9,146375E+1	1,138053E-1
9,154167E+1	1,138855E-1
9,151551E+1	1,143301E-1
9,161152E+1	1,139393E-1
9,158868E+1	1,143196E-1
9,165370E+1	1,147262E-1
9,163614E+1	1,144912E-1
9,173026E+1	1,146517E-1
9,170551E+1	1,145840E-1
9,179766E+1	1,148412E-1
9,177503E+1	1,151714E-1
9,185404E+1	1,151777E-1
9,182202E+1	1,154789E-1
9,192267E+1	1,154828E-1
9,190082E+1	1,154709E-1
9,198541E+1	1,153242E-1
9,194704E+1	1,156733E-1
9,204750E+1	1,157675E-1
9,200957E+1	1,161412E-1
9,210176E+1	1,161493E-1
9,207667E+1	1,162961E-1
9,216866E+1	1,164794E-1
9,213567E+1	1,165460E-1
9,223121E+1	1,165643E-1
9,220409E+1	1,166059E-1
9,229244E+1	1,166787E-1
9,225341E+1	1,169537E-1
9,235650E+1	1,171004E-1
9,232011E+1	1,126645E-1
9,241677E+1	1,173023E-1
9,238769E+1	1,173721E-1
9,247968E+1	1,175351E-1
9,244277E+1	1,174823E-1
9,254497E+1	1,177597E-1
9,251621E+1	1,177295E-1
9,260413E+1	1,179141E-1
9,256558E+1	1,179244E-1
9,266877E+1	1,182508E-1
9,263034E+1	1,183923E-1
9,272767E+1	1,185432E-1
9,269859E+1	1,185534E-1
9,279344E+1	1,184873E-1
9,275209E+1	1,188374E-1
9,285479E+1	1,187179E-1
9,281640E+1	1,190810E-1
9,291761E+1	1,191442E-1
9,288945E+1	1,189618E-1
9,297356E+1	1,191450E-1
9,294147E+1	1,190824E-1
9,303716E+1	1,192415E-1
9,300437E+1	1,194425E-1
9,310092E+1	1,195130E-1
9,307443E+1	1,196965E-1
9,316069E+1	1,199036E-1
9,312833E+1	1,198866E-1
9,322864E+1	1,200931E-1
9,319911E+1	1,200716E-1
9,328552E+1	1,201483E-1
9,325826E+1	1,205099E-1
9,334464E+1	1,202906E-1
9,331511E+1	1,203255E-1
9,342244E+1	1,204863E-1
9,338809E+1	1,202971E-1
9,346456E+1	1,207132E-1
9,343409E+1	1,206231E-1
9,352822E+1	1,209849E-1
9,349968E+1	1,211597E-1
9,359514E+1	1,211971E-1
9,356946E+1	1,212665E-1
9,364657E+1	1,214469E-1
9,362006E+1	1,214095E-1
9,371729E+1	1,213739E-1
9,368426E+1	1,218862E-1
9,377278E+1	1,217237E-1
9,375293E+1	1,218991E-1
9,382769E+1	1,218033E-1
9,380465E+1	1,218606E-1
9,390377E+1	1,220134E-1
9,387673E+1	1,222299E-1
9,394702E+1	1,222833E-1
9,392258E+1	1,221597E-1
9,401185E+1	1,225718E-1
9,398932E+1	1,227777E-1
9,408842E+1	1,228898E-1
9,405916E+1	1,228291E-1
9,413183E+1	1,230041E-1
9,411048E+1	1,228971E-1
9,420473E+1	1,231051E-1
9,417310E+1	1,230450E-1
9,425270E+1	1,232428E-1
9,424120E+1	1,234489E-1
9,431729E+1	1,238525E-1
9,429531E+1	1,235882E-1
9,438210E+1	1,234586E-1
9,436663E+1	1,237117E-1
9,443530E+1	1,240521E-1
9,441656E+1	1,240645E-1
9,449860E+1	1,243815E-1
9,448179E+1	1,240603E-1
9,456685E+1	1,241713E-1
9,454835E+1	1,243676E-1
9,461525E+1	1,244221E-1
9,459468E+1	1,244436E-1
9,467762E+1	1,247867E-1
9,466500E+1	1,247405E-1
9,473315E+1	1,248536E-1
9,472675E+1	1,250005E-1
9,479768E+1	1,250052E-1
9,478975E+1	1,249159E-1
9,486123E+1	1,254186E-1
9,485094E+1	1,252852E-1
9,491450E+1	1,250865E-1
9,490854E+1	1,254718E-1
9,497669E+1	1,254760E-1
9,497458E+1	1,254077E-1
9,504665E+1	1,255482E-1
9,503472E+1	1,256127E-1
9,509236E+1	1,258875E-1
9,508169E+1	1,258448E-1
9,515422E+1	1,259714E-1
9,516118E+1	1,261142E-1
9,521554E+1	1,261459E-1
9,521560E+1	1,263458E-1
9,527104E+1	1,263534E-1
9,528503E+1	1,265792E-1
9,534182E+1	1,265754E-1
9,533856E+1	1,266388E-1
9,538702E+1	1,266161E-1
9,539348E+1	1,266858E-1
9,544800E+1	1,268825E-1
9,547011E+1	1,268642E-1
9,552164E+1	1,271026E-1
9,551561E+1	1,275363E-1
9,556172E+1	1,271729E-1
9,558110E+1	1,274558E-1
9,563787E+1	1,273100E-1
9,566328E+1	1,276711E-1
9,569090E+1	1,274288E-1
9,570677E+1	1,277369E-1
9,574369E+1	1,277740E-1
9,576788E+1	1,277344E-1
9,582190E+1	1,278248E-1
9,582758E+1	1,278963E-1
9,585722E+1	1,278928E-1
9,588788E+1	1,279886E-1
9,593276E+1	1,283082E-1
9,595332E+1	1,284466E-1
9,600095E+1	1,282143E-1
9,601547E+1	1,283936E-1
9,603819E+1	1,286834E-1
9,607104E+1	1,287925E-1
9,610903E+1	1,285189E-1
9,613562E+1	1,288259E-1
9,616996E+1	1,290675E-1
9,619655E+1	1,291421E-1
9,621607E+1	1,290043E-1
9,625142E+1	1,293229E-1
9,629299E+1	1,292756E-1
9,631475E+1	1,292986E-1
9,633713E+1	1,292894E-1
9,637399E+1	1,296446E-1
9,640075E+1	1,299733E-1
9,645282E+1	1,297870E-1
9,646630E+1	1,297914E-1
9,648749E+1	1,298923E-1
9,650426E+1	1,299280E-1
9,656032E+1	1,302399E-1
9,657741E+1	1,300826E-1
9,661984E+1	1,301893E-1
9,663456E+1	1,303618E-1
9,667718E+1	1,302359E-1
9,668693E+1	1,306483E-1
9,675416E+1	1,307315E-1
9,675857E+1	1,308216E-1
9,678474E+1	1,308519E-1
9,680192E+1	1,307244E-1
9,686695E+1	1,306074E-1
9,686396E+1	1,309203E-1
9,693019E+1	1,310318E-1
9,693372E+1	1,312106E-1
9,697189E+1	1,307406E-1
9,697855E+1	1,311316E-1
9,703990E+1	1,310777E-1
9,704784E+1	1,313565E-1
9,710299E+1	1,315347E-1
9,709538E+1	1,315067E-1
9,715767E+1	1,314307E-1
9,715540E+1	1,316051E-1
9,722082E+1	1,319396E-1
9,721958E+1	1,319404E-1
9,727034E+1	1,319119E-1
9,726247E+1	1,321070E-1
9,733341E+1	1,319918E-1
9,732373E+1	1,323504E-1
9,739433E+1	1,321870E-1
9,739452E+1	1,323014E-1
9,745378E+1	1,324606E-1
9,743830E+1	1,325056E-1
9,751891E+1	1,326462E-1
9,751018E+1	1,325756E-1
9,756126E+1	1,326364E-1
9,756002E+1	1,327239E-1
9,763647E+1	1,328740E-1
9,761346E+1	1,329528E-1
9,770002E+1	1,328694E-1
9,768505E+1	1,328987E-1
9,773918E+1	1,329380E-1
9,772474E+1	1,331762E-1
9,781159E+1	1,331902E-1
9,778534E+1	1,335093E-1
9,785693E+1	1,333545E-1
9,784586E+1	1,335200E-1
9,792557E+1	1,336401E-1
9,789866E+1	1,338000E-1
9,798038E+1	1,337194E-1
9,796579E+1	1,337972E-1
9,804318E+1	1,338501E-1
9,801745E+1	1,339373E-1
9,810055E+1	1,340017E-1
9,807431E+1	1,340680E-1
9,816376E+1	1,341111E-1
9,813796E+1	1,341971E-1
9,821790E+1	1,342124E-1
9,818192E+1	1,344974E-1
9,828018E+1	1,345129E-1
9,824460E+1	1,343186E-1
9,833302E+1	1,348663E-1
9,831169E+1	1,345247E-1
9,839325E+1	1,347948E-1
9,835591E+1	1,348163E-1
9,845097E+1	1,345806E-1
9,842239E+1	1,351696E-1
9,850446E+1	1,350772E-1
9,847658E+1	1,350425E-1
9,856623E+1	1,352633E-1
9,852755E+1	1,353604E-1
9,863066E+1	1,355485E-1
9,859502E+1	1,355456E-1
9,867686E+1	1,353139E-1
9,864152E+1	1,354112E-1
9,873788E+1	1,356461E-1
9,870138E+1	1,356564E-1
9,879005E+1	1,355661E-1
9,876656E+1	1,359412E-1
9,885017E+1	1,359054E-1
9,881370E+1	1,360096E-1
9,890730E+1	1,360952E-1
9,887699E+1	1,361727E-1
9,896052E+1	1,362307E-1
9,893343E+1	1,360043E-1
9,901451E+1	1,362999E-1
9,898597E+1	1,363314E-1
9,908736E+1	1,364190E-1
9,905177E+1	1,363095E-1
9,912743E+1	1,364572E-1
9,909860E+1	1,366137E-1
9,918762E+1	1,367584E-1
9,915703E+1	1,369620E-1
9,924321E+1	1,366606E-1
9,922231E+1	1,370422E-1
9,930238E+1	1,368626E-1
9,927198E+1	1,368785E-1
9,935967E+1	1,372088E-1
9,933853E+1	1,371143E-1
9,941418E+1	1,371906E-1
9,938496E+1	1,370700E-1
9,947213E+1	1,370272E-1
9,944413E+1	1,376152E-1
9,953575E+1	1,374271E-1
9,950995E+1	1,373567E-1
9,958206E+1	1,373141E-1
9,955182E+1	1,377724E-1
9,964040E+1	1,376192E-1
9,961499E+1	1,377415E-1
9,969283E+1	1,380252E-1
9,967563E+1	1,379187E-1
9,974447E+1	1,380165E-1
9,972648E+1	1,378519E-1
9,981489E+1	1,380211E-1
9,979062E+1	1,380821E-1
9,985748E+1	1,382351E-1
9,983910E+1	1,383571E-1
9,991483E+1	1,382136E-1
9,989434E+1	1,381725E-1
9,998602E+1	1,386352E-1
9,996079E+1	1,384923E-1
1,000230E+2	1,386535E-1
1,000026E+2	1,386258E-1
1,000901E+2	1,386216E-1
1,000638E+2	1,387397E-1
1,001327E+2	1,386772E-1
1,001238E+2	1,389572E-1
1,001914E+2	1,389275E-1
1,001758E+2	1,390594E-1
1,002495E+2	1,389527E-1
1,002359E+2	1,388193E-1
1,002991E+2	1,390395E-1
1,002845E+2	1,389281E-1
1,003550E+2	1,392048E-1
1,003433E+2	1,392369E-1
1,004210E+2	1,395678E-1
1,004032E+2	1,393316E-1
1,004643E+2	1,395986E-1
1,004438E+2	1,395286E-1
1,005179E+2	1,395975E-1
1,005141E+2	1,395513E-1
1,005726E+2	1,397677E-1
1,005674E+2	1,398964E-1
1,006259E+2	1,397491E-1
1,006273E+2	1,400081E-1
1,006860E+2	1,399320E-1
1,006771E+2	1,399618E-1
1,007320E+2	1,401401E-1
1,007297E+2	1,402737E-1
1,007879E+2	1,402617E-1
1,007922E+2	1,402010E-1
1,008486E+2	1,406447E-1
1,008490E+2	1,403528E-1
1,008832E+2	1,407066E-1
1,008905E+2	1,405769E-1
1,009568E+2	1,407205E-1
1,009477E+2	1,407383E-1
1,009936E+2	1,408718E-1
1,010042E+2	1,408434E-1
1,010450E+2	1,408525E-1
1,010605E+2	1,407315E-1
1,011166E+2	1,411099E-1
1,011139E+2	1,409948E-1
1,011511E+2	1,410649E-1
1,011670E+2	1,409209E-1
1,012229E+2	1,411696E-1
1,012266E+2	1,412390E-1
1,012789E+2	1,410969E-1
1,012863E+2	1,413958E-1
1,013115E+2	1,414719E-1
1,013313E+2	1,412704E-1
1,013813E+2	1,415255E-1
1,013896E+2	1,414761E-1
1,014291E+2	1,417928E-1
1,014447E+2	1,416919E-1
1,014747E+2	1,417954E-1
1,015011E+2	1,417619E-1
1,015461E+2	1,415589E-1
1,015573E+2	1,418624E-1
1,015795E+2	1,417500E-1
1,016128E+2	1,419962E-1
1,016383E+2	1,417338E-1
1,016807E+2	1,421042E-1
1,017055E+2	1,421266E-1
1,017178E+2	1,421140E-1
1,017390E+2	1,422385E-1
1,017835E+2	1,422251E-1
1,018115E+2	1,422088E-1
1,018382E+2	1,423972E-1
1,018641E+2	1,423412E-1
1,018843E+2	1,424996E-1
1,018964E+2	1,425731E-1
1,019412E+2	1,426552E-1
1,019741E+2	1,425676E-1
1,019932E+2	1,425328E-1
1,020153E+2	1,426016E-1
1,020523E+2	1,427612E-1
1,020690E+2	1,426926E-1
1,021256E+2	1,428179E-1
1,021367E+2	1,429832E-1
1,021538E+2	1,428413E-1
1,021682E+2	1,430142E-1
1,022266E+2	1,431514E-1
1,022303E+2	1,428591E-1
1,022812E+2	1,431309E-1
1,022943E+2	1,432289E-1
1,023259E+2	1,432078E-1
1,023339E+2	1,433183E-1
1,023871E+2	1,435619E-1
1,023990E+2	1,433939E-1
1,024429E+2	1,437715E-1
1,024377E+2	1,436860E-1
1,024943E+2	1,436921E-1
1,024935E+2	1,436105E-1
1,025515E+2	1,437303E-1
1,025529E+2	1,439440E-1
1,025981E+2	1,438392E-1
1,025915E+2	1,436996E-1
1,026559E+2	1,439067E-1
1,026524E+2	1,437625E-1
1,027153E+2	1,439174E-1
1,027087E+2	1,442140E-1
1,027678E+2	1,438973E-1
1,027576E+2	1,439193E-1
1,028192E+2	1,443553E-1
1,028156E+2	1,444040E-1
1,028794E+2	1,443209E-1
1,028664E+2	1,442083E-1
1,029297E+2	1,444256E-1
1,029171E+2	1,443296E-1
1,029963E+2	1,443359E-1
1,029761E+2	1,444915E-1
1,030329E+2	1,443680E-1
1,030138E+2	1,441219E-1
1,030902E+2	1,445073E-1
1,030739E+2	1,447058E-1
1,031510E+2	1,445772E-1
1,031340E+2	1,445386E-1
1,031996E+2	1,447696E-1
1,031789E+2	1,446423E-1
1,032580E+2	1,449090E-1
1,032315E+2	1,450100E-1
1,033036E+2	1,449454E-1
1,032898E+2	1,451490E-1
1,033640E+2	1,451094E-1
1,033325E+2	1,450573E-1
1,034180E+2	1,450091E-1
1,033968E+2	1,451428E-1
1,034615E+2	1,450320E-1
1,034358E+2	1,452413E-1
1,035225E+2	1,453686E-1
1,034889E+2	1,452843E-1
1,035690E+2	1,453850E-1
1,035522E+2	1,454751E-1
1,036220E+2	1,453397E-1
1,035888E+2	1,454152E-1
1,036820E+2	1,455926E-1
1,036457E+2	1,455931E-1
1,037283E+2	1,456861E-1
1,037067E+2	1,458689E-1
1,037833E+2	1,458721E-1
1,037461E+2	1,460997E-1
1,038374E+2	1,457728E-1
1,038083E+2	1,459274E-1
1,038862E+2	1,461195E-1
1,038579E+2	1,460927E-1
1,039370E+2	1,460169E-1
1,039022E+2	1,461325E-1
1,039910E+2	1,461408E-1
1,039628E+2	1,461926E-1
1,040420E+2	1,462143E-1
1,040035E+2	1,464456E-1
1,040952E+2	1,462429E-1
1,040563E+2	1,461465E-1
1,041423E+2	1,463231E-1
1,041154E+2	1,464567E-1
1,041946E+2	1,463104E-1
1,041590E+2	1,466331E-1
1,042471E+2	1,467075E-1
1,042174E+2	1,464693E-1
1,042951E+2	1,468050E-1
1,042678E+2	1,467771E-1
1,043481E+2	1,467317E-1
1,043129E+2	1,467923E-1
1,044025E+2	1,467209E-1
1,043738E+2	1,468236E-1
1,044477E+2	1,470148E-1
1,044096E+2	1,466690E-1
1,045003E+2	1,472113E-1
1,044646E+2	1,471603E-1
1,045614E+2	1,472844E-1
1,045268E+2	1,471437E-1
1,045977E+2	1,472299E-1
1,045690E+2	1,471659E-1
1,046504E+2	1,471741E-1
1,046178E+2	1,474385E-1
1,046969E+2	1,473690E-1
1,046743E+2	1,472809E-1
1,047449E+2	1,473288E-1
1,047188E+2	1,475626E-1
1,048083E+2	1,477111E-1
1,047810E+2	1,477487E-1
1,048451E+2	1,477415E-1
1,048151E+2	1,477801E-1
1,049014E+2	1,477756E-1
1,048728E+2	1,478907E-1
1,049590E+2	1,477033E-1
1,049346E+2	1,478584E-1
1,049989E+2	1,478015E-1
1,049761E+2	1,480327E-1
1,050587E+2	1,481400E-1
1,050263E+2	1,479293E-1
1,051024E+2	1,481124E-1
1,050855E+2	1,480321E-1
1,051508E+2	1,479837E-1
1,051291E+2	1,482117E-1
1,052122E+2	1,485763E-1
1,051855E+2	1,482402E-1
1,052480E+2	1,483272E-1
1,052292E+2	1,483470E-1
1,053032E+2	1,482450E-1
1,052800E+2	1,483222E-1
1,053666E+2	1,483648E-1
1,053384E+2	1,485680E-1
1,054017E+2	1,484165E-1
1,053779E+2	1,485694E-1
1,054533E+2	1,484398E-1
1,054329E+2	1,485854E-1
1,054990E+2	1,488023E-1
1,054875E+2	1,488952E-1
1,055510E+2	1,488191E-1
1,055351E+2	1,486287E-1
1,056061E+2	1,486946E-1
1,055910E+2	1,488013E-1
1,056492E+2	1,491359E-1
1,056350E+2	1,488756E-1
1,056996E+2	1,490452E-1
1,056887E+2	1,492237E-1
1,057584E+2	1,489621E-1
1,057421E+2	1,492776E-1
1,057897E+2	1,493408E-1
1,057858E+2	1,492284E-1
1,058545E+2	1,490055E-1
1,058460E+2	1,495697E-1
1,058879E+2	1,493975E-1
1,058874E+2	1,494080E-1
1,059438E+2	1,490993E-1
1,059416E+2	1,495476E-1
1,060005E+2	1,494930E-1
1,059876E+2	1,492471E-1
1,060379E+2	1,495368E-1
1,060247E+2	1,496880E-1
1,060877E+2	1,498051E-1
1,060899E+2	1,497244E-1
1,061377E+2	1,497108E-1
1,061319E+2	1,497221E-1
1,061795E+2	1,497538E-1
1,061789E+2	1,499574E-1
1,062405E+2	1,501734E-1
1,062431E+2	1,500059E-1
1,062714E+2	1,500188E-1
1,062787E+2	1,499867E-1
1,063244E+2	1,499294E-1
1,063409E+2	1,500426E-1
1,063854E+2	1,500820E-1
1,063765E+2	1,501067E-1
1,064129E+2	1,501073E-1
1,064311E+2	1,502210E-1
1,064758E+2	1,502460E-1
1,064813E+2	1,505524E-1
1,065201E+2	1,504524E-1
1,065336E+2	1,504449E-1
1,065641E+2	1,503968E-1
1,065823E+2	1,505665E-1
1,066277E+2	1,504756E-1
1,066327E+2	1,505412E-1
1,066569E+2	1,508068E-1
1,066817E+2	1,507225E-1
1,067212E+2	1,507230E-1
1,067483E+2	1,508697E-1
1,067720E+2	1,507306E-1
1,067837E+2	1,507837E-1
1,068016E+2	1,507582E-1
1,068386E+2	1,509068E-1
1,068663E+2	1,509897E-1
1,068853E+2	1,508372E-1
1,069119E+2	1,508067E-1
1,069269E+2	1,508359E-1
1,069541E+2	1,508980E-1
1,069888E+2	1,508533E-1
1,070146E+2	1,510400E-1
1,070325E+2	1,509354E-1
1,070437E+2	1,511054E-1
1,070809E+2	1,510879E-1
1,071019E+2	1,513935E-1
1,071327E+2	1,509419E-1
1,071502E+2	1,513330E-1
1,071812E+2	1,510118E-1
1,071898E+2	1,511283E-1
1,072256E+2	1,513582E-1
1,072496E+2	1,510151E-1
1,072795E+2	1,515971E-1
1,072908E+2	1,514892E-1
1,073262E+2	1,517312E-1
1,073315E+2	1,513282E-1
1,073903E+2	1,514456E-1
1,073924E+2	1,516913E-1
1,074134E+2	1,517711E-1
1,074268E+2	1,516727E-1
1,074808E+2	1,520277E-1
1,074773E+2	1,514904E-1
1,075292E+2	1,520922E-1
1,075342E+2	1,517328E-1
1,075675E+2	1,518700E-1
1,075668E+2	1,519307E-1
1,076269E+2	1,521426E-1
1,076259E+2	1,521777E-1
1,076587E+2	1,518415E-1
1,076659E+2	1,522858E-1
1,077225E+2	1,521005E-1
1,077138E+2	1,520616E-1
1,077715E+2	1,520977E-1
1,077666E+2	1,520899E-1
1,078123E+2	1,522364E-1
1,078030E+2	1,521590E-1
1,078660E+2	1,519475E-1
1,078571E+2	1,525235E-1
1,079203E+2	1,524049E-1
1,079095E+2	1,522170E-1
1,079663E+2	1,523911E-1
1,079522E+2	1,524085E-1
1,080118E+2	1,522930E-1
1,080020E+2	1,524177E-1
1,080665E+2	1,525006E-1
1,080492E+2	1,527032E-1
1,081097E+2	1,524901E-1
1,080918E+2	1,524363E-1
1,081587E+2	1,526494E-1
1,081462E+2	1,526619E-1
1,082046E+2	1,526167E-1
1,081775E+2	1,525104E-1
1,082539E+2	1,525856E-1
1,082333E+2	1,524263E-1
1,083073E+2	1,528203E-1
1,082854E+2	1,528502E-1
1,083491E+2	1,529601E-1
1,083252E+2	1,529806E-1
1,083948E+2	1,529993E-1
1,083728E+2	1,530915E-1
1,084497E+2	1,528173E-1
1,084208E+2	1,529330E-1
1,084917E+2	1,531937E-1
1,084650E+2	1,533174E-1
1,085441E+2	1,530903E-1
1,085141E+2	1,532386E-1
1,085885E+2	1,530615E-1
1,085576E+2	1,529317E-1
1,086329E+2	1,531284E-1
1,086034E+2	1,534720E-1
1,086841E+2	1,530936E-1
1,086562E+2	1,531404E-1
1,087297E+2	1,532770E-1
1,086947E+2	1,533311E-1
1,087752E+2	1,533349E-1
1,087398E+2	1,535755E-1
1,088212E+2	1,532143E-1
1,087950E+2	1,534359E-1
1,088666E+2	1,535912E-1
1,088312E+2	1,533836E-1
1,089134E+2	1,534872E-1
1,088822E+2	1,534423E-1
1,089603E+2	1,538815E-1
1,089307E+2	1,534077E-1
1,090032E+2	1,539021E-1
1,089678E+2	1,534704E-1
1,090521E+2	1,536868E-1
1,090245E+2	1,539125E-1
1,090954E+2	1,539139E-1
1,090579E+2	1,538829E-1
1,091398E+2	1,540349E-1
1,091082E+2	1,539551E-1
1,091868E+2	1,538867E-1
1,091637E+2	1,539137E-1
1,092357E+2	1,539347E-1
1,092028E+2	1,541685E-1
1,092874E+2	1,542123E-1
1,092562E+2	1,540641E-1
1,093294E+2	1,542978E-1
1,092973E+2	1,540403E-1
1,093728E+2	1,540095E-1
1,093412E+2	1,542341E-1
1,094311E+2	1,540203E-1
1,093940E+2	1,541272E-1
1,094614E+2	1,542231E-1
1,094309E+2	1,543932E-1
1,095105E+2	1,542265E-1
1,094789E+2	1,547059E-1
1,095561E+2	1,545329E-1
1,095301E+2	1,543906E-1
1,096000E+2	1,545348E-1
1,095679E+2	1,545929E-1
1,096924E+2	1,547012E-1
1,096562E+2	1,544338E-1
1,097372E+2	1,545057E-1
1,097073E+2	1,543474E-1
1,097868E+2	1,550001E-1
1,097586E+2	1,549985E-1
1,098231E+2	1,549537E-1
1,097917E+2	1,545685E-1
1,098692E+2	1,548467E-1
1,098415E+2	1,547181E-1
1,099117E+2	1,549157E-1
1,098934E+2	1,548090E-1
1,099519E+2	1,549277E-1
1,099322E+2	1,551430E-1
1,100087E+2	1,552890E-1
1,099854E+2	1,549136E-1
1,100423E+2	1,548959E-1
1,100210E+2	1,550058E-1
1,100908E+2	1,550686E-1
1,100666E+2	1,552326E-1
1,101480E+2	1,552186E-1
1,101207E+2	1,550339E-1
1,101750E+2	1,553080E-1
1,101544E+2	1,552116E-1
1,102247E+2	1,554661E-1
1,102025E+2	1,553349E-1
1,102647E+2	1,553726E-1
1,102513E+2	1,553052E-1
1,103108E+2	1,554070E-1
1,102919E+2	1,556653E-1
1,103588E+2	1,554863E-1
1,103416E+2	1,553908E-1
1,103965E+2	1,556038E-1
1,103803E+2	1,553899E-1
1,104416E+2	1,558738E-1
1,104256E+2	1,554892E-1
1,104949E+2	1,557113E-1
1,104735E+2	1,556858E-1
1,105179E+2	1,556247E-1
1,105135E+2	1,555767E-1
1,105790E+2	1,556268E-1
1,105545E+2	1,558769E-1
1,106144E+2	1,559308E-1
1,106041E+2	1,556473E-1
1,106518E+2	1,558045E-1
1,106429E+2	1,560529E-1
1,107094E+2	1,557073E-1
1,106908E+2	1,558498E-1
1,107379E+2	1,557019E-1
1,107870E+2	1,558015E-1
1,107870E+2	1,561125E-1
1,108320E+2	1,562112E-1
1,108263E+2	1,559245E-1
1,108730E+2	1,561315E-1
1,108801E+2	1,563509E-1
1,109256E+2	1,562554E-1
1,109190E+2	1,562037E-1
1,109568E+2	1,563843E-1
1,109591E+2	1,560847E-1
1,110024E+2	1,563488E-1
1,110165E+2	1,562170E-1
1,110584E+2	1,562026E-1
1,110469E+2	1,562707E-1
1,110835E+2	1,561804E-1
1,110974E+2	1,563231E-1
1,111412E+2	1,562238E-1
1,111411E+2	1,566656E-1
1,111787E+2	1,566249E-1
1,111882E+2	1,563532E-1
1,112141E+2	1,564156E-1
1,112318E+2	1,564287E-1
1,112753E+2	1,566873E-1
1,112753E+2	1,566476E-1
1,112986E+2	1,567232E-1
1,113179E+2	1,565424E-1
1,113560E+2	1,568475E-1
1,113793E+2	1,565243E-1
1,113981E+2	1,567733E-1
1,114069E+2	1,567836E-1
1,114310E+2	1,568122E-1
1,114594E+2	1,568047E-1
1,114840E+2	1,569295E-1
1,115059E+2	1,568491E-1
1,115249E+2	1,569860E-1
1,115355E+2	1,567478E-1
1,115589E+2	1,571557E-1
1,115978E+2	1,572044E-1
1,116170E+2	1,569624E-1
1,116182E+2	1,571266E-1
1,116413E+2	1,571994E-1
1,116775E+2	1,571193E-1
1,116936E+2	1,573416E-1
1,117383E+2	1,572139E-1
1,117413E+2	1,572049E-1
1,117652E+2	1,573158E-1
1,117716E+2	1,574819E-1
1,118052E+2	1,574390E-1
1,118263E+2	1,573353E-1
1,118534E+2	1,572909E-1
1,118641E+2	1,573084E-1
1,118943E+2	1,575095E-1
1,118997E+2	1,573556E-1
1,119525E+2	1,572145E-1
1,119542E+2	1,572051E-1
1,119709E+2	1,574352E-1
1,119834E+2	1,575773E-1
1,120341E+2	1,574821E-1
1,120299E+2	1,574996E-1
1,120766E+2	1,573971E-1
1,120820E+2	1,576725E-1
1,121100E+2	1,574638E-1
1,121114E+2	1,575541E-1
1,121662E+2	1,575053E-1
1,121649E+2	1,577307E-1
1,122093E+2	1,575274E-1
1,121997E+2	1,576728E-1
1,122500E+2	1,575598E-1
1,122458E+2	1,576041E-1
1,123103E+2	1,576059E-1
1,122942E+2	1,576504E-1
1,123316E+2	1,576390E-1
1,123241E+2	1,577785E-1
1,123798E+2	1,578464E-1
1,123734E+2	1,577774E-1
1,124250E+2	1,577860E-1
1,124199E+2	1,580720E-1
1,124689E+2	1,581077E-1
1,124514E+2	1,576474E-1
1,125180E+2	1,580520E-1
1,125047E+2	1,580300E-1
1,125461E+2	1,580158E-1
1,125444E+2	1,580900E-1
1,126037E+2	1,580176E-1
1,125806E+2	1,581860E-1
1,126489E+2	1,582775E-1
1,126331E+2	1,583025E-1
1,126929E+2	1,581791E-1
1,126626E+2	1,583948E-1
1,127290E+2	1,580966E-1
1,127077E+2	1,583599E-1
1,127780E+2	1,584390E-1
1,127532E+2	1,586718E-1
1,128130E+2	1,583052E-1
1,127904E+2	1,582134E-1
1,128535E+2	1,584981E-1
1,128936E+2	1,584772E-1
1,128670E+2	1,583892E-1
1,129372E+2	1,584148E-1
1,129118E+2	1,584469E-1
1,129852E+2	1,587898E-1
1,129568E+2	1,585586E-1
1,130232E+2	1,585270E-1
1,129936E+2	1,585529E-1
1,130697E+2	1,586170E-1
1,130316E+2	1,589582E-1
1,131079E+2	1,587576E-1
1,130846E+2	1,587674E-1
1,131484E+2	1,584214E-1
1,131181E+2	1,587877E-1
1,131944E+2	1,590587E-1
1,131646E+2	1,587056E-1
1,132359E+2	1,587179E-1
1,132047E+2	1,588135E-1
1,132779E+2	1,586431E-1
1,132420E+2	1,588412E-1
1,133208E+2	1,590075E-1
1,132928E+2	1,588805E-1
1,133632E+2	1,586304E-1
1,133201E+2	1,589752E-1
1,134037E+2	1,587814E-1
1,133678E+2	1,589731E-1
1,134473E+2	1,591061E-1
1,134178E+2	1,591257E-1
1,134830E+2	1,591554E-1
1,134479E+2	1,588606E-1
1,135278E+2	1,590495E-1
1,134933E+2	1,592127E-1
1,135693E+2	1,593262E-1
1,135386E+2	1,592909E-1
1,136074E+2	1,590918E-1
1,135727E+2	1,590593E-1
1,136551E+2	1,590323E-1
1,136258E+2	1,594804E-1
1,136896E+2	1,594926E-1
1,136500E+2	1,593102E-1
1,137328E+2	1,592280E-1
1,136972E+2	1,593177E-1
1,137716E+2	1,592305E-1
1,137454E+2	1,593664E-1
1,138126E+2	1,592548E-1
1,137785E+2	1,594538E-1
1,138558E+2	1,593916E-1
1,138250E+2	1,594822E-1
1,138947E+2	1,594175E-1
1,138683E+2	1,595606E-1
1,139323E+2	1,595481E-1
1,139023E+2	1,594266E-1
1,139885E+2	1,596432E-1
1,139513E+2	1,595433E-1
1,140093E+2	1,595912E-1
1,139767E+2	1,597745E-1
1,140511E+2	1,594792E-1
1,140202E+2	1,597508E-1
1,140959E+2	1,598281E-1
1,140686E+2	1,595981E-1
1,141267E+2	1,596123E-1
1,140990E+2	1,594951E-1
1,141758E+2	1,595082E-1
1,141418E+2	1,598346E-1
1,142049E+2	1,598934E-1
1,141858E+2	1,596053E-1
1,142488E+2	1,599956E-1
1,142199E+2	1,597303E-1
1,142985E+2	1,597041E-1
1,142706E+2	1,599179E-1
1,143287E+2	1,599079E-1
1,142972E+2	1,596600E-1
1,143696E+2	1,599158E-1
1,143437E+2	1,601505E-1
1,144110E+2	1,599080E-1
1,143939E+2	1,601914E-1
1,144458E+2	1,599693E-1
1,144252E+2	1,600543E-1
1,144973E+2	1,600211E-1
1,144707E+2	1,599753E-1
1,145255E+2	1,602873E-1
1,145094E+2	1,599697E-1
1,145698E+2	1,601411E-1
1,145474E+2	1,601130E-1
1,146214E+2	1,600637E-1
1,145956E+2	1,602482E-1
1,146476E+2	1,601095E-1
1,146219E+2	1,601519E-1
1,146897E+2	1,602290E-1
1,146700E+2	1,602975E-1
1,147245E+2	1,601589E-1
1,147119E+2	1,600964E-1
1,147543E+2	1,599444E-1
1,147541E+2	1,602896E-1
1,148106E+2	1,605413E-1
1,147927E+2	1,604559E-1
1,148359E+2	1,604924E-1
1,148240E+2	1,602587E-1
1,148911E+2	1,604701E-1
1,148671E+2	1,603916E-1
1,149350E+2	1,605160E-1
1,149157E+2	1,604400E-1
1,149541E+2	1,602935E-1
1,149530E+2	1,602453E-1
1,150107E+2	1,604065E-1
1,149897E+2	1,605541E-1
1,150440E+2	1,595314E-1
1,150343E+2	1,604668E-1
1,150734E+2	1,603800E-1
1,150749E+2	1,604440E-1
1,151289E+2	1,605050E-1
1,151164E+2	1,604144E-1
1,151530E+2	1,604457E-1
1,151518E+2	1,606052E-1
1,152066E+2	1,604747E-1
1,152087E+2	1,604921E-1
1,152449E+2	1,607237E-1
1,152350E+2	1,608220E-1
1,152738E+2	1,605771E-1
1,152884E+2	1,605749E-1
1,153261E+2	1,602074E-1
1,153214E+2	1,608218E-1
1,153488E+2	1,607986E-1
1,153601E+2	1,605593E-1
1,154021E+2	1,606806E-1
1,154022E+2	1,607723E-1
1,154459E+2	1,608073E-1
1,154458E+2	1,608490E-1
1,154656E+2	1,609069E-1
1,154800E+2	1,606123E-1
1,155185E+2	1,610687E-1
1,155233E+2	1,607430E-1
1,155550E+2	1,606421E-1
1,155633E+2	1,602902E-1
1,155856E+2	1,606301E-1
1,156031E+2	1,608729E-1
1,156409E+2	1,608880E-1
1,156397E+2	1,608243E-1
1,156598E+2	1,606970E-1
1,156778E+2	1,610049E-1
1,157017E+2	1,612276E-1
1,157345E+2	1,607854E-1
1,157529E+2	1,609482E-1
1,157568E+2	1,609530E-1
1,157699E+2	1,609635E-1
1,158087E+2	1,610953E-1
1,158229E+2	1,610995E-1
1,158460E+2	1,610136E-1
1,158650E+2	1,610717E-1
1,158759E+2	1,611402E-1
1,158903E+2	1,608840E-1
1,159290E+2	1,611165E-1
1,159425E+2	1,611632E-1
1,159492E+2	1,614153E-1
1,159612E+2	1,612461E-1
1,160039E+2	1,613762E-1
1,160115E+2	1,614099E-1
1,160449E+2	1,613582E-1
1,160545E+2	1,616497E-1
1,160831E+2	1,612798E-1
1,160776E+2	1,613506E-1
1,161211E+2	1,612751E-1
1,161293E+2	1,614271E-1
1,161648E+2	1,613378E-1
1,161689E+2	1,614434E-1
1,162031E+2	1,612799E-1
1,162024E+2	1,614494E-1
1,162553E+2	1,615473E-1
1,162477E+2	1,616376E-1
1,162739E+2	1,616199E-1
1,162714E+2	1,613581E-1
1,163272E+2	1,616352E-1
1,163145E+2	1,613541E-1
1,163667E+2	1,616568E-1
1,163634E+2	1,616679E-1
1,163926E+2	1,614570E-1
1,163864E+2	1,613628E-1
1,164435E+2	1,614993E-1
1,164326E+2	1,614863E-1
1,164850E+2	1,615118E-1
1,164686E+2	1,614941E-1
1,165207E+2	1,616999E-1
1,165086E+2	1,614186E-1
1,165639E+2	1,615993E-1
1,165494E+2	1,618322E-1
1,165949E+2	1,615026E-1
1,165726E+2	1,617735E-1
1,166366E+2	1,615644E-1
1,166200E+2	1,616724E-1
1,166801E+2	1,616823E-1
1,166624E+2	1,617677E-1
1,167157E+2	1,618772E-1
1,166936E+2	1,617646E-1
1,167572E+2	1,615368E-1
1,167354E+2	1,618089E-1
1,167895E+2	1,617055E-1
1,167739E+2	1,615170E-1
1,168339E+2	1,615412E-1
1,168064E+2	1,618805E-1
1,168770E+2	1,616345E-1
1,168551E+2	1,618736E-1
1,169020E+2	1,621693E-1
1,168775E+2	1,618615E-1
1,169513E+2	1,617993E-1
1,169195E+2	1,617696E-1
1,169830E+2	1,618918E-1
1,169629E+2	1,620173E-1
1,170273E+2	1,619870E-1
1,169943E+2	1,619962E-1
1,170623E+2	1,618786E-1
1,170359E+2	1,619420E-1
1,171045E+2	1,621149E-1
1,170717E+2	1,621067E-1
1,171441E+2	1,621860E-1
1,171070E+2	1,620344E-1
1,171789E+2	1,620193E-1
1,171530E+2	1,624015E-1
1,172165E+2	1,623136E-1
1,171752E+2	1,620702E-1
1,172561E+2	1,621048E-1
1,172200E+2	1,620548E-1
1,172937E+2	1,621536E-1
1,172642E+2	1,621545E-1
1,173305E+2	1,624391E-1
1,172921E+2	1,623449E-1
1,173703E+2	1,623519E-1
1,173368E+2	1,623976E-1
1,174022E+2	1,624372E-1
1,173734E+2	1,624031E-1
1,174432E+2	1,623499E-1
1,174038E+2	1,623620E-1
1,174884E+2	1,624222E-1
1,174502E+2	1,624166E-1
1,175162E+2	1,623817E-1
1,174773E+2	1,623391E-1
1,175508E+2	1,624999E-1
1,175162E+2	1,623657E-1
1,175899E+2	1,624100E-1
1,175601E+2	1,622663E-1
1,176279E+2	1,625804E-1
1,175925E+2	1,623262E-1
1,176707E+2	1,623833E-1
1,176392E+2	1,626893E-1
1,177030E+2	1,626835E-1
1,176636E+2	1,627429E-1
1,177400E+2	1,628589E-1
1,177039E+2	1,625813E-1
1,177765E+2	1,625867E-1
1,177491E+2	1,627200E-1
1,178091E+2	1,628394E-1
1,177771E+2	1,627829E-1
1,178546E+2	1,627687E-1
1,178210E+2	1,625233E-1
1,178804E+2	1,627645E-1
1,178473E+2	1,626820E-1
1,179198E+2	1,627874E-1
1,178858E+2	1,626701E-1
1,179609E+2	1,628292E-1
1,179284E+2	1,631536E-1
1,179908E+2	1,626906E-1
1,179579E+2	1,630528E-1
1,180271E+2	1,629306E-1
1,179963E+2	1,630673E-1
1,180620E+2	1,628712E-1
1,180388E+2	1,627340E-1
1,180949E+2	1,626291E-1
1,180718E+2	1,628142E-1
1,181453E+2	1,627177E-1
1,181133E+2	1,628570E-1
1,181668E+2	1,628046E-1
1,181415E+2	1,630897E-1
1,182058E+2	1,630047E-1
1,181795E+2	1,625630E-1
1,182557E+2	1,629810E-1
1,182239E+2	1,627829E-1
1,182763E+2	1,628097E-1
1,182527E+2	1,630685E-1
1,183233E+2	1,631700E-1
1,182883E+2	1,631487E-1
1,183475E+2	1,631581E-1
1,183315E+2	1,632610E-1
1,183870E+2	1,628306E-1
1,183628E+2	1,630721E-1
1,184287E+2	1,631349E-1
1,184057E+2	1,631953E-1
1,184583E+2	1,631653E-1
1,184336E+2	1,632207E-1
1,184956E+2	1,631050E-1
1,184735E+2	1,631295E-1
1,185400E+2	1,633042E-1
1,185167E+2	1,632960E-1
1,185609E+2	1,630527E-1
1,185480E+2	1,630587E-1
1,186087E+2	1,630136E-1
1,185809E+2	1,635829E-1
1,186336E+2	1,633634E-1
1,186253E+2	1,633349E-1
1,186742E+2	1,632471E-1
1,186569E+2	1,635766E-1
1,187197E+2	1,634382E-1
1,186977E+2	1,632848E-1
1,187421E+2	1,632986E-1
1,187242E+2	1,632978E-1
1,187821E+2	1,635490E-1
1,187736E+2	1,634353E-1
1,188174E+2	1,637560E-1
1,188070E+2	1,633857E-1
1,188528E+2	1,634625E-1
1,188488E+2	1,635296E-1
1,188926E+2	1,634920E-1
1,188788E+2	1,636105E-1
1,189204E+2	1,636718E-1
1,189123E+2	1,634671E-1
1,189598E+2	1,635932E-1
1,189533E+2	1,635427E-1
1,190005E+2	1,637978E-1
1,189936E+2	1,634358E-1
1,190199E+2	1,636099E-1
1,190216E+2	1,636088E-1
1,190691E+2	1,635210E-1
1,190602E+2	1,635265E-1
1,190966E+2	1,637003E-1
1,190997E+2	1,633762E-1
1,191258E+2	1,636291E-1
1,191376E+2	1,636532E-1
1,191785E+2	1,637484E-1
1,191711E+2	1,638221E-1
1,191954E+2	1,634493E-1
1,192059E+2	1,635932E-1
1,192344E+2	1,637217E-1
1,192562E+2	1,639066E-1
1,192823E+2	1,635937E-1
1,192777E+2	1,636394E-1
1,192996E+2	1,637647E-1
1,193246E+2	1,636365E-1
1,193518E+2	1,637016E-1
1,193581E+2	1,635081E-1
1,193821E+2	1,639316E-1
1,193875E+2	1,637808E-1
1,194125E+2	1,637330E-1
1,194406E+2	1,636586E-1
1,194592E+2	1,636678E-1
1,194556E+2	1,640735E-1
1,194781E+2	1,636374E-1
1,195063E+2	1,637947E-1
1,195235E+2	1,636390E-1
1,195433E+2	1,637834E-1
1,195630E+2	1,638608E-1
1,195805E+2	1,637069E-1
1,195879E+2	1,636216E-1
1,196133E+2	1,637295E-1
1,196377E+2	1,638056E-1
1,196538E+2	1,637159E-1
1,196625E+2	1,639492E-1
1,196880E+2	1,639108E-1
1,196994E+2	1,640077E-1
1,197392E+2	1,639058E-1
1,197392E+2	1,636806E-1
1,197525E+2	1,638572E-1
1,197629E+2	1,637796E-1
1,198015E+2	1,639730E-1
1,197991E+2	1,637718E-1
1,198353E+2	1,640186E-1
1,198430E+2	1,638600E-1
1,198774E+2	1,639024E-1
1,198666E+2	1,638752E-1
1,199045E+2	1,640547E-1
1,199099E+2	1,638809E-1
1,199401E+2	1,641761E-1
1,199307E+2	1,640111E-1
1,199736E+2	1,639165E-1
1,199710E+2	1,638798E-1
1,200113E+2	1,638496E-1
1,200098E+2	1,637852E-1
1,200403E+2	1,638060E-1
1,200313E+2	1,639684E-1
1,200770E+2	1,639864E-1
1,200721E+2	1,639238E-1
1,201180E+2	1,637849E-1
1,201094E+2	1,641379E-1
1,201508E+2	1,640203E-1
1,201339E+2	1,641415E-1
1,201917E+2	1,639891E-1
1,201805E+2	1,641596E-1
1,202108E+2	1,640004E-1
1,202041E+2	1,642210E-1
1,202596E+2	1,639286E-1
1,202366E+2	1,639296E-1
1,202966E+2	1,641963E-1
1,202825E+2	1,642379E-1
1,203157E+2	1,643374E-1
1,203028E+2	1,642975E-1
1,203638E+2	1,641222E-1
1,203399E+2	1,643928E-1
1,203868E+2	1,641131E-1
1,203790E+2	1,643354E-1
1,204326E+2	1,640832E-1
1,204089E+2	1,642158E-1
1,204763E+2	1,643590E-1
1,204501E+2	1,645231E-1
1,204995E+2	1,642354E-1
1,204714E+2	1,642028E-1
1,205422E+2	1,642234E-1
1,205111E+2	1,643727E-1
1,205685E+2	1,643494E-1
1,205563E+2	1,643139E-1
1,206073E+2	1,644851E-1
1,205770E+2	1,643934E-1
1,206467E+2	1,641585E-1
1,206170E+2	1,642890E-1
1,206772E+2	1,644368E-1
1,206522E+2	1,641208E-1
1,207188E+2	1,643883E-1
1,206820E+2	1,646053E-1
1,207551E+2	1,644530E-1
1,207273E+2	1,646777E-1
1,207834E+2	1,643620E-1
1,207522E+2	1,641441E-1
1,208212E+2	1,643680E-1
1,207842E+2	1,643293E-1
1,208598E+2	1,644471E-1
1,208237E+2	1,642791E-1
1,208886E+2	1,644328E-1
1,208511E+2	1,643935E-1
1,209201E+2	1,647619E-1
1,208840E+2	1,643497E-1
1,209547E+2	1,644812E-1
1,209236E+2	1,645901E-1
1,209910E+2	1,643759E-1
1,209525E+2	1,646611E-1
1,210254E+2	1,646348E-1
1,209923E+2	1,647867E-1
1,210574E+2	1,648963E-1
1,210164E+2	1,645434E-1
1,210891E+2	1,646313E-1
1,210542E+2	1,648756E-1
1,211305E+2	1,646465E-1
1,210972E+2	1,645676E-1
1,211580E+2	1,646541E-1
1,211230E+2	1,646328E-1
1,211946E+2	1,645126E-1
1,211577E+2	1,645692E-1
1,212232E+2	1,646651E-1
1,211979E+2	1,642706E-1
1,212619E+2	1,644500E-1
1,212251E+2	1,645880E-1
1,213000E+2	1,644139E-1
1,212681E+2	1,649309E-1
1,213296E+2	1,648029E-1
1,212884E+2	1,649262E-1
1,213637E+2	1,648804E-1
1,213285E+2	1,645276E-1
1,213981E+2	1,648350E-1
1,213697E+2	1,649281E-1
1,214260E+2	1,649688E-1
1,213957E+2	1,649726E-1
1,214687E+2	1,647444E-1
1,214360E+2	1,647811E-1
1,214945E+2	1,646060E-1
1,214637E+2	1,648834E-1
1,215316E+2	1,650587E-1
1,214978E+2	1,647432E-1
1,215693E+2	1,647063E-1
1,215386E+2	1,651414E-1
1,215958E+2	1,649973E-1
1,215626E+2	1,649859E-1
1,216289E+2	1,649684E-1
1,215991E+2	1,650377E-1
1,216593E+2	1,649061E-1
1,216364E+2	1,649781E-1
1,216634E+2	1,648491E-1
1,217357E+2	1,651147E-1
1,217046E+2	1,649844E-1
1,217571E+2	1,647858E-1
1,217307E+2	1,649817E-1
1,217952E+2	1,650884E-1
1,217678E+2	1,647046E-1
1,218415E+2	1,648686E-1
1,218102E+2	1,649663E-1
1,218589E+2	1,651099E-1
1,218352E+2	1,649096E-1
1,218959E+2	1,651298E-1
1,218678E+2	1,649586E-1
1,219252E+2	1,649392E-1
1,219076E+2	1,647836E-1
1,219606E+2	1,649564E-1
1,219365E+2	1,649577E-1
1,219979E+2	1,651652E-1
1,219750E+2	1,651296E-1
1,220249E+2	1,648361E-1
1,219999E+2	1,650166E-1
1,220595E+2	1,650092E-1
1,220318E+2	1,651470E-1
1,220971E+2	1,650283E-1
1,220721E+2	1,650652E-1
1,221179E+2	1,648135E-1
1,220994E+2	1,648381E-1
1,221612E+2	1,649343E-1
1,221317E+2	1,650820E-1
1,221803E+2	1,651722E-1
1,221713E+2	1,652156E-1
1,222200E+2	1,652650E-1
1,222016E+2	1,652618E-1
1,222608E+2	1,653190E-1
1,222390E+2	1,650710E-1
1,222784E+2	1,650711E-1
1,222649E+2	1,653000E-1
1,223256E+2	1,652265E-1
1,223128E+2	1,652518E-1
1,223516E+2	1,651982E-1
1,223381E+2	1,652292E-1
1,223820E+2	1,652411E-1
1,223786E+2	1,653230E-1
1,224190E+2	1,654004E-1
1,224055E+2	1,653677E-1
1,224431E+2	1,651479E-1
1,224358E+2	1,653717E-1
1,224779E+2	1,654767E-1
1,224810E+2	1,654466E-1
1,225196E+2	1,653281E-1
1,225128E+2	1,652212E-1
1,225354E+2	1,653628E-1
1,225378E+2	1,652228E-1
1,225825E+2	1,652336E-1
1,225719E+2	1,654816E-1
1,226057E+2	1,654046E-1
1,226067E+2	1,653217E-1
1,226346E+2	1,655392E-1
1,226405E+2	1,652226E-1
1,226813E+2	1,653877E-1
1,226733E+2	1,655574E-1
1,226948E+2	1,653437E-1
1,227045E+2	1,654357E-1
1,227415E+2	1,653534E-1
1,227540E+2	1,651776E-1
1,227745E+2	1,657015E-1
1,227705E+2	1,656202E-1
1,227966E+2	1,653976E-1
1,228135E+2	1,655531E-1
1,228376E+2	1,654855E-1
1,228507E+2	1,654092E-1
1,228682E+2	1,656634E-1
1,228716E+2	1,654115E-1
1,228935E+2	1,656095E-1
1,229208E+2	1,655617E-1
1,229373E+2	1,657267E-1
1,229459E+2	1,653458E-1
1,229535E+2	1,654476E-1
1,229759E+2	1,654673E-1
1,229939E+2	1,656821E-1
1,230129E+2	1,657581E-1
1,230308E+2	1,655060E-1
1,230464E+2	1,656408E-1
1,230521E+2	1,654845E-1
1,230752E+2	1,658607E-1
1,230967E+2	1,655504E-1
1,231094E+2	1,658338E-1
1,231195E+2	1,657891E-1
1,231425E+2	1,657128E-1
1,231487E+2	1,657441E-1
1,231913E+2	1,657668E-1
1,231929E+2	1,656377E-1
1,232012E+2	1,659741E-1
1,232127E+2	1,656353E-1
1,232510E+2	1,656084E-1
1,232468E+2	1,659513E-1
1,232833E+2	1,657975E-1
1,232885E+2	1,658666E-1
1,233073E+2	1,658722E-1
1,233101E+2	1,658216E-1
1,233483E+2	1,657366E-1
1,233512E+2	1,676997E-1
1,233839E+2	1,658538E-1
1,233711E+2	1,659740E-1
1,234130E+2	1,657662E-1
1,234074E+2	1,657164E-1
1,234626E+2	1,657571E-1
1,234438E+2	1,659090E-1
1,234748E+2	1,658864E-1
1,234634E+2	1,658097E-1
1,235170E+2	1,658141E-1
1,235051E+2	1,659989E-1
1,235355E+2	1,660110E-1
1,235353E+2	1,656840E-1
1,235836E+2	1,658405E-1
1,235680E+2	1,657804E-1
1,236180E+2	1,656352E-1
1,236034E+2	1,660912E-1
1,236434E+2	1,657712E-1
1,236259E+2	1,660215E-1
1,236778E+2	1,659008E-1
1,236630E+2	1,658337E-1
1,237110E+2	1,654619E-1
1,236976E+2	1,660267E-1
