8,047947E+1	-8,696383E+0
8,049930E+1	-8,696239E+0
8,049372E+1	-8,696193E+0
8,048982E+1	-8,696187E+0
8,046919E+1	-8,696207E+0
8,049239E+1	-8,695975E+0
8,049030E+1	-8,696375E+0
8,051397E+1	-8,696787E+0
8,049316E+1	-8,700374E+0
8,049164E+1	-8,700748E+0
8,047279E+1	-8,702105E+0
8,050020E+1	-8,702554E+0
8,048667E+1	-8,703601E+0
8,049196E+1	-8,703091E+0
8,045484E+1	-8,702831E+0
8,048259E+1	-8,702232E+0
8,046147E+1	-8,700169E+0
8,047973E+1	-8,699768E+0
8,045826E+1	-8,697894E+0
8,046982E+1	-8,697531E+0
8,042959E+1	-8,696992E+0
8,044107E+1	-8,695957E+0
8,040376E+1	-8,692310E+0
8,040696E+1	-8,692309E+0
8,037957E+1	-8,692334E+0
8,039590E+1	-8,691708E+0
8,035954E+1	-8,692453E+0
8,041058E+1	-8,691701E+0
8,037918E+1	-8,691458E+0
8,038952E+1	-8,691479E+0
8,036602E+1	-8,693106E+0
8,042491E+1	-8,693364E+0
8,040388E+1	-8,693815E+0
8,046293E+1	-8,693637E+0
8,044999E+1	-8,693823E+0
8,050865E+1	-8,694093E+0
8,048523E+1	-8,693314E+0
8,056534E+1	-8,693597E+0
8,054884E+1	-8,697006E+0
8,060088E+1	-8,702082E+0
8,059921E+1	-8,694927E+0
8,068360E+1	-8,693140E+0
8,065903E+1	-8,693069E+0
8,073261E+1	-8,693244E+0
8,070562E+1	-8,692984E+0
8,076721E+1	-8,692976E+0
8,072720E+1	-8,691599E+0
8,078278E+1	-8,692490E+0
8,071113E+1	-8,693813E+0
8,071500E+1	-8,694048E+0
8,064208E+1	-8,694157E+0
8,065650E+1	-8,694237E+0
8,057320E+1	-8,694069E+0
8,060470E+1	-8,693948E+0
8,052961E+1	-8,693699E+0
8,054442E+1	-8,694938E+0
8,045275E+1	-8,702986E+0
8,050957E+1	-8,702881E+0
8,046942E+1	-8,715634E+0
8,056230E+1	-8,738344E+0
8,054780E+1	-8,771539E+0
8,065585E+1	-8,785409E+0
8,066251E+1	-8,777573E+0
8,080909E+1	-8,773852E+0
8,083358E+1	-8,758128E+0
8,097931E+1	-8,748168E+0
8,101412E+1	-8,738662E+0
8,134922E+1	-8,692258E+0
8,156774E+1	-8,689356E+0
8,166279E+1	-8,687821E+0
8,185886E+1	-8,687788E+0
8,196151E+1	-8,687433E+0
8,222444E+1	-8,687469E+0
8,233708E+1	-8,687671E+0
8,257451E+1	-8,689611E+0
8,269214E+1	-8,705866E+0
8,289537E+1	-8,716016E+0
8,295601E+1	-8,742218E+0
8,312958E+1	-8,763840E+0
8,315483E+1	-8,778930E+0
8,328105E+1	-8,785094E+0
8,326822E+1	-8,785516E+0
8,340398E+1	-8,786167E+0
8,340001E+1	-8,787172E+0
8,352591E+1	-8,788498E+0
8,352808E+1	-8,787708E+0
8,364325E+1	-8,782359E+0
8,363866E+1	-8,781978E+0
8,376770E+1	-8,770708E+0
8,376031E+1	-8,770700E+0
8,387164E+1	-8,771066E+0
8,386692E+1	-8,760751E+0
8,398204E+1	-8,749281E+0
8,396285E+1	-8,748330E+0
8,408124E+1	-8,748242E+0
8,405996E+1	-8,748080E+0
8,415996E+1	-8,748162E+0
8,413778E+1	-8,747880E+0
8,424720E+1	-8,745193E+0
8,422776E+1	-8,742513E+0
8,433549E+1	-8,742562E+0
8,432451E+1	-8,741292E+0
8,441977E+1	-8,740389E+0
8,440258E+1	-8,740622E+0
8,451158E+1	-8,740683E+0
8,450342E+1	-8,740410E+0
8,459658E+1	-8,739267E+0
8,457311E+1	-8,738804E+0
8,468599E+1	-8,737712E+0
8,466591E+1	-8,736658E+0
8,477010E+1	-8,736137E+0
8,475440E+1	-8,735898E+0
8,484304E+1	-8,736271E+0
8,482398E+1	-8,735833E+0
8,491467E+1	-8,735637E+0
8,501629E+1	-8,735664E+0
8,500962E+1	-8,735510E+0
8,510318E+1	-8,735318E+0
8,508894E+1	-8,735257E+0
8,519368E+1	-8,735306E+0
8,519130E+1	-8,735096E+0
8,527620E+1	-8,734936E+0
8,525988E+1	-8,734729E+0
8,536973E+1	-8,734589E+0
8,536027E+1	-8,734648E+0
8,545754E+1	-8,734622E+0
8,546175E+1	-8,734397E+0
8,554443E+1	-8,734456E+0
8,554193E+1	-8,734151E+0
8,565129E+1	-8,734188E+0
8,564677E+1	-8,733916E+0
8,572799E+1	-8,733993E+0
8,572800E+1	-8,733594E+0
8,582756E+1	-8,733875E+0
8,582280E+1	-8,733632E+0
8,593257E+1	-8,733634E+0
8,592636E+1	-8,733505E+0
8,601265E+1	-8,733478E+0
8,600878E+1	-8,733377E+0
8,611327E+1	-8,733253E+0
8,610988E+1	-8,732924E+0
8,620248E+1	-8,732852E+0
8,621128E+1	-8,732753E+0
8,629384E+1	-8,732733E+0
8,630089E+1	-8,732747E+0
8,640749E+1	-8,732618E+0
8,641096E+1	-8,732411E+0
8,648891E+1	-8,732397E+0
8,649577E+1	-8,732466E+0
8,659879E+1	-8,732237E+0
8,661362E+1	-8,732280E+0
8,669598E+1	-8,732117E+0
8,671622E+1	-8,731834E+0
8,680052E+1	-8,731894E+0
8,682252E+1	-8,731699E+0
8,691288E+1	-8,731706E+0
8,692479E+1	-8,731260E+0
8,700814E+1	-8,731359E+0
8,702786E+1	-8,731328E+0
8,712244E+1	-8,731215E+0
8,713531E+1	-8,731141E+0
8,723465E+1	-8,730905E+0
8,724905E+1	-8,731029E+0
8,732527E+1	-8,730967E+0
8,735104E+1	-8,730798E+0
8,744716E+1	-8,730647E+0
8,747225E+1	-8,730571E+0
8,753950E+1	-8,730361E+0
8,758426E+1	-8,730388E+0
8,765676E+1	-8,730479E+0
8,768869E+1	-8,730203E+0
8,777293E+1	-8,730094E+0
8,780660E+1	-8,729937E+0
8,786526E+1	-8,729779E+0
8,790371E+1	-8,729900E+0
8,799220E+1	-8,729688E+0
8,803879E+1	-8,729584E+0
8,808926E+1	-8,729533E+0
8,812971E+1	-8,729498E+0
8,819691E+1	-8,729369E+0
8,825621E+1	-8,729340E+0
8,832449E+1	-8,729240E+0
8,836401E+1	-8,729344E+0
8,841400E+1	-8,729142E+0
8,846418E+1	-8,728897E+0
8,853654E+1	-8,728864E+0
8,859022E+1	-8,728673E+0
8,864053E+1	-8,728665E+0
8,868418E+1	-8,728465E+0
8,874693E+1	-8,728513E+0
8,881495E+1	-8,728222E+0
8,887198E+1	-8,728195E+0
8,892051E+1	-8,728151E+0
8,896709E+1	-8,728042E+0
8,903215E+1	-8,728000E+0
8,909121E+1	-8,727819E+0
8,914911E+1	-8,727674E+0
8,921411E+1	-8,727584E+0
8,926664E+1	-8,727559E+0
8,931004E+1	-8,727479E+0
8,939622E+1	-8,727338E+0
8,944240E+1	-8,727194E+0
8,949915E+1	-8,727259E+0
8,953766E+1	-8,726851E+0
8,960886E+1	-8,727107E+0
8,965733E+1	-8,726821E+0
8,974347E+1	-8,726894E+0
8,978595E+1	-8,726810E+0
8,986007E+1	-8,726777E+0
8,989002E+1	-8,726461E+0
8,996785E+1	-8,726414E+0
9,001693E+1	-8,726255E+0
9,007670E+1	-8,726123E+0
9,011423E+1	-8,726051E+0
9,020656E+1	-8,725955E+0
9,024424E+1	-8,725919E+0
9,032249E+1	-8,725695E+0
9,036264E+1	-8,725534E+0
9,043595E+1	-8,725509E+0
9,047103E+1	-8,725271E+0
9,057137E+1	-8,724958E+0
9,060414E+1	-8,725173E+0
9,068105E+1	-8,725088E+0
9,070148E+1	-8,725046E+0
9,079326E+1	-8,724848E+0
9,082257E+1	-8,724876E+0
9,090806E+1	-8,724801E+0
9,095008E+1	-8,724666E+0
9,104435E+1	-8,724441E+0
9,105786E+1	-8,724438E+0
9,117098E+1	-8,724028E+0
9,118594E+1	-8,724091E+0
9,126137E+1	-8,723935E+0
9,128802E+1	-8,723854E+0
9,139405E+1	-8,723774E+0
9,141764E+1	-8,723638E+0
9,151314E+1	-8,723567E+0
9,153216E+1	-8,723395E+0
9,162753E+1	-8,723296E+0
9,164171E+1	-8,723377E+0
9,175956E+1	-8,723219E+0
9,177364E+1	-8,723250E+0
9,187145E+1	-8,723137E+0
9,187650E+1	-8,722676E+0
9,198378E+1	-8,722825E+0
9,199726E+1	-8,722796E+0
9,209930E+1	-8,722718E+0
9,211537E+1	-8,722522E+0
9,222435E+1	-8,722247E+0
9,223173E+1	-8,722200E+0
9,234978E+1	-8,722123E+0
9,236324E+1	-8,721860E+0
9,246071E+1	-8,721937E+0
9,246430E+1	-8,721768E+0
9,258363E+1	-8,721776E+0
9,259672E+1	-8,721519E+0
9,270588E+1	-8,721372E+0
9,270624E+1	-8,721278E+0
9,282599E+1	-8,721183E+0
9,282385E+1	-8,721161E+0
9,293151E+1	-8,721006E+0
9,294906E+1	-8,720659E+0
9,305999E+1	-8,720624E+0
9,305891E+1	-8,720707E+0
9,317669E+1	-8,720579E+0
9,318419E+1	-8,720195E+0
9,329992E+1	-8,720190E+0
9,330375E+1	-8,720157E+0
9,341914E+1	-8,719706E+0
9,341880E+1	-8,719768E+0
9,353938E+1	-8,719782E+0
9,354623E+1	-8,719637E+0
9,365856E+1	-8,719488E+0
9,364910E+1	-8,719502E+0
9,378041E+1	-8,719360E+0
9,377380E+1	-8,719060E+0
9,389718E+1	-8,718791E+0
9,390368E+1	-8,718953E+0
9,401675E+1	-8,718854E+0
9,401278E+1	-8,718740E+0
9,413918E+1	-8,718619E+0
9,414082E+1	-8,718382E+0
9,426034E+1	-8,718493E+0
9,426415E+1	-8,718321E+0
9,437867E+1	-8,717922E+0
9,437875E+1	-8,718120E+0
9,450835E+1	-8,717683E+0
9,450985E+1	-8,717713E+0
9,461928E+1	-8,717635E+0
9,461429E+1	-8,717547E+0
9,473971E+1	-8,717279E+0
9,474037E+1	-8,717003E+0
9,485681E+1	-8,717120E+0
9,486681E+1	-8,716921E+0
9,497970E+1	-8,716828E+0
9,497571E+1	-8,716917E+0
9,510115E+1	-8,716558E+0
9,510435E+1	-8,716365E+0
9,521689E+1	-8,716413E+0
9,522406E+1	-8,716263E+0
9,533751E+1	-8,715934E+0
9,533789E+1	-8,716047E+0
9,545920E+1	-8,715842E+0
9,547251E+1	-8,715875E+0
9,557876E+1	-8,715643E+0
9,557356E+1	-8,715586E+0
9,569969E+1	-8,715522E+0
9,570091E+1	-8,715327E+0
9,582313E+1	-8,715378E+0
9,583384E+1	-8,714977E+0
9,594257E+1	-8,715111E+0
9,594430E+1	-8,715034E+0
9,606266E+1	-8,714754E+0
9,606693E+1	-8,714576E+0
9,618325E+1	-8,714355E+0
9,619575E+1	-8,714576E+0
9,630119E+1	-8,714347E+0
9,631058E+1	-8,714077E+0
9,643145E+1	-8,713883E+0
9,644387E+1	-8,714007E+0
9,654333E+1	-8,713781E+0
9,655079E+1	-8,713594E+0
9,666912E+1	-8,713334E+0
9,667743E+1	-8,713613E+0
9,679919E+1	-8,713307E+0
9,680957E+1	-8,713115E+0
9,690854E+1	-8,713033E+0
9,692308E+1	-8,712833E+0
9,704144E+1	-8,712684E+0
9,704826E+1	-8,712695E+0
9,715187E+1	-8,712558E+0
9,717447E+1	-8,712537E+0
9,727752E+1	-8,712370E+0
9,729067E+1	-8,712203E+0
9,740599E+1	-8,712139E+0
9,742270E+1	-8,711916E+0
9,751888E+1	-8,711816E+0
9,753016E+1	-8,711655E+0
9,764369E+1	-8,711620E+0
9,765849E+1	-8,711426E+0
9,776803E+1	-8,711177E+0
9,779013E+1	-8,711218E+0
9,787885E+1	-8,711188E+0
9,790034E+1	-8,710828E+0
9,801310E+1	-8,710793E+0
9,803506E+1	-8,710506E+0
9,812066E+1	-8,710425E+0
9,814942E+1	-8,710444E+0
9,824466E+1	-8,710158E+0
9,826323E+1	-8,710078E+0
9,837406E+1	-8,710100E+0
9,839360E+1	-8,709971E+0
9,848241E+1	-8,709875E+0
9,850004E+1	-8,709643E+0
9,860474E+1	-8,709578E+0
9,863724E+1	-8,709297E+0
9,872282E+1	-8,709232E+0
9,875402E+1	-8,709066E+0
9,884397E+1	-8,709184E+0
9,887939E+1	-8,708955E+0
9,897085E+1	-8,708987E+0
9,899578E+1	-8,708881E+0
9,908084E+1	-8,708644E+0
9,911317E+1	-8,708449E+0
9,920069E+1	-8,708389E+0
9,924378E+1	-8,708192E+0
9,932775E+1	-8,708154E+0
9,935496E+1	-8,707862E+0
9,943696E+1	-8,707973E+0
9,946897E+1	-8,707689E+0
9,955687E+1	-8,707506E+0
9,960715E+1	-8,707534E+0
9,968453E+1	-8,707119E+0
9,971461E+1	-8,707282E+0
9,979322E+1	-8,707016E+0
9,984993E+1	-8,707018E+0
9,992767E+1	-8,706762E+0
9,996300E+1	-8,706844E+0
1,000297E+2	-8,706628E+0
1,000770E+2	-8,706560E+0
1,001502E+2	-8,706496E+0
1,002115E+2	-8,706262E+0
1,002840E+2	-8,706010E+0
1,003122E+2	-8,706195E+0
1,003845E+2	-8,705983E+0
1,004435E+2	-8,705633E+0
1,005135E+2	-8,705595E+0
1,005821E+2	-8,705498E+0
1,006339E+2	-8,705297E+0
1,006845E+2	-8,705067E+0
1,007470E+2	-8,705133E+0
1,008188E+2	-8,705113E+0
1,008781E+2	-8,705013E+0
1,009124E+2	-8,704834E+0
1,009816E+2	-8,704650E+0
1,010498E+2	-8,704692E+0
1,011059E+2	-8,704319E+0
1,011669E+2	-8,704280E+0
1,012341E+2	-8,704149E+0
1,012899E+2	-8,703932E+0
1,013368E+2	-8,703776E+0
1,014024E+2	-8,703679E+0
1,014643E+2	-8,703549E+0
1,015210E+2	-8,703564E+0
1,015771E+2	-8,703396E+0
1,016435E+2	-8,703294E+0
1,016942E+2	-8,702980E+0
1,017804E+2	-8,702845E+0
1,018284E+2	-8,703037E+0
1,018803E+2	-8,703003E+0
1,019302E+2	-8,702622E+0
1,020187E+2	-8,702540E+0
1,020568E+2	-8,702342E+0
1,021368E+2	-8,702181E+0
1,021843E+2	-8,702183E+0
1,022483E+2	-8,701971E+0
1,022892E+2	-8,701757E+0
1,023759E+2	-8,701620E+0
1,024178E+2	-8,701716E+0
1,024757E+2	-8,701470E+0
1,025328E+2	-8,701464E+0
1,026052E+2	-8,701237E+0
1,026427E+2	-8,701203E+0
1,027417E+2	-8,701161E+0
1,027755E+2	-8,700956E+0
1,028358E+2	-8,701017E+0
1,028777E+2	-8,700490E+0
1,029787E+2	-8,700654E+0
1,030018E+2	-8,700339E+0
1,030942E+2	-8,700348E+0
1,031291E+2	-8,700085E+0
1,031999E+2	-8,699917E+0
1,032322E+2	-8,700028E+0
1,033316E+2	-8,699817E+0
1,033548E+2	-8,699817E+0
1,034307E+2	-8,699491E+0
1,034722E+2	-8,699412E+0
1,035649E+2	-8,699186E+0
1,035839E+2	-8,699100E+0
1,036950E+2	-8,698910E+0
1,037087E+2	-8,698755E+0
1,037897E+2	-8,698903E+0
1,038111E+2	-8,698668E+0
1,039126E+2	-8,698382E+0
1,039348E+2	-8,698378E+0
1,040375E+2	-8,698342E+0
1,040592E+2	-8,698207E+0
1,041517E+2	-8,697971E+0
1,041604E+2	-8,697977E+0
1,042722E+2	-8,697745E+0
1,042890E+2	-8,697516E+0
1,043760E+2	-8,697632E+0
1,044056E+2	-8,697544E+0
1,045087E+2	-8,697233E+0
1,045154E+2	-8,697301E+0
1,046295E+2	-8,697087E+0
1,046441E+2	-8,696756E+0
1,047336E+2	-8,696564E+0
1,047472E+2	-8,696327E+0
1,048624E+2	-8,696460E+0
1,048686E+2	-8,696379E+0
1,049706E+2	-8,696018E+0
1,049961E+2	-8,696035E+0
1,050915E+2	-8,695730E+0
1,050990E+2	-8,695768E+0
1,052172E+2	-8,695567E+0
1,052202E+2	-8,695549E+0
1,053275E+2	-8,695438E+0
1,053461E+2	-8,695144E+0
1,054516E+2	-8,695191E+0
1,054510E+2	-8,695198E+0
1,055682E+2	-8,694803E+0
1,055779E+2	-8,694933E+0
1,056799E+2	-8,694824E+0
1,056867E+2	-8,694338E+0
1,058008E+2	-8,694427E+0
1,058004E+2	-8,694204E+0
1,059234E+2	-8,694064E+0
1,059277E+2	-8,693757E+0
1,060332E+2	-8,694054E+0
1,060323E+2	-8,693782E+0
1,061488E+2	-8,693504E+0
1,061491E+2	-8,693729E+0
1,062635E+2	-8,693670E+0
1,062717E+2	-8,693136E+0
1,063792E+2	-8,693196E+0
1,063790E+2	-8,693024E+0
1,064960E+2	-8,692980E+0
1,065057E+2	-8,692689E+0
1,066091E+2	-8,692687E+0
1,066088E+2	-8,692575E+0
1,067226E+2	-8,692310E+0
1,067244E+2	-8,692302E+0
1,068428E+2	-8,692217E+0
1,068491E+2	-8,692117E+0
1,069499E+2	-8,692123E+0
1,069537E+2	-8,691919E+0
1,070672E+2	-8,691624E+0
1,070689E+2	-8,691600E+0
1,071786E+2	-8,691337E+0
1,071901E+2	-8,691457E+0
1,072935E+2	-8,691112E+0
1,072971E+2	-8,691022E+0
1,074092E+2	-8,690923E+0
1,074227E+2	-8,690851E+0
1,075207E+2	-8,690873E+0
1,075210E+2	-8,690741E+0
1,076350E+2	-8,690602E+0
1,076398E+2	-8,690480E+0
1,077502E+2	-8,690265E+0
1,077629E+2	-8,690066E+0
1,078599E+2	-8,689928E+0
1,078669E+2	-8,689989E+0
1,079765E+2	-8,689635E+0
1,079817E+2	-8,689605E+0
1,080859E+2	-8,689603E+0
1,081015E+2	-8,689337E+0
1,081982E+2	-8,689264E+0
1,082106E+2	-8,689168E+0
1,083212E+2	-8,689146E+0
1,083339E+2	-8,688733E+0
1,084260E+2	-8,688833E+0
1,084350E+2	-8,688649E+0
1,085432E+2	-8,688565E+0
1,085523E+2	-8,688465E+0
1,086628E+2	-8,688251E+0
1,086755E+2	-8,688283E+0
1,087655E+2	-8,688033E+0
1,087802E+2	-8,687889E+0
1,088883E+2	-8,687654E+0
1,088950E+2	-8,687582E+0
1,089929E+2	-8,687340E+0
1,090147E+2	-8,687201E+0
1,091084E+2	-8,687093E+0
1,091224E+2	-8,686869E+0
1,092279E+2	-8,686822E+0
1,092460E+2	-8,687094E+0
1,093347E+2	-8,686574E+0
1,093466E+2	-8,686642E+0
1,094492E+2	-8,686481E+0
1,094649E+2	-8,686208E+0
1,095663E+2	-8,686212E+0
1,095827E+2	-8,686191E+0
1,096673E+2	-8,685840E+0
1,096882E+2	-8,685732E+0
1,097879E+2	-8,685591E+0
1,098011E+2	-8,685558E+0
1,098911E+2	-8,685290E+0
1,099202E+2	-8,685238E+0
1,100066E+2	-8,685088E+0
1,100276E+2	-8,685232E+0
1,101279E+2	-8,685141E+0
1,101486E+2	-8,684879E+0
1,102284E+2	-8,684821E+0
1,102514E+2	-8,684563E+0
1,103464E+2	-8,684374E+0
1,103772E+2	-8,684336E+0
1,104579E+2	-8,684156E+0
1,104869E+2	-8,684012E+0
1,105709E+2	-8,684012E+0
1,106048E+2	-8,683795E+0
1,106867E+2	-8,683675E+0
1,107130E+2	-8,683647E+0
1,107909E+2	-8,683465E+0
1,108235E+2	-8,683053E+0
1,109046E+2	-8,683126E+0
1,109438E+2	-8,682985E+0
1,110239E+2	-8,682909E+0
1,110484E+2	-8,682985E+0
1,111203E+2	-8,682684E+0
1,111610E+2	-8,682463E+0
1,112443E+2	-8,682513E+0
1,112888E+2	-8,682292E+0
1,113458E+2	-8,682173E+0
1,113870E+2	-8,682202E+0
1,114573E+2	-8,681862E+0
1,114996E+2	-8,681858E+0
1,115800E+2	-8,681738E+0
1,116122E+2	-8,681698E+0
1,116755E+2	-8,681792E+0
1,117222E+2	-8,681435E+0
1,118000E+2	-8,681343E+0
1,118495E+2	-8,681244E+0
1,119109E+2	-8,681130E+0
1,119449E+2	-8,680876E+0
1,120107E+2	-8,680852E+0
1,120519E+2	-8,680520E+0
1,121308E+2	-8,680682E+0
1,121793E+2	-8,680590E+0
1,122310E+2	-8,680481E+0
1,122764E+2	-8,680397E+0
1,123402E+2	-8,680135E+0
1,124055E+2	-8,680062E+0
1,124610E+2	-8,679942E+0
1,124920E+2	-8,679913E+0
1,125550E+2	-8,679555E+0
1,126165E+2	-8,679445E+0
1,126711E+2	-8,679332E+0
1,127273E+2	-8,679204E+0
1,127895E+2	-8,679201E+0
1,128400E+2	-8,678874E+0
1,128841E+2	-8,678884E+0
1,129455E+2	-8,678860E+0
1,130064E+2	-8,678711E+0
1,130569E+2	-8,678462E+0
1,131054E+2	-8,678380E+0
1,131668E+2	-8,678130E+0
1,132149E+2	-8,677972E+0
1,132787E+2	-8,677932E+0
1,133328E+2	-8,677813E+0
1,133819E+2	-8,677853E+0
1,134268E+2	-8,677639E+0
1,134950E+2	-8,677528E+0
1,135415E+2	-8,677445E+0
1,136230E+2	-8,677261E+0
1,136548E+2	-8,677207E+0
1,137132E+2	-8,676947E+0
1,137522E+2	-8,676733E+0
1,138324E+2	-8,676875E+0
1,138731E+2	-8,676608E+0
1,139412E+2	-8,676405E+0
1,139692E+2	-8,676466E+0
1,140470E+2	-8,676187E+0
1,140811E+2	-8,676236E+0
1,141582E+2	-8,675806E+0
1,141982E+2	-8,675855E+0
1,142646E+2	-8,675710E+0
1,142933E+2	-8,675624E+0
1,143730E+2	-8,675576E+0
1,144074E+2	-8,675486E+0
1,144875E+2	-8,675573E+0
1,145208E+2	-8,675208E+0
1,145949E+2	-8,674938E+0
1,146214E+2	-8,674931E+0
1,147124E+2	-8,674794E+0
1,147365E+2	-8,674614E+0
1,148008E+2	-8,674681E+0
1,148288E+2	-8,674401E+0
1,149252E+2	-8,674422E+0
1,149415E+2	-8,674222E+0
1,150347E+2	-8,674100E+0
1,150601E+2	-8,674077E+0
1,151260E+2	-8,674041E+0
1,151541E+2	-8,673714E+0
1,152463E+2	-8,673652E+0
1,152650E+2	-8,673581E+0
1,153582E+2	-8,673412E+0
1,153759E+2	-8,673411E+0
1,154619E+2	-8,673243E+0
1,154765E+2	-8,673078E+0
1,155713E+2	-8,673043E+0
1,155929E+2	-8,672938E+0
1,156752E+2	-8,672931E+0
1,156882E+2	-8,672546E+0
1,157846E+2	-8,672492E+0
1,158002E+2	-8,672483E+0
1,158968E+2	-8,672094E+0
1,159158E+2	-8,672011E+0
1,160017E+2	-8,671958E+0
1,160106E+2	-8,671865E+0
1,161142E+2	-8,671668E+0
1,161241E+2	-8,671591E+0
1,162126E+2	-8,671525E+0
1,162342E+2	-8,671424E+0
1,163301E+2	-8,671313E+0
1,163304E+2	-8,671321E+0
1,164363E+2	-8,671164E+0
1,164482E+2	-8,670889E+0
1,165350E+2	-8,670717E+0
1,165461E+2	-8,670471E+0
1,166495E+2	-8,670268E+0
1,166514E+2	-8,670298E+0
1,167499E+2	-8,670139E+0
1,167641E+2	-8,670123E+0
1,168606E+2	-8,670100E+0
1,168609E+2	-8,669801E+0
1,169636E+2	-8,669872E+0
1,169694E+2	-8,669708E+0
1,170704E+2	-8,669439E+0
1,170792E+2	-8,669442E+0
1,171787E+2	-8,669320E+0
1,171782E+2	-8,669131E+0
1,172837E+2	-8,669070E+0
1,172917E+2	-8,668842E+0
1,173876E+2	-8,668787E+0
1,173899E+2	-8,668538E+0
1,174901E+2	-8,668315E+0
1,174928E+2	-8,668450E+0
1,175984E+2	-8,668340E+0
1,176078E+2	-8,668217E+0
1,176987E+2	-8,668037E+0
1,177005E+2	-8,667891E+0
1,178060E+2	-8,667939E+0
1,178131E+2	-8,667723E+0
1,179072E+2	-8,667578E+0
1,179135E+2	-8,667201E+0
1,180122E+2	-8,667383E+0
1,180156E+2	-8,667322E+0
1,181221E+2	-8,667233E+0
1,181275E+2	-8,666973E+0
1,182188E+2	-8,666866E+0
1,182243E+2	-8,666683E+0
1,183237E+2	-8,666656E+0
1,183280E+2	-8,666588E+0
1,184273E+2	-8,666501E+0
1,184390E+2	-8,666444E+0
1,185274E+2	-8,666140E+0
1,185356E+2	-8,666218E+0
1,186403E+2	-8,666010E+0
1,186483E+2	-8,665674E+0
1,187362E+2	-8,665663E+0
1,187401E+2	-8,665643E+0
1,188355E+2	-8,665534E+0
1,188469E+2	-8,665530E+0
1,189446E+2	-8,665061E+0
1,189569E+2	-8,664985E+0
1,190434E+2	-8,665010E+0
1,190482E+2	-8,664994E+0
1,191457E+2	-8,664792E+0
1,191517E+2	-8,664720E+0
1,192446E+2	-8,664697E+0
1,192609E+2	-8,664560E+0
1,193431E+2	-8,664371E+0
1,193567E+2	-8,664400E+0
1,194562E+2	-8,664113E+0
1,194651E+2	-8,663891E+0
1,195490E+2	-8,663696E+0
1,195605E+2	-8,663762E+0
1,196553E+2	-8,663639E+0
1,196660E+2	-8,663457E+0
1,197675E+2	-8,663306E+0
1,197787E+2	-8,663205E+0
1,198592E+2	-8,663176E+0
1,198754E+2	-8,663092E+0
1,199651E+2	-8,663003E+0
1,199789E+2	-8,662635E+0
1,200666E+2	-8,662454E+0
1,200853E+2	-8,662459E+0
1,201727E+2	-8,662571E+0
1,201874E+2	-8,662261E+0
1,202789E+2	-8,662281E+0
1,202981E+2	-8,661982E+0
1,203784E+2	-8,661894E+0
1,203927E+2	-8,661842E+0
1,204851E+2	-8,661653E+0
1,204976E+2	-8,661486E+0
1,205919E+2	-8,661490E+0
1,206103E+2	-8,661399E+0
1,206868E+2	-8,661101E+0
1,207060E+2	-8,661078E+0
1,207974E+2	-8,660783E+0
1,208086E+2	-8,660962E+0
1,208882E+2	-8,660707E+0
1,209194E+2	-8,660544E+0
1,209983E+2	-8,660431E+0
1,210163E+2	-8,660271E+0
1,211064E+2	-8,660318E+0
1,211257E+2	-8,660158E+0
1,211970E+2	-8,659973E+0
1,212217E+2	-8,659648E+0
1,213047E+2	-8,659757E+0
1,213373E+2	-8,659597E+0
1,214082E+2	-8,659563E+0
1,214343E+2	-8,659529E+0
1,215084E+2	-8,659336E+0
1,215463E+2	-8,659188E+0
1,216166E+2	-8,659081E+0
1,216416E+2	-8,659067E+0
1,217086E+2	-8,658950E+0
1,217400E+2	-8,658847E+0
1,218112E+2	-8,658813E+0
1,218541E+2	-8,658284E+0
1,219228E+2	-8,658319E+0
1,219452E+2	-8,658279E+0
1,220106E+2	-8,658158E+0
1,220511E+2	-8,658000E+0
1,221240E+2	-8,657855E+0
1,221529E+2	-8,657720E+0
1,222166E+2	-8,657707E+0
1,222578E+2	-8,657447E+0
1,223155E+2	-8,657636E+0
1,223591E+2	-8,657524E+0
1,224255E+2	-8,657161E+0
1,224570E+2	-8,657085E+0
1,225165E+2	-8,656923E+0
1,225582E+2	-8,656715E+0
1,226190E+2	-8,656803E+0
1,226743E+2	-8,656517E+0
1,227279E+2	-8,656296E+0
1,227625E+2	-8,656223E+0
1,228165E+2	-8,656054E+0
1,228744E+2	-8,655950E+0
1,229268E+2	-8,656003E+0
1,229710E+2	-8,655877E+0
1,230169E+2	-8,655850E+0
1,230718E+2	-8,655618E+0
1,231207E+2	-8,655220E+0
1,231743E+2	-8,655432E+0
1,232291E+2	-8,655299E+0
1,232750E+2	-8,655286E+0
1,233157E+2	-8,655021E+0
1,233739E+2	-8,654937E+0
1,234220E+2	-8,654862E+0
1,234767E+2	-8,654694E+0
1,235268E+2	-8,654780E+0
1,235773E+2	-8,654319E+0
1,236167E+2	-8,654316E+0
1,236865E+2	-8,654369E+0
1,237295E+2	-8,654341E+0
1,237682E+2	-8,654135E+0
1,238139E+2	-8,653896E+0
1,238826E+2	-8,653830E+0
1,239202E+2	-8,653754E+0
1,239827E+2	-8,653465E+0
1,240251E+2	-8,653319E+0
1,240837E+2	-8,653381E+0
1,241142E+2	-8,653456E+0
1,241795E+2	-8,653206E+0
1,242189E+2	-8,653097E+0
1,242814E+2	-8,652889E+0
1,243209E+2	-8,652781E+0
1,243807E+2	-8,652697E+0
1,244146E+2	-8,652594E+0
1,244975E+2	-8,652497E+0
1,245247E+2	-8,652328E+0
1,245759E+2	-8,652278E+0
1,246125E+2	-8,651971E+0
1,246960E+2	-8,652116E+0
1,247143E+2	-8,651869E+0
1,247937E+2	-8,651727E+0
1,248227E+2	-8,651525E+0
1,248813E+2	-8,651489E+0
1,249093E+2	-8,651436E+0
1,249928E+2	-8,651177E+0
1,250137E+2	-8,651226E+0
1,250909E+2	-8,651049E+0
1,251120E+2	-8,650626E+0
1,251875E+2	-8,650844E+0
1,252062E+2	-8,650501E+0
1,252973E+2	-8,650352E+0
1,253107E+2	-8,650491E+0
1,253787E+2	-8,650333E+0
1,253977E+2	-8,650046E+0
1,254841E+2	-8,650063E+0
1,254965E+2	-8,649950E+0
1,255662E+2	-8,649990E+0
1,255976E+2	-8,649925E+0
1,256755E+2	-8,649710E+0
1,256875E+2	-8,649464E+0
1,257724E+2	-8,649374E+0
1,257905E+2	-8,649378E+0
1,258672E+2	-8,649237E+0
1,258750E+2	-8,648857E+0
1,259616E+2	-8,648922E+0
1,259733E+2	-8,648803E+0
1,260645E+2	-8,648551E+0
1,260749E+2	-8,648632E+0
1,261558E+2	-8,648567E+0
1,261634E+2	-8,648452E+0
1,262506E+2	-8,648356E+0
1,262616E+2	-8,648085E+0
1,263537E+2	-8,647755E+0
1,263607E+2	-8,647593E+0
1,264453E+2	-8,647564E+0
1,264520E+2	-8,647446E+0
1,265387E+2	-8,647575E+0
1,265512E+2	-8,647345E+0
1,266384E+2	-8,647317E+0
1,266451E+2	-8,647217E+0
1,267343E+2	-8,647261E+0
1,267395E+2	-8,647177E+0
1,268324E+2	-8,646889E+0
1,268397E+2	-8,646862E+0
1,269263E+2	-8,646791E+0
1,269234E+2	-8,646556E+0
1,270217E+2	-8,646455E+0
1,270239E+2	-8,646290E+0
1,271155E+2	-8,646141E+0
1,271250E+2	-8,646101E+0
1,272134E+2	-8,645944E+0
1,272144E+2	-8,645937E+0
1,273088E+2	-8,645856E+0
1,273149E+2	-8,645578E+0
1,274035E+2	-8,645493E+0
1,274110E+2	-8,645360E+0
1,274981E+2	-8,645254E+0
1,274999E+2	-8,645046E+0
1,275947E+2	-8,644782E+0
1,276051E+2	-8,644951E+0
1,276884E+2	-8,644814E+0
1,276878E+2	-8,644481E+0
1,277849E+2	-8,644397E+0
1,277888E+2	-8,644234E+0
1,278778E+2	-8,644310E+0
1,278882E+2	-8,644324E+0
1,279764E+2	-8,644186E+0
1,279758E+2	-8,643934E+0
1,280728E+2	-8,643654E+0
1,280775E+2	-8,643586E+0
1,281651E+2	-8,643413E+0
1,281694E+2	-8,643344E+0
1,282580E+2	-8,643355E+0
1,282629E+2	-8,642915E+0
1,283594E+2	-8,643075E+0
1,283645E+2	-8,642959E+0
1,284445E+2	-8,643006E+0
1,284519E+2	-8,642665E+0
1,285407E+2	-8,642806E+0
1,285461E+2	-8,642623E+0
1,286323E+2	-8,642632E+0
1,286462E+2	-8,642251E+0
1,287297E+2	-8,642327E+0
1,287354E+2	-8,642010E+0
1,288241E+2	-8,642033E+0
1,288362E+2	-8,641756E+0
1,289152E+2	-8,641749E+0
1,289226E+2	-8,641524E+0
1,290118E+2	-8,641512E+0
1,290187E+2	-8,641587E+0
1,291103E+2	-8,641302E+0
1,291202E+2	-8,641213E+0
1,291969E+2	-8,641240E+0
1,292018E+2	-8,640995E+0
1,292921E+2	-8,640747E+0
1,292996E+2	-8,640641E+0
1,293831E+2	-8,640570E+0
1,293961E+2	-8,640638E+0
1,294725E+2	-8,640436E+0
1,294867E+2	-8,640166E+0
1,295749E+2	-8,640104E+0
1,295855E+2	-8,640159E+0
1,296597E+2	-8,640004E+0
1,296714E+2	-8,639931E+0
1,297543E+2	-8,639826E+0
1,297649E+2	-8,639674E+0
1,298488E+2	-8,639650E+0
1,298654E+2	-8,639357E+0
1,299332E+2	-8,639449E+0
1,299487E+2	-8,639229E+0
1,300341E+2	-8,638941E+0
1,300439E+2	-8,638943E+0
1,301176E+2	-8,638781E+0
1,301370E+2	-8,638627E+0
1,302115E+2	-8,638607E+0
1,302246E+2	-8,638418E+0
1,303115E+2	-8,638320E+0
1,303251E+2	-8,638063E+0
1,303943E+2	-8,638008E+0
1,304082E+2	-8,637782E+0
1,304879E+2	-8,637816E+0
1,305082E+2	-8,637707E+0
1,305785E+2	-8,637542E+0
1,305995E+2	-8,637436E+0
1,306702E+2	-8,637187E+0
1,306939E+2	-8,637416E+0
1,307660E+2	-8,636912E+0
1,307852E+2	-8,636920E+0
1,308524E+2	-8,636921E+0
1,308743E+2	-8,636738E+0
1,309459E+2	-8,636464E+0
1,309656E+2	-8,636292E+0
1,310427E+2	-8,636322E+0
1,310621E+2	-8,635991E+0
1,311208E+2	-8,636151E+0
1,311497E+2	-8,636010E+0
1,312215E+2	-8,635839E+0
1,312529E+2	-8,635846E+0
1,313003E+2	-8,635670E+0
1,313330E+2	-8,635637E+0
1,313929E+2	-8,635530E+0
1,314240E+2	-8,635499E+0
1,314926E+2	-8,635382E+0
1,315154E+2	-8,635057E+0
1,315721E+2	-8,634986E+0
1,316032E+2	-8,635052E+0
1,316632E+2	-8,634604E+0
1,317046E+2	-8,634681E+0
1,317605E+2	-8,634481E+0
1,317827E+2	-8,634406E+0
1,318407E+2	-8,634017E+0
1,318830E+2	-8,634049E+0
1,319396E+2	-8,633857E+0
1,319688E+2	-8,633760E+0
1,320149E+2	-8,633672E+0
1,320542E+2	-8,633615E+0
1,321124E+2	-8,633186E+0
1,321564E+2	-8,633270E+0
1,322028E+2	-8,633307E+0
1,322327E+2	-8,633012E+0
1,322816E+2	-8,633023E+0
1,323273E+2	-8,632981E+0
1,323773E+2	-8,632802E+0
1,324138E+2	-8,632483E+0
1,324599E+2	-8,632289E+0
1,324944E+2	-8,632321E+0
1,325430E+2	-8,632305E+0
1,325968E+2	-8,632195E+0
1,326398E+2	-8,632214E+0
1,326649E+2	-8,631836E+0
1,327141E+2	-8,631794E+0
1,327661E+2	-8,631633E+0
1,328055E+2	-8,631632E+0
1,328523E+2	-8,631371E+0
1,328990E+2	-8,631373E+0
1,329409E+2	-8,631382E+0
1,329765E+2	-8,631111E+0
1,330385E+2	-8,630917E+0
1,330746E+2	-8,630789E+0
1,331083E+2	-8,630850E+0
1,331523E+2	-8,630645E+0
1,332006E+2	-8,630455E+0
1,332361E+2	-8,630521E+0
1,333013E+2	-8,630042E+0
1,333332E+2	-8,630017E+0
1,333692E+2	-8,630037E+0
1,334086E+2	-8,629944E+0
1,334709E+2	-8,629977E+0
1,334961E+2	-8,629662E+0
1,335563E+2	-8,629540E+0
1,335914E+2	-8,629542E+0
1,336367E+2	-8,629235E+0
1,336681E+2	-8,629189E+0
1,337307E+2	-8,629176E+0
1,337614E+2	-8,629056E+0
1,338172E+2	-8,628842E+0
1,338395E+2	-8,628777E+0
1,339027E+2	-8,628593E+0
1,339287E+2	-8,628492E+0
1,339919E+2	-8,628255E+0
1,340168E+2	-8,628041E+0
1,340731E+2	-8,628015E+0
1,340939E+2	-8,627948E+0
1,341631E+2	-8,628041E+0
1,341851E+2	-8,627859E+0
1,342530E+2	-8,627729E+0
1,342751E+2	-8,627440E+0
1,343386E+2	-8,627455E+0
1,343574E+2	-8,627220E+0
1,344230E+2	-8,627176E+0
1,344453E+2	-8,627024E+0
1,345137E+2	-8,626857E+0
1,345290E+2	-8,626808E+0
1,345967E+2	-8,626672E+0
1,346112E+2	-8,626511E+0
1,346847E+2	-8,626481E+0
1,347006E+2	-8,626405E+0
1,347624E+2	-8,626240E+0
1,347751E+2	-8,626130E+0
1,348514E+2	-8,626022E+0
1,348644E+2	-8,625890E+0
1,349423E+2	-8,625654E+0
1,349549E+2	-8,625534E+0
1,350237E+2	-8,625654E+0
1,350322E+2	-8,625365E+0
1,351142E+2	-8,625235E+0
1,351210E+2	-8,625250E+0
1,351923E+2	-8,625178E+0
1,352093E+2	-8,624992E+0
1,352875E+2	-8,624707E+0
1,353688E+2	-8,624656E+0
1,353796E+2	-8,624574E+0
1,354462E+2	-8,624348E+0
1,354547E+2	-8,624330E+0
1,355378E+2	-8,624205E+0
1,355397E+2	-8,624061E+0
1,356167E+2	-8,623699E+0
1,356290E+2	-8,623656E+0
1,357044E+2	-8,623568E+0
1,357060E+2	-8,623449E+0
1,357874E+2	-8,623289E+0
1,357954E+2	-8,623419E+0
1,358747E+2	-8,623394E+0
1,358784E+2	-8,623180E+0
1,359598E+2	-8,622860E+0
1,359605E+2	-8,622869E+0
1,360429E+2	-8,622758E+0
1,360509E+2	-8,622705E+0
1,361261E+2	-8,622468E+0
1,361236E+2	-8,622544E+0
1,362134E+2	-8,622251E+0
1,362120E+2	-8,621929E+0
1,362971E+2	-8,621933E+0
1,363031E+2	-8,621663E+0
1,363798E+2	-8,621639E+0
1,363781E+2	-8,621587E+0
1,364647E+2	-8,621393E+0
1,364663E+2	-8,621350E+0
1,365439E+2	-8,621192E+0
1,365501E+2	-8,621089E+0
1,366296E+2	-8,620776E+0
1,366286E+2	-8,620619E+0
1,367202E+2	-8,620533E+0
1,367206E+2	-8,620621E+0
1,367937E+2	-8,620283E+0
1,367927E+2	-8,620099E+0
1,368786E+2	-8,620178E+0
1,368783E+2	-8,619849E+0
1,369592E+2	-8,619486E+0
1,369677E+2	-8,619800E+0
1,370422E+2	-8,619282E+0
1,370399E+2	-8,619302E+0
1,371261E+2	-8,619124E+0
1,371283E+2	-8,618961E+0
1,372061E+2	-8,618776E+0
1,372102E+2	-8,618504E+0
1,372861E+2	-8,618486E+0
1,372894E+2	-8,618582E+0
1,373779E+2	-8,618208E+0
1,373790E+2	-8,618070E+0
1,374485E+2	-8,618032E+0
1,374526E+2	-8,617851E+0
1,375329E+2	-8,617833E+0
1,375354E+2	-8,617444E+0
1,376156E+2	-8,617143E+0
1,376240E+2	-8,617029E+0
1,376928E+2	-8,617119E+0
1,376975E+2	-8,616839E+0
1,377767E+2	-8,616616E+0
1,377861E+2	-8,616501E+0
1,378557E+2	-8,616296E+0
1,378634E+2	-8,616305E+0
1,379408E+2	-8,616132E+0
1,379433E+2	-8,615963E+0
1,380290E+2	-8,615627E+0
1,380338E+2	-8,615724E+0
1,381005E+2	-8,615543E+0
1,381033E+2	-8,615184E+0
1,381831E+2	-8,615188E+0
1,381899E+2	-8,614975E+0
1,382641E+2	-8,614882E+0
1,382771E+2	-8,614602E+0
1,383409E+2	-8,614584E+0
1,383512E+2	-8,614506E+0
1,384316E+2	-8,614288E+0
1,384384E+2	-8,614111E+0
1,385026E+2	-8,613869E+0
1,385152E+2	-8,614038E+0
1,385863E+2	-8,613590E+0
1,385959E+2	-8,613631E+0
1,386766E+2	-8,613197E+0
1,386830E+2	-8,613047E+0
1,387451E+2	-8,613140E+0
1,387570E+2	-8,612800E+0
1,388276E+2	-8,612739E+0
1,388407E+2	-8,612658E+0
1,389065E+2	-8,612313E+0
1,389224E+2	-8,612053E+0
1,389874E+2	-8,612107E+0
1,390027E+2	-8,612150E+0
1,390713E+2	-8,611853E+0
1,390840E+2	-8,611651E+0
1,391440E+2	-8,611673E+0
1,391597E+2	-8,611396E+0
1,392244E+2	-8,611082E+0
1,392420E+2	-8,610966E+0
1,393113E+2	-8,611005E+0
1,393213E+2	-8,610803E+0
1,393764E+2	-8,610718E+0
1,394010E+2	-8,610406E+0
1,394656E+2	-8,610045E+0
1,394779E+2	-8,610313E+0
1,395355E+2	-8,610255E+0
1,395606E+2	-8,609857E+0
1,396191E+2	-8,609609E+0
1,396400E+2	-8,609510E+0
1,397055E+2	-8,609483E+0
1,397195E+2	-8,609324E+0
1,397742E+2	-8,609099E+0
1,397937E+2	-8,608998E+0
1,398567E+2	-8,608641E+0
1,398841E+2	-8,608671E+0
1,399388E+2	-8,608390E+0
1,399556E+2	-8,608258E+0
1,400108E+2	-8,608029E+0
1,400459E+2	-8,608064E+0
1,400990E+2	-8,608002E+0
1,401198E+2	-8,607827E+0
1,401669E+2	-8,607604E+0
1,401990E+2	-8,607477E+0
1,402532E+2	-8,607277E+0
1,402772E+2	-8,607002E+0
1,403347E+2	-8,606782E+0
1,403613E+2	-8,606681E+0
1,404019E+2	-8,606693E+0
1,404348E+2	-8,606365E+0
1,404890E+2	-8,606439E+0
1,405157E+2	-8,606009E+0
1,405690E+2	-8,605896E+0
1,406016E+2	-8,605822E+0
1,406350E+2	-8,605506E+0
1,406781E+2	-8,605545E+0
1,407258E+2	-8,605415E+0
1,407534E+2	-8,605130E+0
1,407915E+2	-8,604898E+0
1,408304E+2	-8,604930E+0
1,408759E+2	-8,604629E+0
1,409233E+2	-8,604619E+0
1,409582E+2	-8,604139E+0
1,409868E+2	-8,604148E+0
1,410241E+2	-8,604033E+0
1,410730E+2	-8,603749E+0
1,411108E+2	-8,603584E+0
1,411490E+2	-8,603395E+0
1,411837E+2	-8,603419E+0
1,412249E+2	-8,603165E+0
1,412617E+2	-8,603063E+0
1,413152E+2	-8,602787E+0
1,413442E+2	-8,602798E+0
1,413769E+2	-8,602524E+0
1,414131E+2	-8,602628E+0
1,414652E+2	-8,602410E+0
1,414940E+2	-8,602269E+0
1,415423E+2	-8,602056E+0
1,415772E+2	-8,601974E+0
1,416133E+2	-8,601651E+0
1,416452E+2	-8,601751E+0
1,416997E+2	-8,601474E+0
1,417317E+2	-8,601238E+0
1,417753E+2	-8,601244E+0
1,417963E+2	-8,601005E+0
1,418518E+2	-8,600797E+0
1,418782E+2	-8,600523E+0
1,419325E+2	-8,600535E+0
1,419604E+2	-8,600231E+0
1,420077E+2	-8,599990E+0
1,420263E+2	-8,599771E+0
1,420844E+2	-8,599547E+0
1,421091E+2	-8,599572E+0
1,421651E+2	-8,599366E+0
1,421895E+2	-8,599300E+0
1,422428E+2	-8,599006E+0
1,422608E+2	-8,598884E+0
1,423284E+2	-8,598685E+0
1,423441E+2	-8,598514E+0
1,423878E+2	-8,598431E+0
1,424111E+2	-8,598150E+0
1,424785E+2	-8,598136E+0
1,424886E+2	-8,598077E+0
1,425547E+2	-8,597807E+0
1,425734E+2	-8,597592E+0
1,426200E+2	-8,597465E+0
1,426391E+2	-8,597380E+0
1,427056E+2	-8,597158E+0
1,427188E+2	-8,597045E+0
1,427841E+2	-8,596547E+0
1,427970E+2	-8,596679E+0
1,428593E+2	-8,596270E+0
1,428682E+2	-8,596270E+0
1,429371E+2	-8,596035E+0
1,429501E+2	-8,595788E+0
1,430082E+2	-8,595670E+0
1,430153E+2	-8,595744E+0
1,430847E+2	-8,595459E+0
1,430944E+2	-8,595356E+0
1,431675E+2	-8,595024E+0
1,431756E+2	-8,594876E+0
1,432367E+2	-8,594645E+0
1,432402E+2	-8,594724E+0
1,433181E+2	-8,594468E+0
1,433209E+2	-8,594144E+0
1,433862E+2	-8,593986E+0
1,434004E+2	-8,593913E+0
1,434692E+2	-8,593644E+0
1,434690E+2	-8,593539E+0
1,435466E+2	-8,593272E+0
1,435525E+2	-8,593244E+0
1,436147E+2	-8,592930E+0
1,436207E+2	-8,592918E+0
1,436986E+2	-8,592860E+0
1,436960E+2	-8,592428E+0
1,437750E+2	-8,592132E+0
1,437770E+2	-8,592244E+0
1,438477E+2	-8,591854E+0
1,438457E+2	-8,591712E+0
1,439199E+2	-8,591547E+0
1,439221E+2	-8,591444E+0
1,439981E+2	-8,591158E+0
1,439994E+2	-8,591006E+0
1,440707E+2	-8,590917E+0
1,440680E+2	-8,590832E+0
1,441437E+2	-8,590439E+0
1,441521E+2	-8,590260E+0
1,442217E+2	-8,590099E+0
1,442138E+2	-8,590028E+0
1,442938E+2	-8,589787E+0
1,442920E+2	-8,589516E+0
1,443700E+2	-8,589547E+0
1,443735E+2	-8,589445E+0
1,444405E+2	-8,589133E+0
1,444383E+2	-8,588908E+0
1,445184E+2	-8,588652E+0
1,445191E+2	-8,588627E+0
1,445897E+2	-8,588457E+0
1,445909E+2	-8,588243E+0
1,446638E+2	-8,588026E+0
1,446612E+2	-8,587788E+0
1,447424E+2	-8,587724E+0
1,447418E+2	-8,587680E+0
1,448100E+2	-8,587404E+0
1,448066E+2	-8,587243E+0
1,448838E+2	-8,587006E+0
1,448826E+2	-8,587008E+0
1,449562E+2	-8,586766E+0
1,449604E+2	-8,586580E+0
1,450294E+2	-8,586413E+0
1,450271E+2	-8,586255E+0
1,451029E+2	-8,586111E+0
1,451031E+2	-8,585714E+0
1,451748E+2	-8,585687E+0
1,451802E+2	-8,585391E+0
1,452465E+2	-8,585328E+0
1,452495E+2	-8,585161E+0
1,453315E+2	-8,584825E+0
1,453288E+2	-8,584729E+0
1,453913E+2	-8,584742E+0
1,453928E+2	-8,584348E+0
1,454663E+2	-8,584001E+0
1,454675E+2	-8,584222E+0
1,455413E+2	-8,583809E+0
1,455469E+2	-8,583745E+0
1,456090E+2	-8,583476E+0
1,456113E+2	-8,583373E+0
1,456864E+2	-8,583187E+0
1,456846E+2	-8,583025E+0
1,457546E+2	-8,582699E+0
1,457630E+2	-8,582415E+0
1,458251E+2	-8,582533E+0
1,458295E+2	-8,582274E+0
1,459051E+2	-8,581706E+0
1,459068E+2	-8,581750E+0
1,459670E+2	-8,581621E+0
1,459734E+2	-8,581386E+0
1,460403E+2	-8,581204E+0
1,460462E+2	-8,581277E+0
1,461227E+2	-8,580901E+0
1,461236E+2	-8,580719E+0
1,461815E+2	-8,580516E+0
1,461889E+2	-8,580433E+0
1,462558E+2	-8,580104E+0
1,462623E+2	-8,579980E+0
1,463247E+2	-8,579871E+0
1,463370E+2	-8,579614E+0
1,463985E+2	-8,579475E+0
1,464067E+2	-8,579258E+0
1,464749E+2	-8,578875E+0
1,464829E+2	-8,578631E+0
1,465392E+2	-8,578546E+0
1,465492E+2	-8,578447E+0
1,466125E+2	-8,578229E+0
1,466232E+2	-8,577833E+0
1,466886E+2	-8,577834E+0
1,466959E+2	-8,577486E+0
1,467493E+2	-8,577235E+0
1,467663E+2	-8,577115E+0
1,468286E+2	-8,577047E+0
1,468336E+2	-8,576790E+0
1,468918E+2	-8,576468E+0
1,469110E+2	-8,576358E+0
1,469671E+2	-8,576018E+0
1,469795E+2	-8,576025E+0
1,470447E+2	-8,575679E+0
1,470535E+2	-8,575497E+0
1,471041E+2	-8,575216E+0
1,471216E+2	-8,574941E+0
1,471808E+2	-8,574859E+0
1,472006E+2	-8,574461E+0
1,472519E+2	-8,574259E+0
1,472673E+2	-8,573925E+0
1,473156E+2	-8,573846E+0
1,473431E+2	-8,573598E+0
1,473939E+2	-8,573331E+0
1,474103E+2	-8,573047E+0
1,474569E+2	-8,572823E+0
1,474782E+2	-8,572733E+0
1,475358E+2	-8,572382E+0
1,475618E+2	-8,572205E+0
1,476074E+2	-8,571985E+0
1,476245E+2	-8,571799E+0
1,476685E+2	-8,571491E+0
1,477019E+2	-8,571243E+0
1,477481E+2	-8,570935E+0
1,477673E+2	-8,570750E+0
1,478092E+2	-8,570637E+0
1,478327E+2	-8,570168E+0
1,478785E+2	-8,569892E+0
1,479125E+2	-8,569633E+0
1,479578E+2	-8,569433E+0
1,479704E+2	-8,569225E+0
1,480144E+2	-8,568822E+0
1,480479E+2	-8,568512E+0
1,480908E+2	-8,568309E+0
1,481293E+2	-8,568320E+0
1,481608E+2	-8,567673E+0
1,481874E+2	-8,567505E+0
1,482253E+2	-8,567370E+0
1,482670E+2	-8,566876E+0
1,483042E+2	-8,566533E+0
1,483310E+2	-8,566562E+0
1,483622E+2	-8,566116E+0
1,483981E+2	-8,565997E+0
1,484353E+2	-8,565634E+0
1,484701E+2	-8,565053E+0
1,485082E+2	-8,564960E+0
1,485409E+2	-8,564629E+0
1,485687E+2	-8,564409E+0
1,486087E+2	-8,564028E+0
1,486479E+2	-8,563717E+0
1,486803E+2	-8,563500E+0
1,487107E+2	-8,563088E+0
1,487499E+2	-8,562929E+0
1,487799E+2	-8,562649E+0
1,488294E+2	-8,562179E+0
1,488543E+2	-8,561936E+0
1,488832E+2	-8,561695E+0
1,489137E+2	-8,561309E+0
1,489630E+2	-8,561022E+0
1,489843E+2	-8,560815E+0
1,490303E+2	-8,560195E+0
1,490588E+2	-8,560034E+0
1,490925E+2	-8,559709E+0
1,491195E+2	-8,559431E+0
1,491686E+2	-8,558977E+0
1,491958E+2	-8,558771E+0
1,492373E+2	-8,558323E+0
1,492541E+2	-8,557727E+0
1,493046E+2	-8,557471E+0
1,493257E+2	-8,557013E+0
1,493764E+2	-8,556674E+0
1,494020E+2	-8,556431E+0
1,494461E+2	-8,555715E+0
1,494579E+2	-8,555500E+0
1,495165E+2	-8,555176E+0
1,495322E+2	-8,554689E+0
1,495875E+2	-8,554240E+0
1,496050E+2	-8,553895E+0
1,496552E+2	-8,553682E+0
1,496689E+2	-8,553182E+0
1,497230E+2	-8,552488E+0
1,497412E+2	-8,552316E+0
1,497951E+2	-8,551876E+0
1,498070E+2	-8,551455E+0
1,498620E+2	-8,551021E+0
1,498739E+2	-8,550344E+0
1,499328E+2	-8,550184E+0
1,499459E+2	-8,549720E+0
1,499945E+2	-8,549151E+0
1,500047E+2	-8,548653E+0
1,500652E+2	-8,548172E+0
1,500754E+2	-8,548043E+0
1,501371E+2	-8,547501E+0
1,501474E+2	-8,547249E+0
1,502012E+2	-8,546642E+0
1,502052E+2	-8,546091E+0
1,502732E+2	-8,545531E+0
1,502801E+2	-8,545207E+0
1,503312E+2	-8,544670E+0
1,503466E+2	-8,544102E+0
1,504066E+2	-8,543534E+0
1,504086E+2	-8,543106E+0
1,504774E+2	-8,542660E+0
1,504834E+2	-8,542032E+0
1,505359E+2	-8,541431E+0
1,505400E+2	-8,541008E+0
1,506091E+2	-8,540508E+0
1,506106E+2	-8,539926E+0
1,506795E+2	-8,539328E+0
1,506810E+2	-8,538839E+0
1,507425E+2	-8,538370E+0
1,507432E+2	-8,537644E+0
1,508098E+2	-8,536977E+0
1,508130E+2	-8,536676E+0
1,508778E+2	-8,536074E+0
1,508779E+2	-8,535415E+0
1,509440E+2	-8,535105E+0
1,509426E+2	-8,534223E+0
1,510125E+2	-8,533762E+0
1,510143E+2	-8,533069E+0
1,510765E+2	-8,532449E+0
1,510710E+2	-8,531750E+0
1,511445E+2	-8,531228E+0
1,511398E+2	-8,530544E+0
1,512081E+2	-8,529934E+0
1,512132E+2	-8,529444E+0
1,512766E+2	-8,528667E+0
1,512729E+2	-8,527986E+0
1,513468E+2	-8,527384E+0
1,513441E+2	-8,526614E+0
1,514115E+2	-8,526141E+0
1,514113E+2	-8,525317E+0
1,514755E+2	-8,524598E+0
1,514725E+2	-8,523775E+0
1,515450E+2	-8,523273E+0
1,515449E+2	-8,522526E+0
1,516073E+2	-8,521732E+0
1,516018E+2	-8,521091E+0
1,516758E+2	-8,520111E+0
1,516726E+2	-8,519662E+0
1,517399E+2	-8,518737E+0
1,517424E+2	-8,518156E+0
1,518067E+2	-8,517375E+0
1,518018E+2	-8,516635E+0
1,518739E+2	-8,515779E+0
1,518727E+2	-8,514918E+0
1,519375E+2	-8,513918E+0
1,519397E+2	-8,513186E+0
1,520036E+2	-8,512429E+0
1,520003E+2	-8,511594E+0
1,520774E+2	-8,510644E+0
1,520724E+2	-8,509870E+0
1,521330E+2	-8,508740E+0
1,521329E+2	-8,508135E+0
1,522014E+2	-8,506955E+0
1,521980E+2	-8,506146E+0
1,522642E+2	-8,504986E+0
1,522682E+2	-8,504285E+0
1,523279E+2	-8,503471E+0
1,523285E+2	-8,502407E+0
1,524024E+2	-8,501374E+0
1,524003E+2	-8,500123E+0
1,524578E+2	-8,499330E+0
1,524577E+2	-8,498353E+0
1,525235E+2	-8,497214E+0
1,525236E+2	-8,495952E+0
1,525926E+2	-8,495292E+0
1,525948E+2	-8,494117E+0
1,526527E+2	-8,492886E+0
1,526527E+2	-8,491707E+0
1,527199E+2	-8,490657E+0
1,527235E+2	-8,489595E+0
1,527825E+2	-8,488444E+0
1,527863E+2	-8,487143E+0
1,528445E+2	-8,486061E+0
1,528517E+2	-8,484863E+0
1,529209E+2	-8,483605E+0
1,529222E+2	-8,482152E+0
1,529757E+2	-8,481068E+0
1,529807E+2	-8,479684E+0
1,530467E+2	-8,478221E+0
1,530460E+2	-8,477035E+0
1,531051E+2	-8,475844E+0
1,531153E+2	-8,474123E+0
1,531729E+2	-8,472646E+0
1,531755E+2	-8,471542E+0
1,532405E+2	-8,470147E+0
1,532471E+2	-8,468754E+0
1,532993E+2	-8,467126E+0
1,533047E+2	-8,465584E+0
1,533652E+2	-8,464320E+0
1,533717E+2	-8,462597E+0
1,534328E+2	-8,461111E+0
1,534387E+2	-8,459444E+0
1,534897E+2	-8,457837E+0
1,535003E+2	-8,456026E+0
1,535609E+2	-8,454562E+0
1,535624E+2	-8,452967E+0
1,536172E+2	-8,451129E+0
1,536326E+2	-8,449546E+0
1,536842E+2	-8,447674E+0
1,536928E+2	-8,446009E+0
1,537543E+2	-8,443996E+0
1,537601E+2	-8,442251E+0
1,538106E+2	-8,440272E+0
1,538190E+2	-8,438491E+0
1,538760E+2	-8,436495E+0
1,538912E+2	-8,433833E+0
1,539394E+2	-8,432408E+0
1,539527E+2	-8,430411E+0
1,540019E+2	-8,428538E+0
1,540191E+2	-8,426343E+0
1,540674E+2	-8,424075E+0
1,540805E+2	-8,421832E+0
1,541264E+2	-8,419751E+0
1,541417E+2	-8,417452E+0
1,541925E+2	-8,415267E+0
1,542088E+2	-8,412841E+0
1,542615E+2	-8,410612E+0
1,542764E+2	-8,408258E+0
1,543142E+2	-8,405882E+0
1,543352E+2	-8,403095E+0
1,543834E+2	-8,400874E+0
1,543995E+2	-8,398193E+0
1,544413E+2	-8,395437E+0
1,544644E+2	-8,392854E+0
1,545020E+2	-8,390261E+0
1,545263E+2	-8,387491E+0
1,545725E+2	-8,384728E+0
1,545866E+2	-8,381950E+0
1,546272E+2	-8,378972E+0
1,546513E+2	-8,375947E+0
1,546916E+2	-8,373167E+0
1,547241E+2	-8,369947E+0
1,547620E+2	-8,366911E+0
1,547800E+2	-8,363917E+0
1,548173E+2	-8,360685E+0
1,548870E+2	-8,354320E+0
1,549110E+2	-8,350828E+0
1,549461E+2	-8,347318E+0
1,549695E+2	-8,343724E+0
1,550044E+2	-8,340294E+0
1,550424E+2	-8,336750E+0
1,550745E+2	-8,333049E+0
1,550888E+2	-8,329400E+0
1,551259E+2	-8,325699E+0
1,551642E+2	-8,321769E+0
1,551933E+2	-8,317927E+0
1,552255E+2	-8,313835E+0
1,552608E+2	-8,309612E+0
1,552906E+2	-8,305307E+0
1,553150E+2	-8,301184E+0
1,553512E+2	-8,296845E+0
1,553832E+2	-8,292386E+0
1,554131E+2	-8,287709E+0
1,554416E+2	-8,283199E+0
1,554783E+2	-8,278210E+0
1,555055E+2	-8,273452E+0
1,555523E+2	-8,268444E+0
1,555729E+2	-8,263645E+0
1,555978E+2	-8,258525E+0
1,556266E+2	-8,253253E+0
1,556721E+2	-8,248002E+0
1,556894E+2	-8,242542E+0
1,557337E+2	-8,236919E+0
1,557583E+2	-8,231174E+0
1,558018E+2	-8,225572E+0
1,558127E+2	-8,219276E+0
1,558602E+2	-8,213083E+0
1,558810E+2	-8,207053E+0
1,559216E+2	-8,201031E+0
1,559349E+2	-8,193988E+0
1,559817E+2	-8,187807E+0
1,559982E+2	-8,181204E+0
1,560461E+2	-8,173782E+0
1,560658E+2	-8,166629E+0
1,561050E+2	-8,159308E+0
1,561185E+2	-8,151806E+0
1,561679E+2	-8,144546E+0
1,561813E+2	-8,136725E+0
1,562310E+2	-8,128598E+0
1,562499E+2	-8,120228E+0
1,562938E+2	-8,112151E+0
1,563037E+2	-8,103778E+0
1,563645E+2	-8,094867E+0
1,563740E+2	-8,085849E+0
1,564117E+2	-8,076521E+0
1,564289E+2	-8,067029E+0
1,564851E+2	-8,057563E+0
1,564889E+2	-8,048037E+0
1,565471E+2	-8,037222E+0
1,565575E+2	-8,027055E+0
1,565985E+2	-8,016730E+0
1,566086E+2	-8,005754E+0
1,566695E+2	-7,994645E+0
1,566734E+2	-7,983597E+0
1,567217E+2	-7,971667E+0
1,567377E+2	-7,959721E+0
1,567925E+2	-7,947682E+0
1,567939E+2	-7,935573E+0
1,568544E+2	-7,922851E+0
1,568610E+2	-7,909036E+0
1,569135E+2	-7,896376E+0
1,569138E+2	-7,882182E+0
1,569744E+2	-7,868508E+0
1,569771E+2	-7,854585E+0
1,570396E+2	-7,839639E+0
1,570960E+2	-7,793730E+0
1,571640E+2	-7,778068E+0
1,571634E+2	-7,761928E+0
1,572225E+2	-7,744756E+0
1,572161E+2	-7,727407E+0
1,572798E+2	-7,710129E+0
1,572802E+2	-7,692972E+0
1,573442E+2	-7,674139E+0
1,573430E+2	-7,655878E+0
1,574004E+2	-7,636665E+0
1,573978E+2	-7,616845E+0
1,574606E+2	-7,597830E+0
1,574590E+2	-7,578328E+0
1,575233E+2	-7,557182E+0
1,575216E+2	-7,535734E+0
1,575827E+2	-7,515185E+0
1,575775E+2	-7,493066E+0
1,576457E+2	-7,471776E+0
1,576434E+2	-7,448882E+0
1,577031E+2	-7,426883E+0
1,576976E+2	-7,403829E+0
1,577636E+2	-7,380564E+0
1,577564E+2	-7,356491E+0
1,578269E+2	-7,331768E+0
1,578203E+2	-7,308115E+0
1,578816E+2	-7,283940E+0
1,578751E+2	-7,258009E+0
1,579418E+2	-7,231690E+0
1,579348E+2	-7,206489E+0
1,579977E+2	-7,179736E+0
1,579999E+2	-7,154067E+0
1,580609E+2	-7,126663E+0
1,580542E+2	-7,100463E+0
1,581210E+2	-7,072617E+0
1,581187E+2	-7,045517E+0
1,581791E+2	-7,016878E+0
1,581790E+2	-6,988285E+0
1,582373E+2	-6,960402E+0
1,582337E+2	-6,932154E+0
1,583044E+2	-6,902605E+0
1,582977E+2	-6,873729E+0
1,583566E+2	-6,844916E+0
1,583528E+2	-6,814253E+0
1,584155E+2	-6,784619E+0
1,584120E+2	-6,755351E+0
1,584750E+2	-6,724300E+0
1,584755E+2	-6,694039E+0
1,585317E+2	-6,664108E+0
1,585306E+2	-6,631641E+0
1,585980E+2	-6,601580E+0
1,585956E+2	-6,571568E+0
1,586497E+2	-6,539798E+0
1,586497E+2	-6,508132E+0
1,587085E+2	-6,477730E+0
1,587101E+2	-6,447347E+0
1,587740E+2	-6,413811E+0
1,587731E+2	-6,383421E+0
1,588286E+2	-6,352935E+0
1,588253E+2	-6,320231E+0
1,588874E+2	-6,288095E+0
1,588854E+2	-6,257531E+0
1,589427E+2	-6,225247E+0
1,589476E+2	-6,193970E+0
1,590010E+2	-6,161410E+0
1,590027E+2	-6,130511E+0
1,590678E+2	-6,098388E+0
1,590665E+2	-6,067595E+0
1,591175E+2	-6,035481E+0
1,591200E+2	-6,003727E+0
1,591788E+2	-5,972881E+0
1,591791E+2	-5,942384E+0
1,592440E+2	-5,910038E+0
1,592438E+2	-5,879291E+0
1,592926E+2	-5,848847E+0
1,592963E+2	-5,816737E+0
1,593585E+2	-5,786324E+0
1,593576E+2	-5,756101E+0
1,594090E+2	-5,724745E+0
1,594176E+2	-5,694062E+0
1,594707E+2	-5,664401E+0
1,594737E+2	-5,633487E+0
1,595314E+2	-5,602474E+0
1,595361E+2	-5,573598E+0
1,595843E+2	-5,543324E+0
1,595889E+2	-5,514517E+0
1,596461E+2	-5,484323E+0
1,596475E+2	-5,456015E+0
1,597061E+2	-5,426421E+0
1,597108E+2	-5,398257E+0
1,597569E+2	-5,369035E+0
1,597649E+2	-5,340105E+0
1,598209E+2	-5,312582E+0
1,598211E+2	-5,285444E+0
1,598698E+2	-5,256616E+0
1,598844E+2	-5,228631E+0
1,599316E+2	-5,201920E+0
1,599395E+2	-5,174430E+0
1,599966E+2	-5,148001E+0
1,600002E+2	-5,120249E+0
1,600422E+2	-5,094309E+0
1,600541E+2	-5,067777E+0
1,601088E+2	-5,042265E+0
1,601201E+2	-5,016356E+0
1,601633E+2	-4,990424E+0
1,601729E+2	-4,965430E+0
1,602182E+2	-4,940527E+0
1,602363E+2	-4,914617E+0
1,602788E+2	-4,890249E+0
1,602900E+2	-4,866570E+0
1,603312E+2	-4,841461E+0
1,603455E+2	-4,817611E+0
1,603898E+2	-4,794249E+0
1,604117E+2	-4,769884E+0
1,604544E+2	-4,746937E+0
1,604609E+2	-4,724252E+0
1,605012E+2	-4,700572E+0
1,605234E+2	-4,678409E+0
1,605654E+2	-4,656285E+0
1,605798E+2	-4,633551E+0
1,606206E+2	-4,611197E+0
1,606401E+2	-4,590268E+0
1,606738E+2	-4,568561E+0
1,606996E+2	-4,547450E+0
1,607397E+2	-4,526770E+0
1,607543E+2	-4,505561E+0
1,607863E+2	-4,485037E+0
1,608107E+2	-4,464974E+0
1,608456E+2	-4,444276E+0
1,608774E+2	-4,424219E+0
1,609089E+2	-4,404704E+0
1,609254E+2	-4,385849E+0
1,609586E+2	-4,366119E+0
1,609908E+2	-4,346281E+0
1,610216E+2	-4,328024E+0
1,610442E+2	-4,309181E+0
1,610756E+2	-4,291173E+0
1,610975E+2	-4,273199E+0
1,611307E+2	-4,254953E+0
1,611631E+2	-4,236689E+0
1,611950E+2	-4,219470E+0
1,612189E+2	-4,201971E+0
1,612425E+2	-4,184260E+0
1,612752E+2	-4,167635E+0
1,613035E+2	-4,151426E+0
1,613340E+2	-4,134472E+0
1,613627E+2	-4,118311E+0
1,613924E+2	-4,101593E+0
1,614138E+2	-4,085431E+0
1,614481E+2	-4,069811E+0
1,614772E+2	-4,053850E+0
1,615063E+2	-4,038840E+0
1,615294E+2	-4,023169E+0
1,615627E+2	-4,008427E+0
1,615849E+2	-3,992796E+0
1,616292E+2	-3,977915E+0
1,616449E+2	-3,963768E+0
1,616709E+2	-3,949553E+0
1,616941E+2	-3,934617E+0
1,617389E+2	-3,920794E+0
1,617521E+2	-3,906538E+0
1,617938E+2	-3,892356E+0
1,618115E+2	-3,878898E+0
1,618496E+2	-3,865727E+0
1,618630E+2	-3,851947E+0
1,619059E+2	-3,838422E+0
1,619263E+2	-3,825627E+0
1,619629E+2	-3,813198E+0
1,619750E+2	-3,799890E+0
1,620194E+2	-3,787388E+0
1,620326E+2	-3,775163E+0
1,620782E+2	-3,761970E+0
1,620924E+2	-3,750006E+0
1,621297E+2	-3,738324E+0
1,621404E+2	-3,725977E+0
1,621881E+2	-3,714399E+0
1,622004E+2	-3,702191E+0
1,622436E+2	-3,690421E+0
1,622600E+2	-3,679260E+0
1,623009E+2	-3,668353E+0
1,623074E+2	-3,656559E+0
1,623639E+2	-3,645712E+0
1,623702E+2	-3,634999E+0
1,624073E+2	-3,623716E+0
1,624210E+2	-3,613004E+0
1,624733E+2	-3,602324E+0
1,624751E+2	-3,591995E+0
1,625303E+2	-3,581386E+0
1,625357E+2	-3,571095E+0
1,625748E+2	-3,560778E+0
1,625818E+2	-3,550736E+0
1,626402E+2	-3,540696E+0
1,626405E+2	-3,531053E+0
1,626875E+2	-3,520435E+0
1,626990E+2	-3,510911E+0
1,627504E+2	-3,501670E+0
1,627504E+2	-3,491868E+0
1,628069E+2	-3,482760E+0
1,628101E+2	-3,473028E+0
1,628611E+2	-3,464275E+0
1,628594E+2	-3,454848E+0
1,629162E+2	-3,445981E+0
1,629165E+2	-3,436783E+0
1,629737E+2	-3,427944E+0
1,629773E+2	-3,419260E+0
1,630279E+2	-3,410901E+0
1,630239E+2	-3,401870E+0
1,630867E+2	-3,392976E+0
1,630822E+2	-3,384862E+0
1,631387E+2	-3,376220E+0
1,631410E+2	-3,368199E+0
1,631978E+2	-3,359803E+0
1,631914E+2	-3,351808E+0
1,632553E+2	-3,343683E+0
1,633057E+2	-3,327721E+0
1,633032E+2	-3,319614E+0
1,633621E+2	-3,312178E+0
1,633571E+2	-3,304542E+0
1,634190E+2	-3,296657E+0
1,634173E+2	-3,288990E+0
1,634726E+2	-3,281381E+0
1,634663E+2	-3,273995E+0
1,635263E+2	-3,266549E+0
1,635225E+2	-3,259349E+0
1,635817E+2	-3,252231E+0
1,635801E+2	-3,244883E+0
1,636356E+2	-3,237915E+0
1,636298E+2	-3,230863E+0
1,636966E+2	-3,223530E+0
1,636880E+2	-3,216553E+0
1,637449E+2	-3,209579E+0
1,637378E+2	-3,202592E+0
1,637997E+2	-3,195913E+0
1,637933E+2	-3,189323E+0
1,638518E+2	-3,182609E+0
1,638517E+2	-3,176063E+0
1,639075E+2	-3,169362E+0
1,638995E+2	-3,163107E+0
1,639622E+2	-3,156376E+0
1,639587E+2	-3,150000E+0
1,640141E+2	-3,143487E+0
1,640106E+2	-3,137286E+0
1,640676E+2	-3,130884E+0
1,640632E+2	-3,124852E+0
1,641288E+2	-3,118606E+0
1,641208E+2	-3,112616E+0
1,641750E+2	-3,106618E+0
1,641719E+2	-3,100293E+0
1,642318E+2	-3,094241E+0
1,642259E+2	-3,088556E+0
1,642840E+2	-3,082939E+0
1,642833E+2	-3,076535E+0
1,643373E+2	-3,070990E+0
1,643333E+2	-3,065402E+0
1,643932E+2	-3,059309E+0
1,643915E+2	-3,053912E+0
1,644442E+2	-3,048408E+0
1,644414E+2	-3,042866E+0
1,644990E+2	-3,036920E+0
1,644956E+2	-3,031621E+0
1,645554E+2	-3,026151E+0
1,645536E+2	-3,020639E+0
1,646045E+2	-3,015609E+0
1,646008E+2	-3,009945E+0
1,646580E+2	-3,004774E+0
1,646565E+2	-2,999727E+0
1,647102E+2	-2,994454E+0
1,647139E+2	-2,989384E+0
1,647613E+2	-2,984042E+0
1,647640E+2	-2,979133E+0
1,648237E+2	-2,974087E+0
1,648212E+2	-2,969110E+0
1,648685E+2	-2,964002E+0
1,648716E+2	-2,959274E+0
1,649248E+2	-2,953951E+0
1,649244E+2	-2,949215E+0
1,649854E+2	-2,944754E+0
1,649836E+2	-2,939538E+0
1,650275E+2	-2,934914E+0
1,650312E+2	-2,930083E+0
1,650887E+2	-2,925479E+0
1,650842E+2	-2,921018E+0
1,651393E+2	-2,916478E+0
1,651443E+2	-2,911455E+0
1,651870E+2	-2,906882E+0
1,651902E+2	-2,902700E+0
1,652464E+2	-2,897786E+0
1,652446E+2	-2,893476E+0
1,652919E+2	-2,889265E+0
1,653018E+2	-2,884434E+0
1,653460E+2	-2,880137E+0
1,653492E+2	-2,875971E+0
1,654070E+2	-2,871434E+0
1,654082E+2	-2,867127E+0
1,654503E+2	-2,863230E+0
1,654564E+2	-2,858603E+0
1,655100E+2	-2,854425E+0
1,655166E+2	-2,850191E+0
1,655581E+2	-2,846226E+0
1,655672E+2	-2,841925E+0
1,656105E+2	-2,837970E+0
1,656218E+2	-2,833792E+0
1,656650E+2	-2,829736E+0
1,656729E+2	-2,825886E+0
1,657142E+2	-2,821767E+0
1,657241E+2	-2,817977E+0
1,657684E+2	-2,813980E+0
1,657781E+2	-2,809681E+0
1,658247E+2	-2,805819E+0
1,658352E+2	-2,802011E+0
1,658673E+2	-2,798206E+0
1,658843E+2	-2,794286E+0
1,659271E+2	-2,790680E+0
1,659361E+2	-2,786708E+0
1,659735E+2	-2,782964E+0
1,659895E+2	-2,779393E+0
1,660246E+2	-2,775675E+0
1,660424E+2	-2,772066E+0
1,660835E+2	-2,768524E+0
1,660937E+2	-2,764729E+0
1,661271E+2	-2,761163E+0
1,661454E+2	-2,757477E+0
1,661817E+2	-2,753977E+0
1,662064E+2	-2,750412E+0
1,662396E+2	-2,746999E+0
1,662512E+2	-2,743586E+0
1,662854E+2	-2,739943E+0
1,663122E+2	-2,736434E+0
1,663446E+2	-2,732858E+0
1,663610E+2	-2,729569E+0
1,663917E+2	-2,726012E+0
1,664090E+2	-2,722823E+0
1,664410E+2	-2,719274E+0
1,664703E+2	-2,716009E+0
1,665010E+2	-2,712867E+0
1,665103E+2	-2,709477E+0
1,665422E+2	-2,706455E+0
1,665710E+2	-2,703066E+0
1,665988E+2	-2,699745E+0
1,666252E+2	-2,696534E+0
1,666549E+2	-2,693322E+0
1,666771E+2	-2,690229E+0
1,667003E+2	-2,687148E+0
1,667300E+2	-2,683719E+0
1,667607E+2	-2,680789E+0
1,667790E+2	-2,677612E+0
1,668035E+2	-2,674536E+0
1,668319E+2	-2,671608E+0
1,668553E+2	-2,668400E+0
1,668943E+2	-2,665083E+0
1,669148E+2	-2,662528E+0
1,669333E+2	-2,659252E+0
1,669584E+2	-2,656559E+0
1,669958E+2	-2,653288E+0
1,670122E+2	-2,650635E+0
1,670482E+2	-2,647683E+0
1,670694E+2	-2,644777E+0
1,670938E+2	-2,641663E+0
1,671128E+2	-2,638959E+0
1,671545E+2	-2,635979E+0
1,671716E+2	-2,633157E+0
1,672035E+2	-2,630436E+0
1,672133E+2	-2,627522E+0
1,672515E+2	-2,624630E+0
1,672690E+2	-2,621868E+0
1,673067E+2	-2,619302E+0
1,673236E+2	-2,616315E+0
1,673559E+2	-2,613677E+0
1,673668E+2	-2,610913E+0
1,674071E+2	-2,608321E+0
1,674215E+2	-2,605209E+0
1,674593E+2	-2,602724E+0
1,674769E+2	-2,600205E+0
1,675114E+2	-2,597475E+0
1,675202E+2	-2,595004E+0
1,675727E+2	-2,592343E+0
1,675796E+2	-2,589812E+0
1,676093E+2	-2,587378E+0
1,676234E+2	-2,584628E+0
1,676729E+2	-2,582039E+0
1,676754E+2	-2,579363E+0
1,677258E+2	-2,576890E+0
1,677338E+2	-2,574450E+0
1,677778E+2	-2,572026E+0
1,677777E+2	-2,569608E+0
1,678263E+2	-2,567043E+0
1,678309E+2	-2,564545E+0
1,678797E+2	-2,562187E+0
1,678844E+2	-2,559570E+0
1,679286E+2	-2,557097E+0
1,679317E+2	-2,554818E+0
1,679838E+2	-2,552358E+0
1,679865E+2	-2,549775E+0
1,680298E+2	-2,547452E+0
1,680287E+2	-2,545336E+0
1,680822E+2	-2,542582E+0
1,680829E+2	-2,540484E+0
1,681362E+2	-2,538009E+0
1,681387E+2	-2,536086E+0
1,681852E+2	-2,533628E+0
1,681821E+2	-2,531439E+0
1,682375E+2	-2,529022E+0
1,682365E+2	-2,526692E+0
1,682841E+2	-2,524609E+0
1,682896E+2	-2,522445E+0
1,683395E+2	-2,519860E+0
1,683327E+2	-2,517716E+0
1,683923E+2	-2,515378E+0
1,683918E+2	-2,513375E+0
1,684375E+2	-2,511232E+0
1,684360E+2	-2,508975E+0
1,684917E+2	-2,506791E+0
1,684843E+2	-2,504688E+0
1,685389E+2	-2,502410E+0
1,685394E+2	-2,500362E+0
1,685917E+2	-2,498211E+0
1,685836E+2	-2,496247E+0
1,686410E+2	-2,494132E+0
1,686351E+2	-2,491958E+0
1,686921E+2	-2,489718E+0
1,686885E+2	-2,487568E+0
1,687409E+2	-2,485733E+0
1,687346E+2	-2,483696E+0
1,687918E+2	-2,481552E+0
1,687904E+2	-2,479526E+0
1,688413E+2	-2,477540E+0
1,688315E+2	-2,475648E+0
1,688920E+2	-2,473675E+0
1,688848E+2	-2,471646E+0
1,689422E+2	-2,469807E+0
1,689390E+2	-2,467664E+0
1,689886E+2	-2,465524E+0
1,689811E+2	-2,463726E+0
1,690398E+2	-2,461869E+0
1,690329E+2	-2,459765E+0
1,690886E+2	-2,457912E+0
1,690861E+2	-2,455952E+0
1,691383E+2	-2,454026E+0
1,691303E+2	-2,452112E+0
1,691916E+2	-2,450194E+0
1,691873E+2	-2,448318E+0
1,692380E+2	-2,446527E+0
1,692293E+2	-2,444809E+0
1,692887E+2	-2,442898E+0
1,692815E+2	-2,440876E+0
1,693388E+2	-2,439031E+0
1,693356E+2	-2,437204E+0
1,693872E+2	-2,435537E+0
1,693800E+2	-2,433780E+0
1,694386E+2	-2,431828E+0
1,694330E+2	-2,430105E+0
1,694864E+2	-2,428118E+0
1,694834E+2	-2,426571E+0
1,695328E+2	-2,424898E+0
1,695299E+2	-2,423139E+0
1,695926E+2	-2,421232E+0
1,695847E+2	-2,419541E+0
1,696322E+2	-2,417821E+0
1,696278E+2	-2,416056E+0
1,696831E+2	-2,414329E+0
1,696789E+2	-2,412712E+0
1,697362E+2	-2,411020E+0
1,697335E+2	-2,409353E+0
1,697810E+2	-2,407737E+0
1,697785E+2	-2,405985E+0
1,698322E+2	-2,404272E+0
1,698312E+2	-2,402742E+0
1,698790E+2	-2,400852E+0
1,698788E+2	-2,399332E+0
1,699244E+2	-2,397684E+0
1,699265E+2	-2,395967E+0
1,699832E+2	-2,394424E+0
1,699798E+2	-2,392602E+0
1,700262E+2	-2,391043E+0
1,700221E+2	-2,389562E+0
1,700178E+2	-2,388031E+0
1,700157E+2	-2,386366E+0
1,700659E+2	-2,384736E+0
1,700696E+2	-2,383134E+0
1,701118E+2	-2,381706E+0
1,701140E+2	-2,380112E+0
1,701680E+2	-2,378327E+0
1,701686E+2	-2,377146E+0
1,702088E+2	-2,375553E+0
1,702132E+2	-2,373990E+0
1,702609E+2	-2,372522E+0
1,702607E+2	-2,370977E+0
1,703127E+2	-2,369347E+0
1,703142E+2	-2,367765E+0
1,703551E+2	-2,366169E+0
1,703580E+2	-2,364671E+0
1,704098E+2	-2,363567E+0
1,704072E+2	-2,361924E+0
1,704519E+2	-2,360280E+0
1,704606E+2	-2,358946E+0
1,705022E+2	-2,357447E+0
1,705061E+2	-2,356071E+0
1,705582E+2	-2,354589E+0
1,705594E+2	-2,353250E+0
1,705989E+2	-2,351907E+0
1,706030E+2	-2,350464E+0
1,706484E+2	-2,349006E+0
1,706572E+2	-2,347535E+0
1,706966E+2	-2,346253E+0
1,707045E+2	-2,344625E+0
1,707448E+2	-2,343306E+0
1,707564E+2	-2,341800E+0
1,707944E+2	-2,340410E+0
1,708023E+2	-2,338898E+0
1,708402E+2	-2,337755E+0
1,708495E+2	-2,336197E+0
1,708879E+2	-2,334863E+0
1,709011E+2	-2,333679E+0
1,709413E+2	-2,332093E+0
1,709526E+2	-2,330893E+0
1,709811E+2	-2,329533E+0
1,709966E+2	-2,328226E+0
1,710354E+2	-2,326810E+0
1,710533E+2	-2,325773E+0
1,710779E+2	-2,324459E+0
1,710917E+2	-2,322875E+0
1,711255E+2	-2,321655E+0
1,711468E+2	-2,320349E+0
1,711814E+2	-2,319075E+0
1,711934E+2	-2,317717E+0
1,712189E+2	-2,316300E+0
1,712380E+2	-2,315119E+0
1,712732E+2	-2,313813E+0
1,712963E+2	-2,312624E+0
1,713195E+2	-2,311324E+0
1,713347E+2	-2,310127E+0
1,713644E+2	-2,308972E+0
1,713907E+2	-2,307656E+0
1,714208E+2	-2,306375E+0
1,714269E+2	-2,305318E+0
1,714580E+2	-2,303990E+0
1,714819E+2	-2,302668E+0
1,715111E+2	-2,301462E+0
1,715306E+2	-2,300186E+0
1,715612E+2	-2,298989E+0
1,715794E+2	-2,297644E+0
1,716027E+2	-2,296512E+0
1,716350E+2	-2,295508E+0
1,716577E+2	-2,294201E+0
1,716768E+2	-2,292908E+0
1,716963E+2	-2,291595E+0
1,717242E+2	-2,290557E+0
1,717475E+2	-2,289405E+0
1,717728E+2	-2,288100E+0
1,718219E+2	-2,285675E+0
1,718386E+2	-2,284577E+0
1,718682E+2	-2,283654E+0
1,718932E+2	-2,282286E+0
1,719180E+2	-2,281143E+0
1,719367E+2	-2,280131E+0
1,719650E+2	-2,279134E+0
1,719832E+2	-2,277832E+0
1,720232E+2	-2,276591E+0
1,720337E+2	-2,275555E+0
1,720549E+2	-2,274468E+0
1,720748E+2	-2,273322E+0
1,721125E+2	-2,272345E+0
1,721229E+2	-2,270905E+0
1,721588E+2	-2,269925E+0
1,721757E+2	-2,268755E+0
1,722015E+2	-2,267877E+0
1,722167E+2	-2,266906E+0
1,722563E+2	-2,265733E+0
1,722704E+2	-2,264638E+0
1,723024E+2	-2,263538E+0
1,723108E+2	-2,262437E+0
1,723489E+2	-2,261131E+0
1,723589E+2	-2,260413E+0
1,723973E+2	-2,259318E+0
1,724108E+2	-2,258041E+0
1,724410E+2	-2,257175E+0
1,724497E+2	-2,256224E+0
1,724914E+2	-2,255114E+0
1,725009E+2	-2,254220E+0
1,725413E+2	-2,252743E+0
1,725495E+2	-2,251824E+0
1,725886E+2	-2,250749E+0
1,725909E+2	-2,249788E+0
1,726408E+2	-2,248862E+0
1,726445E+2	-2,247621E+0
1,726776E+2	-2,246756E+0
1,726879E+2	-2,245884E+0
1,727328E+2	-2,244830E+0
1,727331E+2	-2,243586E+0
1,727820E+2	-2,242556E+0
1,727866E+2	-2,241820E+0
1,728184E+2	-2,240901E+0
1,728255E+2	-2,239788E+0
1,728733E+2	-2,238569E+0
1,728728E+2	-2,237699E+0
1,729222E+2	-2,236935E+0
1,729234E+2	-2,235785E+0
1,729655E+2	-2,234743E+0
1,729662E+2	-2,233751E+0
1,730195E+2	-2,232860E+0
1,730156E+2	-2,232046E+0
1,730599E+2	-2,231205E+0
1,730564E+2	-2,230161E+0
1,731056E+2	-2,229188E+0
1,731023E+2	-2,228241E+0
1,731550E+2	-2,227439E+0
1,731555E+2	-2,226365E+0
1,731991E+2	-2,225364E+0
1,731935E+2	-2,224584E+0
1,732473E+2	-2,223666E+0
1,732425E+2	-2,222554E+0
1,732896E+2	-2,221398E+0
1,732924E+2	-2,220845E+0
1,733405E+2	-2,220030E+0
1,733321E+2	-2,219151E+0
1,733879E+2	-2,218161E+0
1,733843E+2	-2,217214E+0
1,734309E+2	-2,216225E+0
1,734273E+2	-2,215429E+0
1,734791E+2	-2,214778E+0
1,734711E+2	-2,213635E+0
1,735242E+2	-2,212910E+0
1,735217E+2	-2,211966E+0
1,735713E+2	-2,210740E+0
1,735636E+2	-2,210117E+0
1,736178E+2	-2,209164E+0
1,736085E+2	-2,208310E+0
1,736636E+2	-2,207410E+0
1,736603E+2	-2,206655E+0
1,737102E+2	-2,205650E+0
1,737024E+2	-2,204640E+0
1,737587E+2	-2,203997E+0
1,737519E+2	-2,202911E+0
1,738018E+2	-2,202401E+0
1,737972E+2	-2,201350E+0
1,738466E+2	-2,200679E+0
1,738390E+2	-2,199693E+0
1,738980E+2	-2,199012E+0
1,738919E+2	-2,198180E+0
1,739386E+2	-2,197277E+0
1,739319E+2	-2,196581E+0
1,739853E+2	-2,195670E+0
1,739768E+2	-2,194744E+0
1,740288E+2	-2,194022E+0
1,740290E+2	-2,193055E+0
1,740772E+2	-2,192406E+0
1,740689E+2	-2,191422E+0
1,741257E+2	-2,190854E+0
1,741208E+2	-2,190063E+0
1,741672E+2	-2,188991E+0
1,741592E+2	-2,188438E+0
1,742136E+2	-2,187616E+0
1,742062E+2	-2,186705E+0
1,742597E+2	-2,185749E+0
1,742573E+2	-2,184998E+0
1,743039E+2	-2,184237E+0
1,742975E+2	-2,183448E+0
1,743498E+2	-2,182477E+0
1,743440E+2	-2,181876E+0
1,743951E+2	-2,181024E+0
1,743922E+2	-2,180330E+0
1,744375E+2	-2,179643E+0
1,744329E+2	-2,179013E+0
1,744914E+2	-2,178255E+0
1,744847E+2	-2,177479E+0
1,745276E+2	-2,176735E+0
1,745237E+2	-2,175943E+0
1,745733E+2	-2,175091E+0
1,745687E+2	-2,174409E+0
1,746238E+2	-2,173667E+0
1,746202E+2	-2,172842E+0
1,746625E+2	-2,172162E+0
1,746604E+2	-2,171411E+0
1,747094E+2	-2,170444E+0
1,747077E+2	-2,169874E+0
1,747542E+2	-2,169175E+0
1,747554E+2	-2,168584E+0
1,748008E+2	-2,167780E+0
1,747979E+2	-2,167163E+0
1,748516E+2	-2,166227E+0
1,748483E+2	-2,165498E+0
1,748877E+2	-2,164883E+0
1,748885E+2	-2,164163E+0
1,749367E+2	-2,163320E+0
1,749343E+2	-2,162713E+0
1,749787E+2	-2,162044E+0
1,749819E+2	-2,161246E+0
1,750256E+2	-2,160616E+0
1,750253E+2	-2,159896E+0
1,750729E+2	-2,159101E+0
1,750727E+2	-2,158480E+0
1,751115E+2	-2,157762E+0
1,751140E+2	-2,156958E+0
1,751592E+2	-2,156184E+0
1,751572E+2	-2,155479E+0
1,752068E+2	-2,155050E+0
1,752074E+2	-2,154127E+0
1,752438E+2	-2,153468E+0
1,752480E+2	-2,152941E+0
1,752933E+2	-2,152121E+0
1,752916E+2	-2,151402E+0
1,753298E+2	-2,150664E+0
1,753393E+2	-2,150173E+0
1,753779E+2	-2,149630E+0
1,753819E+2	-2,148651E+0
1,754284E+2	-2,148084E+0
1,754296E+2	-2,147240E+0
1,754623E+2	-2,146846E+0
1,754704E+2	-2,146318E+0
1,755103E+2	-2,145423E+0
1,755215E+2	-2,145045E+0
1,755571E+2	-2,144016E+0
1,755625E+2	-2,143227E+0
1,755944E+2	-2,142801E+0
1,756100E+2	-2,142163E+0
1,756444E+2	-2,141667E+0
1,756519E+2	-2,140887E+0
1,756845E+2	-2,140139E+0
1,756944E+2	-2,139483E+0
1,757296E+2	-2,139144E+0
1,757466E+2	-2,138551E+0
1,757811E+2	-2,137644E+0
1,757914E+2	-2,137102E+0
1,758161E+2	-2,136469E+0
1,758326E+2	-2,135734E+0
1,758668E+2	-2,135152E+0
1,758868E+2	-2,134554E+0
1,759092E+2	-2,133929E+0
1,759238E+2	-2,133233E+0
1,759502E+2	-2,132617E+0
1,759678E+2	-2,132080E+0
1,760022E+2	-2,131653E+0
1,760120E+2	-2,130754E+0
1,760370E+2	-2,130255E+0
1,760569E+2	-2,129605E+0
1,760827E+2	-2,128917E+0
1,761080E+2	-2,128325E+0
1,761332E+2	-2,127567E+0
1,761455E+2	-2,126867E+0
1,761709E+2	-2,126559E+0
1,761963E+2	-2,125872E+0
1,762380E+2	-2,124716E+0
1,762637E+2	-2,124116E+0
1,762781E+2	-2,123497E+0
1,763017E+2	-2,122976E+0
1,763332E+2	-2,122332E+0
1,763544E+2	-2,121874E+0
1,763636E+2	-2,121162E+0
1,763887E+2	-2,120557E+0
1,764181E+2	-2,119978E+0
1,764366E+2	-2,119382E+0
1,764615E+2	-2,118910E+0
1,764835E+2	-2,118390E+0
1,765068E+2	-2,117869E+0
1,765218E+2	-2,117098E+0
1,765507E+2	-2,116598E+0
1,765713E+2	-2,116081E+0
1,765952E+2	-2,115574E+0
1,766128E+2	-2,114891E+0
1,766384E+2	-2,114427E+0
1,766546E+2	-2,113549E+0
1,766919E+2	-2,113210E+0
1,767012E+2	-2,112550E+0
1,767205E+2	-2,112079E+0
1,767377E+2	-2,111539E+0
1,767744E+2	-2,110993E+0
1,767827E+2	-2,110523E+0
1,768171E+2	-2,109945E+0
1,768309E+2	-2,109238E+0
1,768657E+2	-2,108697E+0
1,768681E+2	-2,108291E+0
1,769055E+2	-2,107798E+0
1,769167E+2	-2,107346E+0
1,769467E+2	-2,106664E+0
1,769544E+2	-2,106170E+0
1,769895E+2	-2,105629E+0
1,769980E+2	-2,105044E+0
1,770346E+2	-2,104487E+0
1,770433E+2	-2,103939E+0
1,770749E+2	-2,103475E+0
1,770801E+2	-2,103023E+0
1,771202E+2	-2,102457E+0
1,771281E+2	-2,101901E+0
1,771676E+2	-2,101394E+0
1,771731E+2	-2,100884E+0
1,772104E+2	-2,100315E+0
1,772098E+2	-2,099783E+0
1,772579E+2	-2,099163E+0
1,772601E+2	-2,098820E+0
1,772898E+2	-2,098088E+0
1,772991E+2	-2,097750E+0
1,773420E+2	-2,097258E+0
1,773395E+2	-2,096870E+0
1,773853E+2	-2,096314E+0
1,773878E+2	-2,095767E+0
1,774298E+2	-2,095355E+0
1,774235E+2	-2,094811E+0
1,774693E+2	-2,094341E+0
1,774686E+2	-2,093897E+0
1,775155E+2	-2,093274E+0
1,775145E+2	-2,092707E+0
1,775558E+2	-2,092287E+0
1,775532E+2	-2,091527E+0
1,776050E+2	-2,091186E+0
1,775996E+2	-2,090646E+0
1,776418E+2	-2,090137E+0
1,776370E+2	-2,089468E+0
1,776861E+2	-2,089309E+0
1,776798E+2	-2,088698E+0
1,777259E+2	-2,088196E+0
1,777269E+2	-2,087794E+0
1,777718E+2	-2,087323E+0
1,777644E+2	-2,086812E+0
1,778138E+2	-2,086252E+0
1,778097E+2	-2,085757E+0
1,778572E+2	-2,085392E+0
1,778524E+2	-2,085082E+0
1,778993E+2	-2,084383E+0
1,778929E+2	-2,084045E+0
1,779448E+2	-2,083411E+0
1,779399E+2	-2,083085E+0
1,779850E+2	-2,082593E+0
1,779750E+2	-2,082218E+0
1,780283E+2	-2,081670E+0
1,780205E+2	-2,081097E+0
1,780709E+2	-2,080651E+0
1,780679E+2	-2,080163E+0
1,781127E+2	-2,079768E+0
1,781041E+2	-2,079220E+0
1,781589E+2	-2,078693E+0
1,781505E+2	-2,078389E+0
1,781987E+2	-2,077870E+0
1,781938E+2	-2,077383E+0
1,782391E+2	-2,076804E+0
1,782309E+2	-2,076377E+0
1,782878E+2	-2,075977E+0
1,782773E+2	-2,075755E+0
1,783247E+2	-2,075018E+0
1,783156E+2	-2,074644E+0
1,783680E+2	-2,074200E+0
1,783580E+2	-2,073773E+0
1,784081E+2	-2,073344E+0
1,784039E+2	-2,072819E+0
1,784515E+2	-2,072577E+0
1,784416E+2	-2,072264E+0
1,784933E+2	-2,071583E+0
1,784870E+2	-2,071149E+0
1,785351E+2	-2,070808E+0
1,785327E+2	-2,070344E+0
1,785753E+2	-2,069841E+0
1,785697E+2	-2,069406E+0
1,786250E+2	-2,068870E+0
1,786162E+2	-2,068604E+0
1,786597E+2	-2,067941E+0
1,786543E+2	-2,067517E+0
1,787042E+2	-2,067444E+0
1,786960E+2	-2,066863E+0
1,787438E+2	-2,066362E+0
1,787431E+2	-2,066056E+0
1,787841E+2	-2,065483E+0
1,787797E+2	-2,065164E+0
1,788348E+2	-2,064830E+0
1,788272E+2	-2,064346E+0
1,788681E+2	-2,063895E+0
1,788627E+2	-2,063606E+0
1,789116E+2	-2,062854E+0
1,789055E+2	-2,062671E+0
1,789566E+2	-2,062231E+0
1,789532E+2	-2,061533E+0
1,789938E+2	-2,061214E+0
1,789893E+2	-2,060996E+0
1,790367E+2	-2,060588E+0
1,790340E+2	-2,059869E+0
1,790769E+2	-2,059669E+0
1,790755E+2	-2,059345E+0
1,791158E+2	-2,058948E+0
1,791168E+2	-2,058408E+0
1,791668E+2	-2,057955E+0
1,791621E+2	-2,057767E+0
1,792000E+2	-2,057260E+0
1,791987E+2	-2,056768E+0
1,792480E+2	-2,056578E+0
1,792411E+2	-2,055860E+0
1,792838E+2	-2,055799E+0
1,792860E+2	-2,055037E+0
1,793278E+2	-2,054884E+0
1,793254E+2	-2,054586E+0
1,793729E+2	-2,054168E+0
1,793725E+2	-2,053757E+0
1,794107E+2	-2,053323E+0
1,794102E+2	-2,052894E+0
1,794520E+2	-2,052631E+0
1,794530E+2	-2,052342E+0
1,794986E+2	-2,051716E+0
1,794967E+2	-2,051399E+0
1,795323E+2	-2,051026E+0
1,795361E+2	-2,050720E+0
1,795806E+2	-2,050282E+0
1,795758E+2	-2,049794E+0
1,796145E+2	-2,049767E+0
1,796212E+2	-2,049357E+0
1,796586E+2	-2,048876E+0
1,796600E+2	-2,048586E+0
1,797058E+2	-2,047908E+0
1,797037E+2	-2,047730E+0
1,797377E+2	-2,047304E+0
1,797436E+2	-2,046879E+0
1,797863E+2	-2,046485E+0
1,797904E+2	-2,046193E+0
1,798241E+2	-2,045764E+0
1,798294E+2	-2,045343E+0
1,798633E+2	-2,045001E+0
1,798729E+2	-2,044781E+0
1,799056E+2	-2,044263E+0
1,799123E+2	-2,043792E+0
1,799442E+2	-2,043592E+0
1,799511E+2	-2,043179E+0
1,799852E+2	-2,042809E+0
1,799989E+2	-2,042436E+0
1,800317E+2	-2,042276E+0
1,800334E+2	-2,041895E+0
1,800638E+2	-2,041287E+0
1,800782E+2	-2,040920E+0
1,801114E+2	-2,040739E+0
1,801182E+2	-2,040307E+0
1,801498E+2	-2,040013E+0
1,801616E+2	-2,039609E+0
1,801883E+2	-2,039083E+0
1,802030E+2	-2,038749E+0
1,802358E+2	-2,038368E+0
1,802414E+2	-2,038183E+0
1,802692E+2	-2,037774E+0
1,802833E+2	-2,037521E+0
1,803110E+2	-2,037330E+0
1,803323E+2	-2,036950E+0
1,803579E+2	-2,036672E+0
1,803668E+2	-2,035977E+0
1,803916E+2	-2,035664E+0
1,804150E+2	-2,035443E+0
1,804377E+2	-2,035022E+0
1,804524E+2	-2,034841E+0
1,804761E+2	-2,034390E+0
1,804978E+2	-2,034051E+0
1,805135E+2	-2,033465E+0
1,805359E+2	-2,033316E+0
1,805599E+2	-2,033038E+0
1,805742E+2	-2,032767E+0
1,805914E+2	-2,032384E+0
1,806143E+2	-2,032047E+0
1,806349E+2	-2,031754E+0
1,806570E+2	-2,031388E+0
1,806787E+2	-2,030931E+0
1,806993E+2	-2,030662E+0
1,807138E+2	-2,030504E+0
1,807393E+2	-2,030102E+0
1,807613E+2	-2,029778E+0
1,807808E+2	-2,029216E+0
1,807982E+2	-2,029064E+0
1,808227E+2	-2,028578E+0
1,808375E+2	-2,028386E+0
1,808712E+2	-2,027875E+0
1,808824E+2	-2,027639E+0
1,808997E+2	-2,027363E+0
1,809162E+2	-2,027001E+0
1,809498E+2	-2,026525E+0
1,809580E+2	-2,026415E+0
1,809892E+2	-2,026089E+0
1,810038E+2	-2,025795E+0
1,810347E+2	-2,025543E+0
1,810375E+2	-2,025007E+0
1,810712E+2	-2,024887E+0
1,810834E+2	-2,024600E+0
1,811103E+2	-2,024224E+0
1,811171E+2	-2,023977E+0
1,811499E+2	-2,023495E+0
1,811594E+2	-2,023294E+0
1,811925E+2	-2,022955E+0
1,812025E+2	-2,022507E+0
1,812303E+2	-2,022448E+0
1,812363E+2	-2,022079E+0
1,812715E+2	-2,021856E+0
1,812767E+2	-2,021498E+0
1,813121E+2	-2,021134E+0
1,813223E+2	-2,020759E+0
1,813544E+2	-2,020480E+0
1,813605E+2	-2,020073E+0
1,814006E+2	-2,020037E+0
1,814020E+2	-2,019521E+0
1,814280E+2	-2,019300E+0
1,814371E+2	-2,019048E+0
1,814744E+2	-2,018520E+0
1,814757E+2	-2,018291E+0
1,815208E+2	-2,018116E+0
1,815216E+2	-2,017531E+0
1,815514E+2	-2,017193E+0
1,815535E+2	-2,017161E+0
1,815988E+2	-2,016798E+0
1,815962E+2	-2,016496E+0
1,816408E+2	-2,016253E+0
1,816400E+2	-2,015784E+0
1,816781E+2	-2,015498E+0
1,816755E+2	-2,015102E+0
1,817253E+2	-2,014931E+0
1,817204E+2	-2,014792E+0
1,817577E+2	-2,014561E+0
1,817534E+2	-2,014062E+0
1,818003E+2	-2,013648E+0
1,817953E+2	-2,013371E+0
1,818364E+2	-2,013224E+0
1,818373E+2	-2,013157E+0
1,818807E+2	-2,012881E+0
1,818741E+2	-2,012602E+0
1,819207E+2	-2,012183E+0
1,819184E+2	-2,011813E+0
1,819617E+2	-2,011716E+0
1,819567E+2	-2,011153E+0
1,819998E+2	-2,010752E+0
1,819926E+2	-2,010611E+0
1,820422E+2	-2,010261E+0
1,820382E+2	-2,010075E+0
1,820807E+2	-2,009699E+0
1,820701E+2	-2,009715E+0
1,821210E+2	-2,009197E+0
1,821112E+2	-2,008949E+0
1,821577E+2	-2,008906E+0
1,821548E+2	-2,008494E+0
1,821989E+2	-2,008344E+0
1,821892E+2	-2,007779E+0
1,822415E+2	-2,007431E+0
1,822328E+2	-2,007256E+0
1,822769E+2	-2,007052E+0
1,822718E+2	-2,006776E+0
1,823160E+2	-2,006645E+0
1,823061E+2	-2,006220E+0
1,823552E+2	-2,005881E+0
1,823490E+2	-2,005599E+0
1,823940E+2	-2,005328E+0
1,823845E+2	-2,004792E+0
1,824341E+2	-2,005025E+0
1,824229E+2	-2,004472E+0
1,824710E+2	-2,004315E+0
1,824672E+2	-2,003971E+0
1,825119E+2	-2,003754E+0
1,825022E+2	-2,003504E+0
1,825539E+2	-2,003247E+0
1,825447E+2	-2,002948E+0
1,825894E+2	-2,002611E+0
1,825821E+2	-2,002434E+0
1,826283E+2	-2,002173E+0
1,826199E+2	-2,001888E+0
1,826733E+2	-2,001832E+0
1,826638E+2	-2,001263E+0
1,827071E+2	-2,001064E+0
1,826991E+2	-2,000917E+0
1,827452E+2	-2,000609E+0
1,827379E+2	-2,000318E+0
1,827855E+2	-1,999892E+0
1,827813E+2	-1,999867E+0
1,828222E+2	-1,999623E+0
1,828162E+2	-1,999204E+0
1,828657E+2	-1,999117E+0
1,828588E+2	-1,998859E+0
1,829008E+2	-1,998406E+0
1,828942E+2	-1,998281E+0
1,829412E+2	-1,997971E+0
1,829323E+2	-1,997860E+0
1,829815E+2	-1,997401E+0
1,829756E+2	-1,997267E+0
1,830155E+2	-1,996918E+0
1,830100E+2	-1,996790E+0
1,830591E+2	-1,996628E+0
1,830507E+2	-1,996330E+0
1,830915E+2	-1,996076E+0
1,830910E+2	-1,995863E+0
1,831327E+2	-1,995398E+0
1,831275E+2	-1,995231E+0
1,831775E+2	-1,995099E+0
1,831710E+2	-1,994680E+0
1,832101E+2	-1,994493E+0
1,832053E+2	-1,994140E+0
1,832494E+2	-1,993956E+0
1,832443E+2	-1,993715E+0
1,832874E+2	-1,993300E+0
1,832877E+2	-1,993253E+0
1,833228E+2	-1,993080E+0
1,833221E+2	-1,992811E+0
1,833688E+2	-1,992478E+0
1,833632E+2	-1,992347E+0
1,833990E+2	-1,992007E+0
1,834006E+2	-1,991712E+0
1,834398E+2	-1,991515E+0
1,834375E+2	-1,991274E+0
1,834849E+2	-1,991043E+0
1,834807E+2	-1,990474E+0
1,835139E+2	-1,990599E+0
1,835120E+2	-1,990364E+0
1,835572E+2	-1,990216E+0
1,835561E+2	-1,990051E+0
1,835902E+2	-1,989747E+0
1,835944E+2	-1,989514E+0
1,836296E+2	-1,989076E+0
1,836332E+2	-1,988938E+0
1,836718E+2	-1,988802E+0
1,836718E+2	-1,988480E+0
1,837062E+2	-1,988269E+0
1,837100E+2	-1,987903E+0
1,837457E+2	-1,987851E+0
1,837481E+2	-1,987810E+0
1,837897E+2	-1,987357E+0
1,837894E+2	-1,986946E+0
1,838177E+2	-1,986730E+0
1,838257E+2	-1,986739E+0
1,838626E+2	-1,986366E+0
1,838619E+2	-1,985987E+0
1,838979E+2	-1,986012E+0
1,839023E+2	-1,985667E+0
1,839311E+2	-1,985586E+0
1,839414E+2	-1,985138E+0
1,839744E+2	-1,985014E+0
1,839794E+2	-1,984636E+0
1,840073E+2	-1,984433E+0
1,840156E+2	-1,984247E+0
1,840504E+2	-1,984113E+0
1,840634E+2	-1,983733E+0
1,840909E+2	-1,983618E+0
1,840949E+2	-1,983264E+0
1,841200E+2	-1,983067E+0
1,841400E+2	-1,982775E+0
1,841681E+2	-1,982631E+0
1,841738E+2	-1,982625E+0
1,841995E+2	-1,982213E+0
1,842088E+2	-1,982062E+0
1,842380E+2	-1,981755E+0
1,842536E+2	-1,981747E+0
1,842816E+2	-1,981398E+0
1,842911E+2	-1,981088E+0
1,843101E+2	-1,980803E+0
1,843279E+2	-1,980801E+0
1,843542E+2	-1,980692E+0
1,843659E+2	-1,980182E+0
1,843942E+2	-1,979904E+0
1,844094E+2	-1,979681E+0
1,844230E+2	-1,979396E+0
1,844447E+2	-1,979618E+0
1,844705E+2	-1,979192E+0
1,844812E+2	-1,978941E+0
1,844990E+2	-1,978899E+0
1,845172E+2	-1,978633E+0
1,845376E+2	-1,978454E+0
1,845643E+2	-1,978107E+0
1,845828E+2	-1,978072E+0
1,845925E+2	-1,977740E+0
1,846129E+2	-1,977491E+0
1,846395E+2	-1,977136E+0
1,846557E+2	-1,977033E+0
1,846749E+2	-1,976856E+0
1,846944E+2	-1,976563E+0
1,847181E+2	-1,976337E+0
1,847263E+2	-1,976232E+0
1,847555E+2	-1,975958E+0
1,847722E+2	-1,975725E+0
1,847901E+2	-1,975555E+0
1,847998E+2	-1,975392E+0
1,848285E+2	-1,975223E+0
1,848419E+2	-1,975073E+0
1,848681E+2	-1,974692E+0
1,848835E+2	-1,974597E+0
1,849047E+2	-1,974248E+0
1,849150E+2	-1,974070E+0
1,849428E+2	-1,974060E+0
1,849567E+2	-1,973822E+0
1,849810E+2	-1,973598E+0
1,849941E+2	-1,973297E+0
1,850185E+2	-1,973186E+0
1,850269E+2	-1,973035E+0
1,850646E+2	-1,972708E+0
1,850708E+2	-1,972646E+0
1,850884E+2	-1,972457E+0
1,851007E+2	-1,972041E+0
1,851375E+2	-1,971994E+0
1,851398E+2	-1,971805E+0
1,851739E+2	-1,971334E+0
1,851802E+2	-1,971263E+0
1,852107E+2	-1,971200E+0
1,852151E+2	-1,970860E+0
1,852542E+2	-1,970526E+0
1,852562E+2	-1,970523E+0
1,852813E+2	-1,970198E+0
1,852886E+2	-1,970325E+0
1,853263E+2	-1,970044E+0
1,853257E+2	-1,969808E+0
1,853652E+2	-1,969540E+0
1,853674E+2	-1,969268E+0
1,854010E+2	-1,969060E+0
1,854009E+2	-1,968933E+0
1,854423E+2	-1,968689E+0
1,854414E+2	-1,968502E+0
1,854729E+2	-1,968392E+0
1,854755E+2	-1,968038E+0
1,855158E+2	-1,968037E+0
1,855127E+2	-1,967873E+0
1,855548E+2	-1,967713E+0
1,855528E+2	-1,967504E+0
1,855891E+2	-1,967207E+0
1,855835E+2	-1,967070E+0
1,856290E+2	-1,966640E+0
1,856248E+2	-1,966828E+0
1,856607E+2	-1,966495E+0
1,856643E+2	-1,966259E+0
1,857031E+2	-1,965968E+0
1,856965E+2	-1,965922E+0
1,857425E+2	-1,965523E+0
1,857378E+2	-1,965529E+0
1,857770E+2	-1,965619E+0
1,857710E+2	-1,965173E+0
1,858133E+2	-1,964955E+0
1,858088E+2	-1,964692E+0
1,858520E+2	-1,964605E+0
1,858479E+2	-1,964396E+0
1,858876E+2	-1,964308E+0
1,858810E+2	-1,963979E+0
1,859270E+2	-1,963763E+0
1,859204E+2	-1,963742E+0
1,859605E+2	-1,963632E+0
1,859538E+2	-1,963297E+0
1,859980E+2	-1,963218E+0
1,859888E+2	-1,963026E+0
1,860337E+2	-1,962890E+0
1,860292E+2	-1,962638E+0
1,860725E+2	-1,962385E+0
1,860621E+2	-1,962153E+0
1,861090E+2	-1,962310E+0
1,860975E+2	-1,961942E+0
1,861453E+2	-1,961666E+0
1,861399E+2	-1,961506E+0
1,861824E+2	-1,961407E+0
1,861706E+2	-1,961242E+0
1,862221E+2	-1,960952E+0
1,862136E+2	-1,960868E+0
1,862558E+2	-1,960664E+0
1,862447E+2	-1,960633E+0
1,862913E+2	-1,960320E+0
1,862814E+2	-1,960156E+0
1,863315E+2	-1,959831E+0
1,863236E+2	-1,959833E+0
1,863644E+2	-1,959701E+0
1,863535E+2	-1,959474E+0
1,864028E+2	-1,959257E+0
1,863941E+2	-1,959038E+0
1,864369E+2	-1,958941E+0
1,864294E+2	-1,958791E+0
1,864730E+2	-1,958492E+0
1,864637E+2	-1,958252E+0
1,865159E+2	-1,958151E+0
1,865047E+2	-1,958123E+0
1,865447E+2	-1,957896E+0
1,865360E+2	-1,957711E+0
1,865825E+2	-1,957446E+0
1,865722E+2	-1,957401E+0
1,866181E+2	-1,957131E+0
1,866132E+2	-1,957108E+0
1,866542E+2	-1,956890E+0
1,866450E+2	-1,956675E+0
1,866928E+2	-1,956544E+0
1,866863E+2	-1,956434E+0
1,867262E+2	-1,956177E+0
1,867193E+2	-1,956054E+0
1,867635E+2	-1,955731E+0
1,867549E+2	-1,955701E+0
1,868023E+2	-1,955494E+0
1,867963E+2	-1,955238E+0
1,868355E+2	-1,955257E+0
1,868276E+2	-1,955237E+0
1,868721E+2	-1,955014E+0
1,868654E+2	-1,954570E+0
1,869059E+2	-1,954517E+0
1,869046E+2	-1,954400E+0
1,869418E+2	-1,954251E+0
1,869374E+2	-1,953954E+0
1,869863E+2	-1,953907E+0
1,869782E+2	-1,953973E+0
1,870132E+2	-1,953215E+0
1,870109E+2	-1,953349E+0
1,870517E+2	-1,953215E+0
1,870455E+2	-1,953108E+0
1,870927E+2	-1,952827E+0
1,870865E+2	-1,952830E+0
1,871194E+2	-1,952334E+0
1,871182E+2	-1,952319E+0
1,871623E+2	-1,952267E+0
1,871549E+2	-1,952215E+0
1,871916E+2	-1,952106E+0
1,871924E+2	-1,951985E+0
1,872301E+2	-1,951613E+0
1,872270E+2	-1,951716E+0
1,872692E+2	-1,951307E+0
1,872661E+2	-1,951119E+0
1,872995E+2	-1,951030E+0
1,872979E+2	-1,950580E+0
1,873352E+2	-1,950731E+0
1,873345E+2	-1,950549E+0
1,873760E+2	-1,950447E+0
1,873725E+2	-1,950250E+0
1,874028E+2	-1,949834E+0
1,874059E+2	-1,950034E+0
1,874443E+2	-1,949831E+0
1,874401E+2	-1,949687E+0
1,874737E+2	-1,949444E+0
1,874791E+2	-1,949410E+0
1,875114E+2	-1,949252E+0
1,875120E+2	-1,948975E+0
1,875532E+2	-1,948760E+0
1,875507E+2	-1,948525E+0
1,875794E+2	-1,948393E+0
1,875845E+2	-1,948309E+0
1,876217E+2	-1,948090E+0
1,876256E+2	-1,948020E+0
1,876555E+2	-1,947570E+0
1,876574E+2	-1,947799E+0
1,876845E+2	-1,947693E+0
1,876979E+2	-1,947278E+0
1,877262E+2	-1,947293E+0
1,877311E+2	-1,946964E+0
1,877579E+2	-1,946996E+0
1,877637E+2	-1,946949E+0
1,877960E+2	-1,946546E+0
1,878035E+2	-1,946468E+0
1,878353E+2	-1,946186E+0
1,878421E+2	-1,946130E+0
1,878631E+2	-1,945966E+0
1,878744E+2	-1,945953E+0
1,879036E+2	-1,945764E+0
1,879096E+2	-1,945664E+0
1,879375E+2	-1,945505E+0
1,879476E+2	-1,945127E+0
1,879696E+2	-1,944930E+0
1,879832E+2	-1,944996E+0
1,880109E+2	-1,944885E+0
1,880148E+2	-1,944854E+0
1,880386E+2	-1,944431E+0
1,880514E+2	-1,944443E+0
1,880750E+2	-1,944187E+0
1,880952E+2	-1,944300E+0
1,881155E+2	-1,943972E+0
1,881243E+2	-1,943765E+0
1,881446E+2	-1,943751E+0
1,881662E+2	-1,943665E+0
1,881856E+2	-1,943539E+0
1,881990E+2	-1,943234E+0
1,882196E+2	-1,943119E+0
1,882309E+2	-1,943083E+0
1,882500E+2	-1,942946E+0
1,882751E+2	-1,942787E+0
1,882930E+2	-1,942441E+0
1,883063E+2	-1,942281E+0
1,883182E+2	-1,942261E+0
1,883409E+2	-1,942248E+0
1,883579E+2	-1,941870E+0
1,883785E+2	-1,941855E+0
1,883956E+2	-1,941652E+0
1,884144E+2	-1,941501E+0
1,884250E+2	-1,941337E+0
1,884482E+2	-1,941281E+0
1,884655E+2	-1,941116E+0
1,884824E+2	-1,940909E+0
1,884980E+2	-1,940905E+0
1,885184E+2	-1,940643E+0
1,885296E+2	-1,940430E+0
1,885604E+2	-1,940378E+0
1,885704E+2	-1,940232E+0
1,885848E+2	-1,940157E+0
1,885960E+2	-1,939996E+0
1,886285E+2	-1,939818E+0
1,886362E+2	-1,939718E+0
1,886642E+2	-1,939735E+0
1,886752E+2	-1,939479E+0
1,886950E+2	-1,939200E+0
1,887041E+2	-1,939279E+0
1,887367E+2	-1,938931E+0
1,887455E+2	-1,939036E+0
1,887708E+2	-1,938511E+0
1,887749E+2	-1,938640E+0
1,888041E+2	-1,938684E+0
1,888101E+2	-1,938570E+0
1,888417E+2	-1,938440E+0
1,888503E+2	-1,938143E+0
1,888677E+2	-1,937903E+0
1,888740E+2	-1,937843E+0
1,889117E+2	-1,937718E+0
1,889133E+2	-1,937541E+0
1,889475E+2	-1,937258E+0
1,889501E+2	-1,937226E+0
1,889815E+2	-1,937295E+0
1,889796E+2	-1,937034E+0
1,890211E+2	-1,936918E+0
1,890197E+2	-1,936844E+0
1,890452E+2	-1,936594E+0
1,890489E+2	-1,936453E+0
1,890877E+2	-1,936303E+0
1,890841E+2	-1,936239E+0
1,891243E+2	-1,936146E+0
1,891235E+2	-1,936017E+0
1,891565E+2	-1,935967E+0
1,891535E+2	-1,935804E+0
1,891949E+2	-1,935481E+0
1,891903E+2	-1,935463E+0
1,892216E+2	-1,935236E+0
1,892226E+2	-1,935221E+0
1,892625E+2	-1,935237E+0
1,892561E+2	-1,934934E+0
1,892976E+2	-1,934930E+0
1,892939E+2	-1,934615E+0
1,893311E+2	-1,934522E+0
1,893251E+2	-1,934470E+0
1,893666E+2	-1,934130E+0
1,893580E+2	-1,934117E+0
1,893973E+2	-1,933949E+0
1,893959E+2	-1,933747E+0
1,894341E+2	-1,933960E+0
1,894239E+2	-1,933620E+0
1,894701E+2	-1,933318E+0
1,894644E+2	-1,933365E+0
1,894990E+2	-1,933338E+0
1,894930E+2	-1,933116E+0
1,895346E+2	-1,933211E+0
1,895265E+2	-1,932785E+0
1,895735E+2	-1,932678E+0
1,895661E+2	-1,932615E+0
1,896049E+2	-1,932510E+0
1,895949E+2	-1,932227E+0
1,896387E+2	-1,932229E+0
1,896283E+2	-1,931942E+0
1,896728E+2	-1,931958E+0
1,896663E+2	-1,931915E+0
1,897074E+2	-1,931728E+0
1,896967E+2	-1,931624E+0
1,897439E+2	-1,931446E+0
1,897353E+2	-1,931424E+0
1,897750E+2	-1,931353E+0
1,897630E+2	-1,931217E+0
1,898087E+2	-1,931067E+0
1,897983E+2	-1,931055E+0
1,898446E+2	-1,930748E+0
1,898378E+2	-1,930779E+0
1,898754E+2	-1,930594E+0
1,898647E+2	-1,930419E+0
1,899127E+2	-1,930398E+0
1,899015E+2	-1,930241E+0
1,899435E+2	-1,930084E+0
1,899394E+2	-1,930101E+0
1,899776E+2	-1,930071E+0
1,899677E+2	-1,929862E+0
1,900172E+2	-1,929638E+0
1,900077E+2	-1,929522E+0
1,900461E+2	-1,929495E+0
1,900350E+2	-1,929220E+0
1,900770E+2	-1,929186E+0
1,900706E+2	-1,929053E+0
1,901140E+2	-1,928949E+0
1,901068E+2	-1,928551E+0
1,901456E+2	-1,928755E+0
1,901369E+2	-1,928640E+0
1,901835E+2	-1,928550E+0
1,901751E+2	-1,928234E+0
1,902141E+2	-1,928312E+0
1,902047E+2	-1,928115E+0
1,902477E+2	-1,928096E+0
1,902377E+2	-1,927947E+0
1,902845E+2	-1,927741E+0
1,902767E+2	-1,927586E+0
1,903055E+2	-1,927347E+0
1,903503E+2	-1,927157E+0
1,903438E+2	-1,927277E+0
1,903802E+2	-1,927104E+0
1,903752E+2	-1,927028E+0
1,904155E+2	-1,927054E+0
1,904082E+2	-1,926706E+0
1,904546E+2	-1,926751E+0
1,904453E+2	-1,926580E+0
1,904807E+2	-1,926411E+0
1,904737E+2	-1,926137E+0
1,905172E+2	-1,925979E+0
1,905089E+2	-1,926070E+0
1,905485E+2	-1,925998E+0
1,905459E+2	-1,925702E+0
1,905800E+2	-1,925688E+0
1,905754E+2	-1,925815E+0
1,906212E+2	-1,925564E+0
1,906136E+2	-1,925489E+0
1,906444E+2	-1,925450E+0
1,906447E+2	-1,925012E+0
1,906807E+2	-1,925311E+0
1,906767E+2	-1,925054E+0
1,907215E+2	-1,924881E+0
1,907149E+2	-1,924716E+0
1,907475E+2	-1,924432E+0
1,907434E+2	-1,924614E+0
1,907817E+2	-1,924434E+0
1,907792E+2	-1,924435E+0
1,908128E+2	-1,924314E+0
1,908137E+2	-1,924181E+0
1,908476E+2	-1,923880E+0
1,908480E+2	-1,923905E+0
1,908857E+2	-1,923956E+0
1,908821E+2	-1,923732E+0
1,909135E+2	-1,923628E+0
1,909142E+2	-1,923527E+0
1,909485E+2	-1,923376E+0
1,909481E+2	-1,923158E+0
1,909857E+2	-1,923060E+0
1,909840E+2	-1,922996E+0
1,910110E+2	-1,922849E+0
1,910138E+2	-1,922569E+0
1,910502E+2	-1,922800E+0
1,910543E+2	-1,922503E+0
1,910765E+2	-1,922356E+0
1,910829E+2	-1,922361E+0
1,911122E+2	-1,922346E+0
1,911194E+2	-1,922070E+0
1,911503E+2	-1,922174E+0
1,911499E+2	-1,921989E+0
1,911783E+2	-1,921837E+0
1,911888E+2	-1,921818E+0
1,912129E+2	-1,921777E+0
1,912171E+2	-1,921418E+0
1,912468E+2	-1,921425E+0
1,912486E+2	-1,921261E+0
1,912765E+2	-1,921327E+0
1,912885E+2	-1,921218E+0
1,913143E+2	-1,921151E+0
1,913184E+2	-1,920879E+0
1,913419E+2	-1,920724E+0
1,913489E+2	-1,920656E+0
1,913758E+2	-1,920666E+0
1,913902E+2	-1,920502E+0
1,914164E+2	-1,920350E+0
1,914228E+2	-1,920375E+0
1,914402E+2	-1,920155E+0
1,914537E+2	-1,920048E+0
1,914793E+2	-1,920006E+0
1,914876E+2	-1,919984E+0
1,915109E+2	-1,919705E+0
1,915212E+2	-1,919654E+0
1,915397E+2	-1,919448E+0
1,915553E+2	-1,919503E+0
1,915802E+2	-1,919441E+0
1,915874E+2	-1,919383E+0
1,916038E+2	-1,919128E+0
1,916194E+2	-1,919263E+0
1,916384E+2	-1,919034E+0
1,916600E+2	-1,918556E+0
1,916775E+2	-1,918671E+0
1,916861E+2	-1,918664E+0
1,917040E+2	-1,918552E+0
1,917264E+2	-1,918438E+0
1,917418E+2	-1,918445E+0
1,917571E+2	-1,918029E+0
1,917757E+2	-1,918073E+0
1,917862E+2	-1,918021E+0
1,918020E+2	-1,917878E+0
1,918284E+2	-1,917837E+0
1,918431E+2	-1,917798E+0
1,918574E+2	-1,917944E+0
1,918662E+2	-1,917742E+0
1,918896E+2	-1,917644E+0
1,919041E+2	-1,917470E+0
1,919337E+2	-1,917470E+0
1,919395E+2	-1,917308E+0
1,919579E+2	-1,917283E+0
1,919670E+2	-1,917067E+0
1,919973E+2	-1,916916E+0
1,920057E+2	-1,916926E+0
1,920173E+2	-1,916727E+0
1,920317E+2	-1,916512E+0
1,920585E+2	-1,916608E+0
1,920657E+2	-1,916582E+0
1,920925E+2	-1,916483E+0
1,921029E+2	-1,916281E+0
1,921238E+2	-1,916255E+0
1,921291E+2	-1,916251E+0
1,921557E+2	-1,916042E+0
1,921620E+2	-1,915947E+0
1,921898E+2	-1,915801E+0
1,922007E+2	-1,915660E+0
1,922233E+2	-1,915394E+0
1,922269E+2	-1,915636E+0
1,922650E+2	-1,915171E+0
1,922674E+2	-1,915271E+0
1,922857E+2	-1,915047E+0
1,922899E+2	-1,915002E+0
1,923272E+2	-1,915138E+0
1,923266E+2	-1,914987E+0
1,923608E+2	-1,914705E+0
1,923620E+2	-1,914615E+0
1,923920E+2	-1,914812E+0
1,923915E+2	-1,914552E+0
1,924295E+2	-1,914426E+0
1,924268E+2	-1,914471E+0
1,924518E+2	-1,914171E+0
1,924572E+2	-1,914285E+0
1,924930E+2	-1,914166E+0
1,924871E+2	-1,914023E+0
1,925278E+2	-1,913846E+0
1,925258E+2	-1,913706E+0
1,925504E+2	-1,913701E+0
1,925496E+2	-1,913740E+0
1,925902E+2	-1,913589E+0
1,925851E+2	-1,913461E+0
1,926170E+2	-1,913423E+0
1,926191E+2	-1,913249E+0
1,926549E+2	-1,913271E+0
1,926491E+2	-1,913188E+0
1,926889E+2	-1,913001E+0
1,926840E+2	-1,912841E+0
1,927204E+2	-1,912926E+0
1,927125E+2	-1,912559E+0
1,927538E+2	-1,912661E+0
1,927449E+2	-1,912445E+0
1,927829E+2	-1,912480E+0
1,927811E+2	-1,912488E+0
1,928178E+2	-1,912306E+0
1,928098E+2	-1,912476E+0
1,928504E+2	-1,912289E+0
1,928432E+2	-1,912186E+0
1,928828E+2	-1,911891E+0
1,928756E+2	-1,911977E+0
1,929144E+2	-1,911829E+0
1,929031E+2	-1,911728E+0
1,929491E+2	-1,911832E+0
1,929412E+2	-1,911575E+0
1,929788E+2	-1,911584E+0
1,929653E+2	-1,911202E+0
1,930110E+2	-1,911235E+0
1,929997E+2	-1,911183E+0
1,930422E+2	-1,910975E+0
1,930373E+2	-1,911000E+0
1,930740E+2	-1,910895E+0
1,930634E+2	-1,910898E+0
1,931103E+2	-1,910749E+0
1,930987E+2	-1,910795E+0
1,931391E+2	-1,910506E+0
1,931303E+2	-1,910291E+0
1,931700E+2	-1,910352E+0
1,931589E+2	-1,910308E+0
1,932054E+2	-1,910113E+0
1,931974E+2	-1,910150E+0
1,932334E+2	-1,910154E+0
1,932225E+2	-1,909859E+0
1,932672E+2	-1,909943E+0
1,932556E+2	-1,909731E+0
1,932986E+2	-1,909530E+0
1,932908E+2	-1,909543E+0
1,933289E+2	-1,909507E+0
1,933183E+2	-1,909453E+0
1,933643E+2	-1,909402E+0
1,933551E+2	-1,909323E+0
1,933918E+2	-1,909210E+0
1,933812E+2	-1,909039E+0
1,934246E+2	-1,908984E+0
1,934139E+2	-1,908992E+0
1,934575E+2	-1,908767E+0
1,934500E+2	-1,908759E+0
1,934879E+2	-1,908831E+0
1,934775E+2	-1,908543E+0
1,935193E+2	-1,908464E+0
1,935094E+2	-1,908299E+0
1,935495E+2	-1,908196E+0
1,935450E+2	-1,908159E+0
1,935791E+2	-1,908146E+0
1,935721E+2	-1,907951E+0
1,936197E+2	-1,907882E+0
1,936082E+2	-1,907837E+0
1,936416E+2	-1,907906E+0
1,936346E+2	-1,907675E+0
1,936751E+2	-1,907762E+0
1,936670E+2	-1,907479E+0
1,937069E+2	-1,907408E+0
1,937023E+2	-1,907217E+0
1,937364E+2	-1,907212E+0
1,937288E+2	-1,907174E+0
1,937691E+2	-1,907006E+0
1,937627E+2	-1,906823E+0
1,937992E+2	-1,906889E+0
1,937945E+2	-1,906697E+0
1,938266E+2	-1,906804E+0
1,938240E+2	-1,906548E+0
1,938679E+2	-1,906654E+0
1,938600E+2	-1,906703E+0
1,938911E+2	-1,906389E+0
1,938869E+2	-1,906336E+0
1,939280E+2	-1,906350E+0
1,939194E+2	-1,906097E+0
1,939545E+2	-1,906118E+0
1,939536E+2	-1,905946E+0
1,939875E+2	-1,905867E+0
1,939820E+2	-1,905834E+0
1,940228E+2	-1,905750E+0
1,940183E+2	-1,905726E+0
1,940494E+2	-1,905662E+0
1,940468E+2	-1,905480E+0
1,940820E+2	-1,905611E+0
1,940756E+2	-1,905482E+0
1,941148E+2	-1,905154E+0
1,941120E+2	-1,905379E+0
1,941404E+2	-1,905245E+0
1,941390E+2	-1,905060E+0
1,941769E+2	-1,904896E+0
1,941700E+2	-1,905169E+0
1,942026E+2	-1,904897E+0
1,942050E+2	-1,904882E+0
1,942352E+2	-1,904625E+0
1,942333E+2	-1,904753E+0
1,942726E+2	-1,904652E+0
1,942679E+2	-1,904570E+0
1,942967E+2	-1,904303E+0
1,942959E+2	-1,904366E+0
1,943279E+2	-1,904318E+0
1,943319E+2	-1,904122E+0
1,943605E+2	-1,904121E+0
1,943624E+2	-1,904102E+0
1,943900E+2	-1,904210E+0
1,943916E+2	-1,903983E+0
1,944242E+2	-1,903844E+0
1,944286E+2	-1,903660E+0
1,944495E+2	-1,903656E+0
1,944546E+2	-1,903738E+0
1,944827E+2	-1,903524E+0
1,944908E+2	-1,903348E+0
1,945193E+2	-1,903402E+0
1,945166E+2	-1,903267E+0
1,945415E+2	-1,903323E+0
1,945517E+2	-1,903074E+0
1,945777E+2	-1,903000E+0
1,945810E+2	-1,903347E+0
1,946072E+2	-1,903154E+0
1,946139E+2	-1,902922E+0
1,946361E+2	-1,902885E+0
1,946450E+2	-1,902752E+0
1,946716E+2	-1,902680E+0
1,946732E+2	-1,902657E+0
1,946970E+2	-1,902598E+0
1,947053E+2	-1,902615E+0
1,947282E+2	-1,902417E+0
1,947440E+2	-1,902399E+0
1,947651E+2	-1,902189E+0
1,947692E+2	-1,902275E+0
1,947894E+2	-1,902113E+0
1,948079E+2	-1,902081E+0
1,948269E+2	-1,901917E+0
1,948368E+2	-1,901862E+0
1,948554E+2	-1,901859E+0
1,948640E+2	-1,901782E+0
1,948825E+2	-1,901578E+0
1,949026E+2	-1,901568E+0
1,949197E+2	-1,901541E+0
1,949222E+2	-1,901598E+0
1,949414E+2	-1,901582E+0
1,949613E+2	-1,901281E+0
1,949754E+2	-1,901260E+0
1,949915E+2	-1,901291E+0
1,950092E+2	-1,901181E+0
1,950243E+2	-1,901042E+0
1,950337E+2	-1,901008E+0
1,950554E+2	-1,901040E+0
1,950707E+2	-1,900939E+0
1,950859E+2	-1,900920E+0
1,950986E+2	-1,900736E+0
1,951174E+2	-1,900666E+0
1,951280E+2	-1,900485E+0
1,951555E+2	-1,900257E+0
1,951631E+2	-1,900550E+0
1,951753E+2	-1,900174E+0
1,951873E+2	-1,900272E+0
1,952139E+2	-1,900249E+0
1,952191E+2	-1,900111E+0
1,952441E+2	-1,900212E+0
1,952544E+2	-1,899979E+0
1,952702E+2	-1,899990E+0
1,952790E+2	-1,899985E+0
1,953075E+2	-1,899667E+0
1,953148E+2	-1,899746E+0
1,953365E+2	-1,899552E+0
1,953398E+2	-1,899635E+0
1,953660E+2	-1,899413E+0
1,953720E+2	-1,899514E+0
1,953983E+2	-1,899169E+0
1,954062E+2	-1,899325E+0
1,954279E+2	-1,899218E+0
1,954299E+2	-1,898870E+0
1,954590E+2	-1,898957E+0
1,954630E+2	-1,899125E+0
1,954924E+2	-1,899066E+0
1,954960E+2	-1,898813E+0
1,955232E+2	-1,898729E+0
1,955235E+2	-1,898753E+0
1,955587E+2	-1,898616E+0
1,955570E+2	-1,898396E+0
1,955801E+2	-1,898806E+0
1,955843E+2	-1,898608E+0
1,956168E+2	-1,898325E+0
1,956130E+2	-1,898310E+0
1,956489E+2	-1,898286E+0
1,956482E+2	-1,898288E+0
1,956793E+2	-1,897933E+0
1,956716E+2	-1,897778E+0
1,957066E+2	-1,897861E+0
1,957031E+2	-1,898010E+0
1,957402E+2	-1,898049E+0
1,957368E+2	-1,897822E+0
1,957678E+2	-1,897754E+0
1,957638E+2	-1,897709E+0
1,958004E+2	-1,897803E+0
1,957961E+2	-1,897566E+0
1,958288E+2	-1,897508E+0
1,958213E+2	-1,897513E+0
1,958585E+2	-1,897409E+0
1,958537E+2	-1,897185E+0
1,958912E+2	-1,897208E+0
1,958858E+2	-1,897251E+0
1,959190E+2	-1,896831E+0
1,959099E+2	-1,897006E+0
1,959508E+2	-1,897055E+0
1,959422E+2	-1,896905E+0
1,959776E+2	-1,896865E+0
1,959753E+2	-1,896706E+0
1,960116E+2	-1,896778E+0
1,960008E+2	-1,896809E+0
1,960426E+2	-1,896571E+0
1,960353E+2	-1,896551E+0
1,960693E+2	-1,896454E+0
1,960633E+2	-1,896295E+0
1,961003E+2	-1,896396E+0
1,960909E+2	-1,896162E+0
1,961345E+2	-1,896293E+0
1,961251E+2	-1,896038E+0
1,961614E+2	-1,895990E+0
1,961501E+2	-1,895991E+0
1,961912E+2	-1,895935E+0
1,961792E+2	-1,895879E+0
1,962213E+2	-1,895788E+0
1,962146E+2	-1,895697E+0
1,962517E+2	-1,895647E+0
1,962399E+2	-1,895716E+0
1,962844E+2	-1,895611E+0
1,962742E+2	-1,895419E+0
1,963106E+2	-1,895566E+0
1,962976E+2	-1,895416E+0
1,963376E+2	-1,895308E+0
1,963273E+2	-1,895307E+0
1,963705E+2	-1,895280E+0
1,963620E+2	-1,895112E+0
1,963969E+2	-1,895253E+0
1,963846E+2	-1,894940E+0
1,964274E+2	-1,894937E+0
1,964152E+2	-1,894912E+0
1,964569E+2	-1,894607E+0
1,964501E+2	-1,894668E+0
1,964855E+2	-1,894689E+0
1,964740E+2	-1,894623E+0
1,965193E+2	-1,894459E+0
1,965083E+2	-1,894578E+0
1,965452E+2	-1,894392E+0
1,965325E+2	-1,894501E+0
1,965744E+2	-1,894436E+0
1,965632E+2	-1,894236E+0
1,966057E+2	-1,894148E+0
1,965968E+2	-1,894173E+0
1,966302E+2	-1,894151E+0
1,966209E+2	-1,894217E+0
1,966656E+2	-1,893971E+0
1,966545E+2	-1,893822E+0
1,966890E+2	-1,893818E+0
1,966819E+2	-1,893860E+0
1,967210E+2	-1,893903E+0
1,967101E+2	-1,893766E+0
1,967522E+2	-1,893633E+0
1,967434E+2	-1,893731E+0
1,967776E+2	-1,893687E+0
1,967686E+2	-1,893334E+0
1,968078E+2	-1,893126E+0
1,967986E+2	-1,893120E+0
1,968348E+2	-1,893219E+0
1,968310E+2	-1,893198E+0
1,968621E+2	-1,892982E+0
1,968563E+2	-1,893035E+0
1,968990E+2	-1,893159E+0
1,968906E+2	-1,893148E+0
1,969207E+2	-1,892874E+0
1,969164E+2	-1,892719E+0
1,969517E+2	-1,892707E+0
1,969442E+2	-1,892706E+0
1,969835E+2	-1,892676E+0
1,969903E+2	-1,892661E+0
1,970092E+2	-1,892510E+0
1,970029E+2	-1,892476E+0
1,970393E+2	-1,892472E+0
1,970325E+2	-1,892483E+0
1,970668E+2	-1,892387E+0
1,970644E+2	-1,892231E+0
1,970963E+2	-1,892255E+0
1,970921E+2	-1,892094E+0
1,971300E+2	-1,892348E+0
1,971249E+2	-1,892049E+0
1,971537E+2	-1,892018E+0
1,971514E+2	-1,891928E+0
1,971848E+2	-1,891962E+0
1,971787E+2	-1,891820E+0
1,972156E+2	-1,891772E+0
1,972131E+2	-1,891876E+0
1,972396E+2	-1,891704E+0
1,972381E+2	-1,891688E+0
1,972738E+2	-1,891453E+0
1,972670E+2	-1,891658E+0
1,972968E+2	-1,891639E+0
1,972996E+2	-1,891340E+0
1,973281E+2	-1,891240E+0
1,973267E+2	-1,891282E+0
1,973639E+2	-1,891188E+0
1,973585E+2	-1,891089E+0
1,973840E+2	-1,891097E+0
1,973863E+2	-1,891104E+0
1,974152E+2	-1,890964E+0
1,974198E+2	-1,890913E+0
1,974463E+2	-1,891007E+0
1,974466E+2	-1,890737E+0
1,974699E+2	-1,890677E+0
1,974769E+2	-1,890555E+0
1,975042E+2	-1,890756E+0
1,975049E+2	-1,890650E+0
1,975275E+2	-1,890449E+0
1,975317E+2	-1,890313E+0
1,975613E+2	-1,890389E+0
1,975685E+2	-1,890404E+0
1,975914E+2	-1,890260E+0
1,975927E+2	-1,890280E+0
1,976149E+2	-1,890186E+0
1,976267E+2	-1,890289E+0
1,976482E+2	-1,890139E+0
1,976513E+2	-1,890002E+0
1,976717E+2	-1,890185E+0
1,976772E+2	-1,889813E+0
1,977013E+2	-1,889775E+0
1,977119E+2	-1,889947E+0
1,977375E+2	-1,889851E+0
1,977421E+2	-1,889682E+0
1,977568E+2	-1,889794E+0
1,977690E+2	-1,889769E+0
1,977901E+2	-1,889539E+0
1,978056E+2	-1,889296E+0
1,978186E+2	-1,889391E+0
1,978280E+2	-1,889540E+0
1,978441E+2	-1,889486E+0
1,978614E+2	-1,889514E+0
1,978776E+2	-1,889025E+0
1,978795E+2	-1,889029E+0
1,978983E+2	-1,889137E+0
1,979145E+2	-1,889089E+0
1,979304E+2	-1,888909E+0
1,979437E+2	-1,889176E+0
1,979612E+2	-1,888978E+0
1,979738E+2	-1,888954E+0
1,979845E+2	-1,888757E+0
1,980027E+2	-1,888755E+0
1,980212E+2	-1,888786E+0
1,980301E+2	-1,888505E+0
1,980438E+2	-1,888411E+0
1,980596E+2	-1,888674E+0
1,980730E+2	-1,888582E+0
1,980967E+2	-1,888557E+0
1,981081E+2	-1,888643E+0
1,981159E+2	-1,888243E+0
1,981290E+2	-1,888405E+0
1,981525E+2	-1,888344E+0
