8,039315E+1	-2,981593E-1
8,047182E+1	-2,979819E-1
8,040819E+1	-2,980872E-1
8,046721E+1	-2,981542E-1
8,039950E+1	-2,981657E-1
8,046043E+1	-2,989030E-1
8,040124E+1	-2,999953E-1
8,045566E+1	-3,005324E-1
8,040655E+1	-3,004444E-1
8,044795E+1	-3,002704E-1
8,038894E+1	-3,003651E-1
8,044796E+1	-2,997749E-1
8,039022E+1	-2,997812E-1
8,043602E+1	-2,980835E-1
8,038472E+1	-2,971361E-1
8,042777E+1	-2,967397E-1
8,037122E+1	-2,969507E-1
8,043823E+1	-2,967663E-1
8,037459E+1	-2,964673E-1
8,040826E+1	-2,938570E-1
8,035410E+1	-2,919474E-1
8,040755E+1	-2,919212E-1
8,034801E+1	-2,898333E-1
8,038961E+1	-2,875259E-1
8,032754E+1	-2,847322E-1
8,035361E+1	-2,843418E-1
8,028926E+1	-2,835138E-1
8,033490E+1	-2,816735E-1
8,028957E+1	-2,805064E-1
8,032724E+1	-2,797925E-1
8,028416E+1	-2,792529E-1
8,034371E+1	-2,786596E-1
8,030116E+1	-2,780351E-1
8,037285E+1	-2,775538E-1
8,034262E+1	-2,768015E-1
8,039207E+1	-2,768093E-1
8,037787E+1	-2,761373E-1
8,046303E+1	-2,761537E-1
8,045242E+1	-2,754398E-1
8,050754E+1	-2,754021E-1
8,051736E+1	-2,756027E-1
8,058887E+1	-2,754924E-1
8,058652E+1	-2,752716E-1
8,067626E+1	-2,748294E-1
8,067899E+1	-2,745881E-1
8,074738E+1	-2,746636E-1
8,073787E+1	-2,745180E-1
8,082523E+1	-2,748198E-1
8,080732E+1	-2,752049E-1
8,087578E+1	-2,756138E-1
8,087707E+1	-2,754121E-1
8,092256E+1	-2,754214E-1
8,093479E+1	-2,752241E-1
8,100509E+1	-2,755040E-1
8,099278E+1	-2,751741E-1
8,103431E+1	-2,750810E-1
8,103755E+1	-2,750377E-1
8,109029E+1	-2,749535E-1
8,110178E+1	-2,746525E-1
8,114436E+1	-2,745264E-1
8,113666E+1	-2,744620E-1
8,117055E+1	-2,743482E-1
8,118311E+1	-2,739474E-1
8,122757E+1	-2,733635E-1
8,121511E+1	-2,733780E-1
8,124348E+1	-2,733938E-1
8,124622E+1	-2,732172E-1
8,127745E+1	-2,725764E-1
8,129639E+1	-2,724267E-1
8,132465E+1	-2,719221E-1
8,131432E+1	-2,714723E-1
8,132993E+1	-2,708868E-1
8,135169E+1	-2,709185E-1
8,138441E+1	-2,703465E-1
8,138074E+1	-2,698114E-1
8,140308E+1	-2,694721E-1
8,141773E+1	-2,693186E-1
8,143684E+1	-2,685315E-1
8,144476E+1	-2,679570E-1
8,147290E+1	-2,680967E-1
8,146870E+1	-2,678246E-1
8,147709E+1	-2,667179E-1
8,149042E+1	-2,663394E-1
8,151651E+1	-2,673561E-1
8,162820E+1	-2,653570E-1
8,167487E+1	-2,636345E-1
8,168194E+1	-2,631075E-1
8,168144E+1	-2,624159E-1
8,171050E+1	-2,619313E-1
8,171587E+1	-2,615844E-1
8,172705E+1	-2,608678E-1
8,172312E+1	-2,602471E-1
8,175709E+1	-2,598788E-1
8,176593E+1	-2,594302E-1
8,181398E+1	-2,591300E-1
8,180694E+1	-2,585205E-1
8,183246E+1	-2,579408E-1
8,183151E+1	-2,576573E-1
8,186760E+1	-2,571104E-1
8,188726E+1	-2,566246E-1
8,191651E+1	-2,562992E-1
8,192782E+1	-2,557745E-1
8,196521E+1	-2,549054E-1
8,195658E+1	-2,545385E-1
8,200338E+1	-2,543127E-1
8,201790E+1	-2,535902E-1
8,204243E+1	-2,531475E-1
8,204240E+1	-2,524743E-1
8,209252E+1	-2,520339E-1
8,209097E+1	-2,517867E-1
8,216024E+1	-2,512563E-1
8,214999E+1	-2,508372E-1
8,218825E+1	-2,505253E-1
8,218267E+1	-2,497196E-1
8,225075E+1	-2,490422E-1
8,224529E+1	-2,486865E-1
8,229975E+1	-2,484179E-1
8,228563E+1	-2,478714E-1
8,234893E+1	-2,474134E-1
8,233724E+1	-2,474894E-1
8,241849E+1	-2,468296E-1
8,239426E+1	-2,464497E-1
8,244707E+1	-2,458268E-1
8,243218E+1	-2,455336E-1
8,249956E+1	-2,450410E-1
8,248874E+1	-2,447601E-1
8,255244E+1	-2,443552E-1
8,255269E+1	-2,440147E-1
8,261140E+1	-2,436033E-1
8,258956E+1	-2,432858E-1
8,267370E+1	-2,427706E-1
8,266147E+1	-2,423545E-1
8,271158E+1	-2,423577E-1
8,269733E+1	-2,415854E-1
8,278426E+1	-2,410501E-1
8,276272E+1	-2,407198E-1
8,284933E+1	-2,404473E-1
8,282935E+1	-2,399154E-1
8,290132E+1	-2,395508E-1
8,287056E+1	-2,394980E-1
8,296602E+1	-2,389121E-1
8,294317E+1	-2,386299E-1
8,300922E+1	-2,380613E-1
8,299519E+1	-2,373843E-1
8,308362E+1	-2,373219E-1
8,305287E+1	-2,369241E-1
8,314581E+1	-2,363325E-1
8,312541E+1	-2,362364E-1
8,319342E+1	-2,355452E-1
8,316787E+1	-2,356706E-1
8,326800E+1	-2,352095E-1
8,323331E+1	-2,347721E-1
8,333404E+1	-2,341515E-1
8,330363E+1	-2,340904E-1
8,339188E+1	-2,333653E-1
8,335695E+1	-2,331838E-1
8,345005E+1	-2,325609E-1
8,342344E+1	-2,323270E-1
8,351719E+1	-2,318981E-1
8,348527E+1	-2,318544E-1
8,358091E+1	-2,311841E-1
8,354611E+1	-2,309301E-1
8,364553E+1	-2,304515E-1
8,362336E+1	-2,300454E-1
8,371172E+1	-2,297090E-1
8,367439E+1	-2,295228E-1
8,378070E+1	-2,287868E-1
8,374399E+1	-2,288603E-1
8,384694E+1	-2,284703E-1
8,382289E+1	-2,278772E-1
8,391717E+1	-2,274056E-1
8,388032E+1	-2,271104E-1
8,398743E+1	-2,267988E-1
8,396161E+1	-2,262994E-1
8,405357E+1	-2,256802E-1
8,401582E+1	-2,253950E-1
8,412097E+1	-2,254526E-1
8,409056E+1	-2,249594E-1
8,419884E+1	-2,245021E-1
8,417237E+1	-2,237978E-1
8,426501E+1	-2,237013E-1
8,423160E+1	-2,235428E-1
8,433194E+1	-2,230121E-1
8,430350E+1	-2,246024E-1
8,440496E+1	-2,223753E-1
8,438179E+1	-2,220138E-1
8,447164E+1	-2,215873E-1
8,444487E+1	-2,215024E-1
8,454970E+1	-2,212320E-1
8,452999E+1	-2,207796E-1
8,461633E+1	-2,207212E-1
8,458070E+1	-2,202906E-1
8,468978E+1	-2,200456E-1
8,466282E+1	-2,193559E-1
8,476639E+1	-2,191798E-1
8,474367E+1	-2,192401E-1
8,483328E+1	-2,188804E-1
8,480523E+1	-2,186656E-1
8,491109E+1	-2,186862E-1
8,488452E+1	-2,183114E-1
8,497889E+1	-2,176390E-1
8,495737E+1	-2,170270E-1
8,504859E+1	-2,170222E-1
8,502483E+1	-2,166647E-1
8,513550E+1	-2,164677E-1
8,511207E+1	-2,164034E-1
8,519507E+1	-2,157525E-1
8,516894E+1	-2,156180E-1
8,527025E+1	-2,152206E-1
8,525008E+1	-2,147580E-1
8,533961E+1	-2,145048E-1
8,533235E+1	-2,142461E-1
8,541252E+1	-2,141866E-1
8,539871E+1	-2,138236E-1
8,550130E+1	-2,133143E-1
8,548331E+1	-2,128496E-1
8,556095E+1	-2,129958E-1
8,554571E+1	-2,125900E-1
8,564008E+1	-2,122213E-1
8,562389E+1	-2,118838E-1
8,572725E+1	-2,115656E-1
8,571038E+1	-2,113778E-1
8,578537E+1	-2,110160E-1
8,577241E+1	-2,107167E-1
8,586530E+1	-2,104279E-1
8,585002E+1	-2,100209E-1
8,593527E+1	-2,098873E-1
8,593298E+1	-2,097566E-1
8,601361E+1	-2,095395E-1
8,600041E+1	-2,089339E-1
8,609056E+1	-2,088556E-1
8,608298E+1	-2,084454E-1
8,615860E+1	-2,082641E-1
8,614979E+1	-2,080776E-1
8,623378E+1	-2,076084E-1
8,622815E+1	-2,072791E-1
8,631882E+1	-2,073001E-1
8,631044E+1	-2,071425E-1
8,637498E+1	-2,064608E-1
8,637436E+1	-2,061118E-1
8,646574E+1	-2,060923E-1
8,645113E+1	-2,054545E-1
8,653381E+1	-2,055550E-1
8,653930E+1	-2,050912E-1
8,660798E+1	-2,049702E-1
8,661114E+1	-2,043718E-1
8,669886E+1	-2,040037E-1
8,669500E+1	-2,039833E-1
8,675653E+1	-2,038299E-1
8,676136E+1	-2,035334E-1
8,684304E+1	-2,030920E-1
8,685528E+1	-2,028960E-1
8,692102E+1	-2,024008E-1
8,692974E+1	-2,023224E-1
8,698622E+1	-2,017361E-1
8,701045E+1	-2,014756E-1
8,708660E+1	-2,011133E-1
8,708935E+1	-2,009513E-1
8,714678E+1	-2,007459E-1
8,716661E+1	-2,003155E-1
8,723302E+1	-2,004191E-1
8,726294E+1	-1,998966E-1
8,732268E+1	-1,993002E-1
8,733094E+1	-1,991060E-1
8,738490E+1	-1,989334E-1
8,742503E+1	-1,986703E-1
8,748742E+1	-1,981645E-1
8,749989E+1	-1,976410E-1
8,754891E+1	-1,974095E-1
8,757914E+1	-1,969840E-1
8,763329E+1	-1,968081E-1
8,767782E+1	-1,965991E-1
8,772805E+1	-1,964515E-1
8,774362E+1	-1,961682E-1
8,779018E+1	-1,958098E-1
8,783710E+1	-1,954795E-1
8,789436E+1	-1,951410E-1
8,791519E+1	-1,948624E-1
8,795658E+1	-1,944369E-1
8,799889E+1	-1,944441E-1
8,804455E+1	-1,940606E-1
8,809903E+1	-1,935491E-1
8,813724E+1	-1,934799E-1
8,816167E+1	-1,929498E-1
8,820118E+1	-1,927707E-1
8,825036E+1	-1,925622E-1
8,830317E+1	-1,921814E-1
8,833291E+1	-1,919194E-1
8,836696E+1	-1,916751E-1
8,841292E+1	-1,912327E-1
8,844678E+1	-1,908319E-1
8,851281E+1	-1,908302E-1
8,854299E+1	-1,903974E-1
8,857126E+1	-1,902621E-1
8,860254E+1	-1,902200E-1
8,867226E+1	-1,897171E-1
8,869968E+1	-1,895650E-1
8,875020E+1	-1,894901E-1
8,878597E+1	-1,886857E-1
8,883949E+1	-1,885923E-1
8,885692E+1	-1,878388E-1
8,891632E+1	-1,879760E-1
8,895328E+1	-1,876688E-1
8,899250E+1	-1,873651E-1
8,901833E+1	-1,872390E-1
8,908026E+1	-1,866286E-1
8,910517E+1	-1,868677E-1
8,917871E+1	-1,859500E-1
8,920370E+1	-1,857692E-1
8,927321E+1	-1,858007E-1
8,927570E+1	-1,853205E-1
8,934550E+1	-1,848320E-1
8,937218E+1	-1,844740E-1
8,942599E+1	-1,845031E-1
8,944436E+1	-1,841470E-1
8,952957E+1	-1,835679E-1
8,953887E+1	-1,835041E-1
8,961253E+1	-1,830768E-1
8,963064E+1	-1,825193E-1
8,969725E+1	-1,825145E-1
8,970453E+1	-1,819096E-1
8,979972E+1	-1,815856E-1
8,980996E+1	-1,815355E-1
8,987933E+1	-1,809856E-1
8,987721E+1	-1,804007E-1
8,996500E+1	-1,800828E-1
8,996916E+1	-1,801690E-1
9,005031E+1	-1,795786E-1
9,006035E+1	-1,792451E-1
9,014908E+1	-1,789140E-1
9,014458E+1	-1,787283E-1
9,024557E+1	-1,783167E-1
9,023864E+1	-1,777609E-1
9,030680E+1	-1,774051E-1
9,031246E+1	-1,773595E-1
9,040875E+1	-1,772998E-1
9,040365E+1	-1,764435E-1
9,049946E+1	-1,761919E-1
9,049304E+1	-1,757376E-1
9,057765E+1	-1,757202E-1
9,056739E+1	-1,750852E-1
9,067527E+1	-1,748273E-1
9,066841E+1	-1,744941E-1
9,076156E+1	-1,742098E-1
9,074226E+1	-1,737237E-1
9,083896E+1	-1,733959E-1
9,082587E+1	-1,732107E-1
9,092742E+1	-1,725049E-1
9,091983E+1	-1,724622E-1
9,101743E+1	-1,720982E-1
9,100234E+1	-1,715396E-1
9,110523E+1	-1,713890E-1
9,109629E+1	-1,709399E-1
9,118633E+1	-1,706585E-1
9,116837E+1	-1,700868E-1
9,127844E+1	-1,701868E-1
9,126308E+1	-1,694711E-1
9,136557E+1	-1,692628E-1
9,134881E+1	-1,685240E-1
9,145018E+1	-1,683584E-1
9,143122E+1	-1,677372E-1
9,153879E+1	-1,675030E-1
9,153106E+1	-1,673986E-1
9,162695E+1	-1,667330E-1
9,160356E+1	-1,663615E-1
9,171191E+1	-1,658552E-1
9,169615E+1	-1,658289E-1
9,180025E+1	-1,652084E-1
9,178342E+1	-1,646715E-1
9,188945E+1	-1,643617E-1
9,186782E+1	-1,640373E-1
9,197952E+1	-1,635920E-1
9,196616E+1	-1,629653E-1
9,206359E+1	-1,627199E-1
9,204235E+1	-1,622586E-1
9,215297E+1	-1,616725E-1
9,214087E+1	-1,611537E-1
9,223947E+1	-1,606467E-1
9,221416E+1	-1,605461E-1
9,232764E+1	-1,597360E-1
9,230772E+1	-1,593204E-1
9,241383E+1	-1,589585E-1
9,240572E+1	-1,586104E-1
9,250478E+1	-1,578680E-1
9,248562E+1	-1,576903E-1
9,259226E+1	-1,574380E-1
9,258302E+1	-1,568187E-1
9,267896E+1	-1,560488E-1
9,266262E+1	-1,557510E-1
9,276426E+1	-1,559886E-1
9,274842E+1	-1,547857E-1
9,285618E+1	-1,541094E-1
9,284809E+1	-1,535385E-1
9,294023E+1	-1,533555E-1
9,292322E+1	-1,526157E-1
9,302974E+1	-1,519554E-1
9,301637E+1	-1,516689E-1
9,311461E+1	-1,510683E-1
9,310766E+1	-1,505949E-1
9,319896E+1	-1,500017E-1
9,318809E+1	-1,495236E-1
9,330061E+1	-1,489533E-1
9,328457E+1	-1,482944E-1
9,336864E+1	-1,477263E-1
9,335454E+1	-1,472488E-1
9,345932E+1	-1,465443E-1
9,344625E+1	-1,458624E-1
9,354942E+1	-1,453551E-1
9,354401E+1	-1,449186E-1
9,362605E+1	-1,443023E-1
9,361858E+1	-1,434555E-1
9,372270E+1	-1,429624E-1
9,370353E+1	-1,421943E-1
9,380130E+1	-1,415353E-1
9,379714E+1	-1,409634E-1
9,388028E+1	-1,401268E-1
9,387371E+1	-1,397007E-1
9,397411E+1	-1,389027E-1
9,396644E+1	-1,384916E-1
9,404681E+1	-1,377181E-1
9,404209E+1	-1,368222E-1
9,413774E+1	-1,361332E-1
9,413037E+1	-1,351049E-1
9,423493E+1	-1,342088E-1
9,422618E+1	-1,335542E-1
9,430316E+1	-1,327867E-1
9,429893E+1	-1,320751E-1
9,440002E+1	-1,312208E-1
9,438572E+1	-1,306605E-1
9,447884E+1	-1,296459E-1
9,448196E+1	-1,288075E-1
9,455986E+1	-1,276330E-1
9,455654E+1	-1,268938E-1
9,465321E+1	-1,259365E-1
9,464450E+1	-1,249834E-1
9,472219E+1	-1,241982E-1
9,473454E+1	-1,235099E-1
9,481164E+1	-1,225433E-1
9,481234E+1	-1,211592E-1
9,490754E+1	-1,201415E-1
9,490605E+1	-1,190690E-1
9,497542E+1	-1,182727E-1
9,497746E+1	-1,169596E-1
9,507361E+1	-1,156942E-1
9,507951E+1	-1,147832E-1
9,514786E+1	-1,133917E-1
9,516124E+1	-1,125138E-1
9,523462E+1	-1,114217E-1
9,524984E+1	-1,100017E-1
9,532593E+1	-1,089395E-1
9,533458E+1	-1,076969E-1
9,540235E+1	-1,063910E-1
9,541804E+1	-1,049373E-1
9,549098E+1	-1,034171E-1
9,550925E+1	-1,021724E-1
9,558765E+1	-1,006996E-1
9,560319E+1	-9,972136E-2
9,565466E+1	-9,786363E-2
9,567861E+1	-9,625580E-2
9,575770E+1	-9,482289E-2
9,578321E+1	-9,334245E-2
9,582772E+1	-9,164552E-2
9,585644E+1	-9,058212E-2
9,591351E+1	-8,844503E-2
9,594199E+1	-8,680790E-2
9,601583E+1	-8,501073E-2
9,602791E+1	-8,355252E-2
9,608291E+1	-8,149882E-2
9,611215E+1	-7,978879E-2
9,618332E+1	-7,815510E-2
9,620362E+1	-7,602715E-2
9,627082E+1	-7,436140E-2
9,629675E+1	-7,221021E-2
9,633930E+1	-6,994966E-2
9,637353E+1	-6,787403E-2
9,643782E+1	-6,569967E-2
9,648086E+1	-6,344505E-2
9,651791E+1	-6,154541E-2
9,655004E+1	-5,927851E-2
9,659574E+1	-5,685206E-2
9,663697E+1	-5,446599E-2
9,669896E+1	-5,169769E-2
9,672392E+1	-4,943430E-2
9,676252E+1	-4,667714E-2
9,680948E+1	-4,400898E-2
9,685288E+1	-4,134825E-2
9,691119E+1	-3,883580E-2
9,694956E+1	-3,573032E-2
9,697881E+1	-3,324127E-2
9,702096E+1	-3,032260E-2
9,707614E+1	-2,718628E-2
9,711653E+1	-2,432510E-2
9,716193E+1	-2,131970E-2
9,720270E+1	-1,818820E-2
9,724036E+1	-1,495333E-2
9,727591E+1	-1,154429E-2
9,734278E+1	-8,718773E-3
9,738012E+1	-5,046569E-3
9,740651E+1	-1,198088E-3
9,744573E+1	2,204770E-3
9,751214E+1	5,851653E-3
9,754412E+1	9,515777E-3
9,762079E+1	1,341866E-2
9,763574E+1	1,711373E-2
9,768974E+1	2,109863E-2
9,770977E+1	2,504350E-2
9,777326E+1	2,907539E-2
9,780935E+1	3,345003E-2
9,786669E+1	3,734789E-2
9,789495E+1	4,225910E-2
9,795367E+1	4,616775E-2
9,797722E+1	5,046100E-2
9,805816E+1	5,529429E-2
9,807207E+1	5,991030E-2
9,812132E+1	6,444098E-2
9,814650E+1	6,941117E-2
9,821242E+1	7,392597E-2
9,823640E+1	7,887544E-2
9,831856E+1	8,325734E-2
9,833294E+1	8,807274E-2
9,840590E+1	9,293496E-2
9,840723E+1	9,718072E-2
9,848072E+1	1,018530E-1
9,850363E+1	1,063022E-1
9,857282E+1	1,104010E-1
9,858196E+1	1,144473E-1
9,865906E+1	1,184480E-1
9,866783E+1	1,216939E-1
9,874820E+1	1,255479E-1
9,876045E+1	1,284131E-1
9,882908E+1	1,315921E-1
9,883418E+1	1,342960E-1
9,892043E+1	1,368886E-1
9,892568E+1	1,385647E-1
9,901293E+1	1,399706E-1
9,901954E+1	1,410314E-1
9,909896E+1	1,422314E-1
9,909748E+1	1,425643E-1
9,918897E+1	1,426547E-1
9,918947E+1	1,423089E-1
9,926396E+1	1,413053E-1
9,927233E+1	1,402596E-1
9,935999E+1	1,388280E-1
9,935190E+1	1,366260E-1
9,945044E+1	1,343392E-1
9,944903E+1	1,313499E-1
9,952200E+1	1,278120E-1
9,951682E+1	1,245510E-1
9,961839E+1	1,206132E-1
9,960792E+1	1,163986E-1
9,969487E+1	1,113294E-1
9,969922E+1	1,061629E-1
9,978966E+1	1,014838E-1
9,977727E+1	9,626812E-2
9,987898E+1	9,098442E-2
9,986819E+1	8,449000E-2
9,996104E+1	7,847992E-2
9,995010E+1	7,251771E-2
1,000443E+2	6,589419E-2
1,000336E+2	5,949701E-2
1,001346E+2	5,320385E-2
1,001267E+2	4,656210E-2
1,002178E+2	3,987922E-2
1,002026E+2	3,266702E-2
1,003048E+2	2,619472E-2
1,002902E+2	1,952702E-2
1,003967E+2	1,287711E-2
1,003840E+2	6,373274E-3
1,004763E+2	-2,338235E-4
1,004590E+2	-6,846680E-3
1,005610E+2	-1,342373E-2
1,005443E+2	-1,905893E-2
1,006456E+2	-2,544748E-2
1,006346E+2	-3,146107E-2
1,007315E+2	-3,730767E-2
1,007127E+2	-4,307531E-2
1,008154E+2	-4,797712E-2
1,008044E+2	-5,366598E-2
1,008967E+2	-5,871951E-2
1,008826E+2	-6,348866E-2
1,009781E+2	-6,881685E-2
1,009629E+2	-7,339611E-2
1,010698E+2	-7,747620E-2
1,010568E+2	-8,176266E-2
1,011449E+2	-8,581071E-2
1,011319E+2	-9,005582E-2
1,012307E+2	-9,349799E-2
1,012151E+2	-9,714470E-2
1,013141E+2	-1,005107E-1
1,013040E+2	-1,038468E-1
1,013955E+2	-1,067935E-1
1,013809E+2	-1,097408E-1
1,014824E+2	-1,121948E-1
1,014727E+2	-1,148095E-1
1,015614E+2	-1,174740E-1
1,015519E+2	-1,192956E-1
1,016398E+2	-1,216627E-1
1,016289E+2	-1,236950E-1
1,017368E+2	-1,255437E-1
1,017210E+2	-1,274640E-1
1,018038E+2	-1,289882E-1
1,017908E+2	-1,306920E-1
1,018895E+2	-1,322086E-1
1,018763E+2	-1,335561E-1
1,019719E+2	-1,343229E-1
1,019667E+2	-1,356751E-1
1,020478E+2	-1,367896E-1
1,020387E+2	-1,375456E-1
1,021385E+2	-1,388753E-1
1,021256E+2	-1,396219E-1
1,022077E+2	-1,405119E-1
1,022039E+2	-1,412917E-1
1,022904E+2	-1,418377E-1
1,022822E+2	-1,426779E-1
1,023787E+2	-1,426546E-1
1,023683E+2	-1,436389E-1
1,024477E+2	-1,441151E-1
1,024329E+2	-1,446926E-1
1,025272E+2	-1,452724E-1
1,025181E+2	-1,455889E-1
1,026048E+2	-1,460419E-1
1,026070E+2	-1,465540E-1
1,026846E+2	-1,469731E-1
1,026784E+2	-1,470246E-1
1,027648E+2	-1,476674E-1
1,027581E+2	-1,478434E-1
1,028420E+2	-1,482250E-1
1,028429E+2	-1,485994E-1
1,029160E+2	-1,485620E-1
1,029177E+2	-1,488009E-1
1,030063E+2	-1,494546E-1
1,030075E+2	-1,500389E-1
1,030772E+2	-1,504728E-1
1,030728E+2	-1,502417E-1
1,031567E+2	-1,510526E-1
1,031556E+2	-1,511738E-1
1,032415E+2	-1,510167E-1
1,032388E+2	-1,509945E-1
1,033028E+2	-1,515209E-1
1,033135E+2	-1,516823E-1
1,033967E+2	-1,519386E-1
1,034011E+2	-1,520875E-1
1,034617E+2	-1,523032E-1
1,034757E+2	-1,526511E-1
1,035462E+2	-1,525650E-1
1,035475E+2	-1,526519E-1
1,036307E+2	-1,526241E-1
1,036314E+2	-1,529708E-1
1,036919E+2	-1,531392E-1
1,037011E+2	-1,532750E-1
1,037833E+2	-1,533085E-1
1,037829E+2	-1,531376E-1
1,038643E+2	-1,535868E-1
1,038681E+2	-1,535636E-1
1,039209E+2	-1,538453E-1
1,039391E+2	-1,535844E-1
1,040154E+2	-1,540885E-1
1,040168E+2	-1,536586E-1
1,040752E+2	-1,532602E-1
1,040985E+2	-1,534749E-1
1,041567E+2	-1,535070E-1
1,041755E+2	-1,533912E-1
1,042463E+2	-1,536532E-1
1,042541E+2	-1,533634E-1
1,043100E+2	-1,537395E-1
1,043330E+2	-1,534364E-1
1,044050E+2	-1,534053E-1
1,044323E+2	-1,534801E-1
1,044851E+2	-1,535110E-1
1,044999E+2	-1,534403E-1
1,045563E+2	-1,534769E-1
1,045971E+2	-1,535777E-1
1,046536E+2	-1,532487E-1
1,046805E+2	-1,532824E-1
1,047240E+2	-1,534358E-1
1,047524E+2	-1,531635E-1
1,048052E+2	-1,529145E-1
1,048497E+2	-1,535877E-1
1,049011E+2	-1,528179E-1
1,049122E+2	-1,531482E-1
1,049675E+2	-1,528525E-1
1,049983E+2	-1,526693E-1
1,050494E+2	-1,526483E-1
1,050982E+2	-1,527606E-1
1,051424E+2	-1,525245E-1
1,051652E+2	-1,528794E-1
1,052110E+2	-1,526818E-1
1,052566E+2	-1,526711E-1
1,053007E+2	-1,524357E-1
1,053360E+2	-1,524617E-1
1,053777E+2	-1,522012E-1
1,054079E+2	-1,527179E-1
1,054479E+2	-1,520492E-1
1,055045E+2	-1,523182E-1
1,055398E+2	-1,521610E-1
1,055590E+2	-1,521085E-1
1,055983E+2	-1,521401E-1
1,056539E+2	-1,517789E-1
1,056847E+2	-1,520054E-1
1,057328E+2	-1,520028E-1
1,057665E+2	-1,518991E-1
1,058118E+2	-1,516587E-1
1,058822E+2	-1,516409E-1
1,059193E+2	-1,517515E-1
1,059645E+2	-1,514790E-1
1,059900E+2	-1,515457E-1
1,060404E+2	-1,516167E-1
1,060635E+2	-1,517058E-1
1,061310E+2	-1,511661E-1
1,061446E+2	-1,512824E-1
1,061818E+2	-1,513827E-1
1,062050E+2	-1,511219E-1
1,062738E+2	-1,511005E-1
1,062827E+2	-1,510800E-1
1,063472E+2	-1,512561E-1
1,063652E+2	-1,511020E-1
1,064091E+2	-1,510602E-1
1,064233E+2	-1,511136E-1
1,064960E+2	-1,509201E-1
1,065070E+2	-1,508939E-1
1,065514E+2	-1,510966E-1
1,065736E+2	-1,511359E-1
1,066398E+2	-1,505893E-1
1,066435E+2	-1,502301E-1
1,067114E+2	-1,504032E-1
1,067213E+2	-1,505642E-1
1,067756E+2	-1,506573E-1
1,067823E+2	-1,505491E-1
1,068539E+2	-1,501599E-1
1,068614E+2	-1,504000E-1
1,069285E+2	-1,500817E-1
1,069419E+2	-1,502031E-1
1,070063E+2	-1,499196E-1
1,070039E+2	-1,501667E-1
1,070880E+2	-1,502033E-1
1,070934E+2	-1,500574E-1
1,071491E+2	-1,498436E-1
1,071626E+2	-1,495599E-1
1,072414E+2	-1,499472E-1
1,072355E+2	-1,495136E-1
1,073238E+2	-1,495499E-1
1,073225E+2	-1,495591E-1
1,073840E+2	-1,494580E-1
1,073905E+2	-1,491959E-1
1,074752E+2	-1,491054E-1
1,074709E+2	-1,492310E-1
1,075592E+2	-1,492742E-1
1,075546E+2	-1,489071E-1
1,076336E+2	-1,487802E-1
1,076292E+2	-1,490956E-1
1,077123E+2	-1,489514E-1
1,077120E+2	-1,486743E-1
1,077931E+2	-1,486869E-1
1,077861E+2	-1,485823E-1
1,078722E+2	-1,484569E-1
1,078649E+2	-1,482247E-1
1,079531E+2	-1,482266E-1
1,079450E+2	-1,483782E-1
1,080273E+2	-1,480865E-1
1,080156E+2	-1,482328E-1
1,081064E+2	-1,482853E-1
1,080895E+2	-1,483836E-1
1,081801E+2	-1,480795E-1
1,081724E+2	-1,484253E-1
1,082560E+2	-1,480165E-1
1,082361E+2	-1,480526E-1
1,083300E+2	-1,480829E-1
1,083160E+2	-1,478888E-1
1,083980E+2	-1,481229E-1
1,083841E+2	-1,476877E-1
1,084706E+2	-1,480421E-1
1,084510E+2	-1,477774E-1
1,085422E+2	-1,478857E-1
1,085299E+2	-1,475744E-1
1,086134E+2	-1,474915E-1
1,085923E+2	-1,478710E-1
1,086867E+2	-1,475580E-1
1,086667E+2	-1,476982E-1
1,087569E+2	-1,474816E-1
1,087447E+2	-1,475990E-1
1,088304E+2	-1,473358E-1
1,088110E+2	-1,472020E-1
1,089029E+2	-1,475352E-1
1,088899E+2	-1,474430E-1
1,089713E+2	-1,475259E-1
1,089538E+2	-1,473416E-1
1,090407E+2	-1,479160E-1
1,090232E+2	-1,470551E-1
1,091189E+2	-1,472985E-1
1,091026E+2	-1,471006E-1
1,091802E+2	-1,469505E-1
1,091669E+2	-1,472710E-1
1,092543E+2	-1,469247E-1
1,092372E+2	-1,471873E-1
1,093244E+2	-1,469774E-1
1,093158E+2	-1,467900E-1
1,093954E+2	-1,472278E-1
1,093806E+2	-1,465136E-1
1,094720E+2	-1,469902E-1
1,094586E+2	-1,467394E-1
1,095345E+2	-1,467496E-1
1,095198E+2	-1,469228E-1
1,096017E+2	-1,465140E-1
1,095923E+2	-1,466371E-1
1,096822E+2	-1,465258E-1
1,096725E+2	-1,464271E-1
1,097444E+2	-1,462544E-1
1,097345E+2	-1,463860E-1
1,098267E+2	-1,461145E-1
1,098101E+2	-1,458676E-1
1,098938E+2	-1,462000E-1
1,098910E+2	-1,461713E-1
1,099635E+2	-1,459957E-1
1,099572E+2	-1,460393E-1
1,100502E+2	-1,458303E-1
1,100405E+2	-1,458393E-1
1,101126E+2	-1,457824E-1
1,101052E+2	-1,456253E-1
1,101920E+2	-1,453822E-1
1,101839E+2	-1,459380E-1
1,102750E+2	-1,456718E-1
1,102682E+2	-1,452581E-1
1,103379E+2	-1,454041E-1
1,103353E+2	-1,453274E-1
1,104236E+2	-1,452746E-1
1,104126E+2	-1,453607E-1
1,104883E+2	-1,452016E-1
1,104933E+2	-1,451151E-1
1,105594E+2	-1,448824E-1
1,105599E+2	-1,448693E-1
1,106471E+2	-1,449134E-1
1,106424E+2	-1,453385E-1
1,107066E+2	-1,447310E-1
1,107015E+2	-1,447481E-1
1,107881E+2	-1,446586E-1
1,107774E+2	-1,447146E-1
1,108588E+2	-1,447292E-1
1,108591E+2	-1,447136E-1
1,109216E+2	-1,447022E-1
1,109211E+2	-1,446452E-1
1,110019E+2	-1,448180E-1
1,109923E+2	-1,444973E-1
1,110667E+2	-1,448047E-1
1,110716E+2	-1,443422E-1
1,111357E+2	-1,446639E-1
1,111404E+2	-1,445152E-1
1,112178E+2	-1,442233E-1
1,112162E+2	-1,442179E-1
1,112736E+2	-1,441474E-1
1,112792E+2	-1,444174E-1
1,113596E+2	-1,442651E-1
1,113646E+2	-1,441725E-1
1,114219E+2	-1,443500E-1
1,114305E+2	-1,443433E-1
1,114911E+2	-1,441702E-1
1,115054E+2	-1,437808E-1
1,115662E+2	-1,437560E-1
1,115706E+2	-1,436654E-1
1,116285E+2	-1,438331E-1
1,116392E+2	-1,439809E-1
1,116972E+2	-1,441552E-1
1,117182E+2	-1,440456E-1
1,117760E+2	-1,435176E-1
1,117806E+2	-1,435317E-1
1,118325E+2	-1,438904E-1
1,118557E+2	-1,436388E-1
1,119153E+2	-1,435623E-1
1,119251E+2	-1,437492E-1
1,119773E+2	-1,432853E-1
1,119996E+2	-1,435134E-1
1,120449E+2	-1,433262E-1
1,120717E+2	-1,434284E-1
1,121296E+2	-1,431597E-1
1,121417E+2	-1,432659E-1
1,121848E+2	-1,431499E-1
1,122098E+2	-1,430648E-1
1,122669E+2	-1,429665E-1
1,122991E+2	-1,430866E-1
1,123388E+2	-1,430649E-1
1,123577E+2	-1,432062E-1
1,124003E+2	-1,430877E-1
1,124370E+2	-1,429929E-1
1,124802E+2	-1,427270E-1
1,125056E+2	-1,428624E-1
1,125464E+2	-1,428547E-1
1,125698E+2	-1,430257E-1
1,126126E+2	-1,426937E-1
1,126574E+2	-1,429359E-1
1,126937E+2	-1,430028E-1
1,127036E+2	-1,428373E-1
1,127479E+2	-1,427714E-1
1,127905E+2	-1,425950E-1
1,128235E+2	-1,425821E-1
1,128613E+2	-1,425243E-1
1,128994E+2	-1,427141E-1
1,129322E+2	-1,423757E-1
1,129576E+2	-1,424150E-1
1,130009E+2	-1,424014E-1
1,130405E+2	-1,425832E-1
1,130754E+2	-1,426214E-1
1,131011E+2	-1,423542E-1
1,131454E+2	-1,423001E-1
1,131731E+2	-1,424150E-1
1,132312E+2	-1,424623E-1
1,132506E+2	-1,418173E-1
1,132771E+2	-1,420999E-1
1,133028E+2	-1,423486E-1
1,133646E+2	-1,420416E-1
1,133799E+2	-1,420667E-1
1,134334E+2	-1,420754E-1
1,134583E+2	-1,418816E-1
1,134948E+2	-1,419030E-1
1,135151E+2	-1,416204E-1
1,135776E+2	-1,421148E-1
1,135953E+2	-1,420908E-1
1,136301E+2	-1,418140E-1
1,136563E+2	-1,419116E-1
1,137157E+2	-1,417358E-1
1,137261E+2	-1,418085E-1
1,137851E+2	-1,416721E-1
1,138029E+2	-1,419417E-1
1,138504E+2	-1,418822E-1
1,138572E+2	-1,416983E-1
1,139187E+2	-1,417964E-1
1,139317E+2	-1,417071E-1
1,139924E+2	-1,414550E-1
1,140040E+2	-1,415720E-1
1,140615E+2	-1,415328E-1
1,140629E+2	-1,416257E-1
1,141379E+2	-1,415821E-1
1,141422E+2	-1,415431E-1
1,141873E+2	-1,414623E-1
1,142004E+2	-1,413990E-1
1,142729E+2	-1,412592E-1
1,142673E+2	-1,411783E-1
1,143433E+2	-1,412525E-1
1,143457E+2	-1,413457E-1
1,143950E+2	-1,413905E-1
1,143985E+2	-1,410708E-1
1,144769E+2	-1,412097E-1
1,144689E+2	-1,412655E-1
1,145286E+2	-1,412923E-1
1,145387E+2	-1,412405E-1
1,146059E+2	-1,411973E-1
1,145983E+2	-1,412852E-1
1,146811E+2	-1,408763E-1
1,146704E+2	-1,413806E-1
1,147370E+2	-1,411838E-1
1,147253E+2	-1,410660E-1
1,148043E+2	-1,410876E-1
1,147973E+2	-1,409051E-1
1,148769E+2	-1,408309E-1
1,148717E+2	-1,410823E-1
1,149392E+2	-1,408720E-1
1,149299E+2	-1,408977E-1
1,150140E+2	-1,408420E-1
1,149965E+2	-1,407664E-1
1,150767E+2	-1,405328E-1
1,150726E+2	-1,406439E-1
1,151433E+2	-1,406266E-1
1,151357E+2	-1,404911E-1
1,152211E+2	-1,406500E-1
1,152087E+2	-1,403391E-1
1,152829E+2	-1,407126E-1
1,152745E+2	-1,403740E-1
1,153581E+2	-1,402897E-1
1,153401E+2	-1,399291E-1
1,154313E+2	-1,402711E-1
1,154173E+2	-1,402188E-1
1,154967E+2	-1,401885E-1
1,154779E+2	-1,405110E-1
1,156353E+2	-1,401472E-1
1,156236E+2	-1,399058E-1
1,157052E+2	-1,400562E-1
1,156876E+2	-1,399113E-1
1,157742E+2	-1,397421E-1
1,157651E+2	-1,398067E-1
1,158441E+2	-1,398501E-1
1,158249E+2	-1,398088E-1
1,159142E+2	-1,397618E-1
1,159684E+2	-1,397724E-1
1,160511E+2	-1,395497E-1
1,160316E+2	-1,394786E-1
1,161238E+2	-1,394018E-1
1,161098E+2	-1,396131E-1
1,161858E+2	-1,396169E-1
1,161692E+2	-1,394504E-1
1,162532E+2	-1,395352E-1
1,162368E+2	-1,393893E-1
1,163213E+2	-1,394998E-1
1,163104E+2	-1,394831E-1
1,163856E+2	-1,394815E-1
1,163693E+2	-1,395882E-1
1,164539E+2	-1,395992E-1
1,164398E+2	-1,396393E-1
1,165108E+2	-1,394949E-1
1,164909E+2	-1,394871E-1
1,165740E+2	-1,396615E-1
1,165545E+2	-1,393016E-1
1,166350E+2	-1,393260E-1
1,166232E+2	-1,392889E-1
1,166931E+2	-1,390736E-1
1,166750E+2	-1,391095E-1
1,167546E+2	-1,391410E-1
1,167366E+2	-1,393902E-1
1,168140E+2	-1,395458E-1
1,168042E+2	-1,395540E-1
1,168722E+2	-1,393866E-1
1,168606E+2	-1,391698E-1
1,169482E+2	-1,395859E-1
1,169351E+2	-1,392000E-1
1,170020E+2	-1,391376E-1
1,169901E+2	-1,392277E-1
1,170709E+2	-1,388300E-1
1,170592E+2	-1,390072E-1
1,171454E+2	-1,390084E-1
1,171360E+2	-1,385461E-1
1,172026E+2	-1,391357E-1
1,171947E+2	-1,387239E-1
1,172709E+2	-1,389032E-1
1,172629E+2	-1,389310E-1
1,173356E+2	-1,385950E-1
1,173343E+2	-1,389636E-1
1,174047E+2	-1,388632E-1
1,173949E+2	-1,385814E-1
1,174744E+2	-1,387921E-1
1,174706E+2	-1,387040E-1
1,175337E+2	-1,385255E-1
1,175255E+2	-1,386169E-1
1,176013E+2	-1,387224E-1
1,175940E+2	-1,387170E-1
1,176712E+2	-1,385783E-1
1,176697E+2	-1,385697E-1
1,177278E+2	-1,385652E-1
1,177251E+2	-1,386474E-1
1,178023E+2	-1,383183E-1
1,177920E+2	-1,383549E-1
1,178571E+2	-1,384345E-1
1,178626E+2	-1,385512E-1
1,179250E+2	-1,384651E-1
1,179206E+2	-1,382573E-1
1,179985E+2	-1,382848E-1
1,179942E+2	-1,384200E-1
1,180508E+2	-1,384079E-1
1,180472E+2	-1,380828E-1
1,181170E+2	-1,378700E-1
1,181223E+2	-1,382586E-1
1,181776E+2	-1,381545E-1
1,181846E+2	-1,379782E-1
1,182401E+2	-1,383234E-1
1,182496E+2	-1,383928E-1
1,183064E+2	-1,380149E-1
1,183086E+2	-1,378078E-1
1,183617E+2	-1,378821E-1
1,183690E+2	-1,379795E-1
1,184270E+2	-1,381664E-1
1,184322E+2	-1,382923E-1
1,184941E+2	-1,383228E-1
1,185008E+2	-1,379962E-1
1,185392E+2	-1,381153E-1
1,185547E+2	-1,381338E-1
1,186155E+2	-1,381557E-1
1,186178E+2	-1,380496E-1
1,186652E+2	-1,381151E-1
1,186833E+2	-1,378415E-1
1,187271E+2	-1,377831E-1
1,187442E+2	-1,381722E-1
1,187992E+2	-1,380245E-1
1,188050E+2	-1,377695E-1
1,188470E+2	-1,379584E-1
1,188651E+2	-1,377995E-1
1,189188E+2	-1,378455E-1
1,189388E+2	-1,379355E-1
1,189771E+2	-1,379346E-1
1,189852E+2	-1,377701E-1
1,190240E+2	-1,377848E-1
1,190513E+2	-1,377828E-1
1,190904E+2	-1,377519E-1
1,191041E+2	-1,379365E-1
1,191381E+2	-1,378473E-1
1,191548E+2	-1,375602E-1
1,191922E+2	-1,376100E-1
1,192276E+2	-1,375099E-1
1,192616E+2	-1,374127E-1
1,192666E+2	-1,378049E-1
1,193065E+2	-1,376475E-1
1,193402E+2	-1,377405E-1
1,193730E+2	-1,373363E-1
1,194171E+2	-1,376480E-1
1,194392E+2	-1,376226E-1
1,194663E+2	-1,376118E-1
1,194915E+2	-1,373924E-1
1,195278E+2	-1,375834E-1
1,195684E+2	-1,375792E-1
1,195951E+2	-1,376471E-1
1,196233E+2	-1,374838E-1
1,196601E+2	-1,374359E-1
1,196848E+2	-1,375178E-1
1,197377E+2	-1,371447E-1
1,197611E+2	-1,371598E-1
1,197827E+2	-1,372836E-1
1,198095E+2	-1,372163E-1
1,198569E+2	-1,369821E-1
1,198730E+2	-1,370746E-1
1,199158E+2	-1,372075E-1
1,199368E+2	-1,374952E-1
1,199656E+2	-1,369347E-1
1,199848E+2	-1,373864E-1
1,200309E+2	-1,371166E-1
1,200512E+2	-1,369837E-1
1,200862E+2	-1,371433E-1
1,200903E+2	-1,374227E-1
1,201398E+2	-1,372157E-1
1,201540E+2	-1,372420E-1
1,202007E+2	-1,371731E-1
1,202135E+2	-1,371799E-1
