322.962320234923	868.666687011719
324.821007690871	867
326.679328836639	870.666687011719
328.537283761817	866.666687011719
330.394872555975	866.333312988281
332.252095308641	866
334.108952109319	868
335.965443047485	867.666687011719
337.821568212591	867.666687011719
339.677327694054	870
341.532721581262	867
343.387749963579	866.666687011719
345.24241293034	864.333312988281
347.096710570842	871
348.950642974371	869.333312988281
350.804210230168	867
352.657412427451	867.666687011719
354.510249655416	870
356.362722003221	869
358.214829560001	868.666687011719
360.066572414857	867.333312988281
361.917950656873	864.333312988281
363.768964375087	866
365.619613658528	864.333312988281
367.469898596179	866.666687011719
369.319819277007	866.333312988281
371.169375789945	866.333312988281
373.018568223899	869
374.867396667745	870.666687011719
376.715861210331	867.666687011719
378.563961940484	867.666687011719
380.411698946988	868.333312988281
382.259072318607	866
384.106082144085	869.666687011719
385.95272851212	869.333312988281
387.799011511395	869
389.644931230555	869.333312988281
391.490487758231	864.333312988281
393.33568118301	869.333312988281
395.18051159346	865.666687011719
397.024979078119	868
398.869083725494	869.333312988281
400.712825624067	865
402.556204862288	868.333312988281
404.399221528582	868.666687011719
406.241875711347	865.333312988281
408.084167498951	863.333312988281
409.926096979734	866
411.767664242003	870.666687011719
413.608869374046	866.666687011719
415.449712464116	866
417.290193600442	867.333312988281
419.13031287122	867.666687011719
420.970070364622	869.666687011719
422.80946616879	867.666687011719
424.64850037184	867.333312988281
426.48717306186	864.666687011719
428.325484326902	865.666687011719
430.163434255002	863.666687011719
432.00102293416	866.333312988281
433.838250452352	866.333312988281
435.675116897523	867.666687011719
437.511622357588	864.333312988281
439.347766920444	869.333312988281
441.18355067395	866.333312988281
443.018973705935	868
444.854036104213	867.333312988281
446.688737956558	871
448.523079350722	867.666687011719
450.357060374428	867
452.190681115363	868.333312988281
454.023941661205	865
455.856842099588	865.666687011719
457.689382518117	866
459.521563004383	866.333312988281
461.353383645935	866.333312988281
463.184844530307	864
465.015945744991	863.666687011719
466.84668737746	866.333312988281
468.677069515163	867.333312988281
470.507092245508	868
472.33675565589	867.666687011719
474.166059833661	869
475.995004866161	868.333312988281
477.823590840693	866.333312988281
479.65181784453	866.333312988281
481.479685964923	865.333312988281
483.307195289096	869.666687011719
485.134345904241	866.333312988281
486.961137897524	867.333312988281
488.78757135608	869.333312988281
490.613646367026	866.333312988281
492.43936301744	867.666687011719
494.264721394378	868.333312988281
496.08972158487	872
497.914363675912	865.333312988281
499.738647754476	868.333312988281
501.562573907511	864.333312988281
503.386142221935	865
505.20935278463	867
507.032205682463	866
508.854701002267	866.333312988281
510.676838830849	867
512.498619254989	869.333312988281
514.320042361438	868
516.141108236921	868
517.961816968128	866
519.782168641738	866
521.602163344388	867.333312988281
523.421801162688	870.333312988281
525.24108218323	866.666687011719
527.060006492574	869.666687011719
528.878574177246	866.666687011719
530.696785323756	867.666687011719
532.514640018575	867.333312988281
534.332138348156	865.666687011719
536.14928039892	866.333312988281
537.966066257265	863
539.782496009551	865.333312988281
541.598569742125	866.666687011719
543.41428754129	864.333312988281
545.229649493342	868.333312988281
547.044655684532	866.333312988281
548.859306201093	869.333312988281
550.673601129225	869
552.487540555108	867.666687011719
554.301124564886	867.666687011719
556.114353244683	871.333312988281
557.927226680591	867.666687011719
559.739744958678	864.666687011719
561.551908164982	867
563.363716385518	864.666687011719
565.175169706269	864.666687011719
566.986268213187	867
568.797011992212	868
570.607401129243	867.333312988281
572.417435710154	866
574.227115820797	867.333312988281
576.036441546992	867.333312988281
577.845412974533	867
579.654030189189	868.666687011719
581.462293276698	865.666687011719
583.270202322778	865
585.077757413108	865
586.884958633352	866.666687011719
588.691806069139	870
590.498299806072	869.333312988281
592.304439929734	864.333312988281
594.110226525672	868
595.915659679413	867.333312988281
597.720739476447	867
599.52546600225	867.666687011719
601.32983934226	867.666687011719
603.133859581894	867
604.937526806542	866.666687011719
606.740841101563	866.666687011719
608.543802552294	866
610.346411244038	868
612.148667262079	866
613.950570691671	867.333312988281
615.752121618041	865
617.553320126386	870
619.35416630188	868
621.154660229669	865.333312988281
622.954801994875	866
624.754591682586	867.333312988281
626.554029377869	869.333312988281
628.353115165762	866.666687011719
630.15184913128	865.666687011719
631.950231359399	867.666687011719
633.748261935088	864.666687011719
635.545940943273	865.333312988281
637.343268468857	867.333312988281
639.140244596718	867
640.936869411709	867
642.733142998656	869
644.52906544235	869.666687011719
646.324636827564	867.333312988281
648.119857239043	869.333312988281
649.914726761507	864.333312988281
651.709245479643	867.666687011719
653.503413478111	867.666687011719
655.297230841553	866.666687011719
657.090697654581	867.333312988281
658.883814001775	866
660.67657996769	867.333312988281
662.46899563686	868.666687011719
664.26106109379	863.333312988281
666.052776422952	869.333312988281
667.844141708803	865
669.635157035762	871.333312988281
671.425822488225	867.333312988281
673.216138150567	868
675.00610410713	864.333312988281
676.795720442232	867.666687011719
678.584987240165	869
680.373904585187	867.333312988281
682.162472561547	865.666687011719
683.950691253447	866.666687011719
685.738560745076	867.333312988281
687.526081120591	865
689.313252464127	864.333312988281
691.100074859784	866
692.886548391647	863.666687011719
694.672673143763	868
696.45844920016	867.333312988281
698.24387664484	866.333312988281
700.028955561777	867
701.813686034909	867.666687011719
703.598068148168	865.333312988281
705.382101985438	867.666687011719
707.165787630593	866
708.949125167474	866
710.732114679892	869
712.514756251636	868.333312988281
714.297049966473	867.666687011719
716.078995908135	869.333312988281
717.86059416033	869.666687011719
719.641844806745	866.333312988281
721.422747931037	865.666687011719
723.203303616833	865
724.983511947739	867.333312988281
726.763373007333	868.333312988281
728.54288687917	866.666687011719
730.322053646771	866.333312988281
732.100873393635	867.333312988281
733.879346203242	863.333312988281
735.657472159031	865.333312988281
737.435251344426	865.666687011719
739.212683842823	866.666687011719
740.989769737589	867.666687011719
742.766509112064	866.666687011719
744.542902049568	866.666687011719
746.318948633388	865.666687011719
748.094648946789	864
749.870003073008	866.666687011719
751.645011095255	867.666687011719
753.419673096721	870
755.193989160558	865.666687011719
756.967959369905	870.666687011719
758.741583807865	865.666687011719
760.514862557521	863
762.287795701929	866
764.060383324115	866
765.832625507084	865
767.604522333812	867.666687011719
769.376073887252	866.666687011719
771.147280250325	867
772.918141505932	863.666687011719
774.688657736946	865.333312988281
776.458829026216	865.333312988281
778.228655456559	868
779.998137110774	868.333312988281
781.767274071624	871
783.536066421857	862.333312988281
785.304514244192	864.666687011719
787.072617621314	865
788.840376635895	865.666687011719
790.607791370569	866.333312988281
792.374861907953	867.333312988281
794.141588330631	864
795.907970721171	864.333312988281
797.674009162106	866
799.439703735944	874.666687011719
801.205054525172	865.333312988281
802.970061612248	868
804.734725079605	866.666687011719
806.499045009651	863
808.263021484761	864
810.026654587299	864
811.789944399589	862
813.55289100394	866.333312988281
815.315494482624	865.666687011719
817.077754917896	867.333312988281
818.839672391981	864
820.601246987088	865
822.362478785381	864.666687011719
824.123367869017	865.666687011719
825.883914320117	864.333312988281
827.644118220777	868.666687011719
829.403979653075	868
831.163498699057	868.333312988281
832.922675440742	866.333312988281
834.681509960125	866.666687011719
836.440002339177	866
838.198152659842	864.333312988281
839.955961004042	863.333312988281
841.713427453662	863.666687011719
843.470552090584	866
845.227334996632	865.666687011719
846.983776253636	864
848.739875943383	865.666687011719
850.495634147637	865.666687011719
852.251050948136	861.666687011719
854.006126426602	862
855.760860664714	865.666687011719
857.515253744145	863.666687011719
859.269305746525	865
861.023016753469	868.666687011719
862.776386846567	865.333312988281
864.529416107376	863.666687011719
866.282104617438	864.666687011719
868.034452458254	864.333312988281
869.786459711318	865.333312988281
871.538126458082	866
873.289452779987	865.666687011719
875.040438758438	863
876.791084474821	866
878.541390010491	862
880.29135544679	862.666687011719
882.040980865011	864.333312988281
883.790266346443	865.333312988281
885.539211972346	866.333312988281
887.287817823948	863.333312988281
889.036083982455	865
890.784010529045	867.666687011719
892.53159754488	865
894.278845111085	867
896.025753308768	863.333312988281
897.772322219005	864
899.518551922857	866.333312988281
901.264442501348	868.333312988281
903.009994035478	865
904.755206606235	863.333312988281
906.500080294565	863.333312988281
908.2446151814	862.333312988281
909.988811347642	864
911.732668874171	865.666687011719
913.476187841832	864.333312988281
915.219368331461	864.666687011719
916.96221042386	865.333312988281
918.7047141998	867.333312988281
920.446879740041	868
922.188707125304	867.333312988281
923.930196436289	865
925.671347753679	861.333312988281
927.412161158122	863
929.152636730249	869
930.892774550655	868.666687011719
932.632574699918	864
934.372037258594	865
936.111162307202	865.333312988281
937.849949926251	863
939.588400196211	864.666687011719
941.326513197538	864.666687011719
943.064289010654	865
944.801727715962	862.333312988281
946.538829393836	864.666687011719
948.275594124633	864.333312988281
950.012021988677	864.666687011719
951.748113066265	865
953.483867437677	865
955.219285183164	865.333312988281
956.954366382951	863.333312988281
958.689111117243	864.333312988281
960.423519466215	862.333312988281
962.157591510017	866
963.891327328776	863
965.624727002599	863.666687011719
967.357790611554	866.333312988281
969.090518235704	862.666687011719
970.82290995507	867.333312988281
972.554965849655	862.333312988281
974.286685999436	867.333312988281
976.018070484371	865.666687011719
977.749119384383	865.666687011719
979.479832779378	863.666687011719
981.210210749231	864.666687011719
982.940253373799	861.666687011719
984.669960732911	863.666687011719
986.399332906372	864.333312988281
988.128369973957	865.333312988281
989.857072015426	862.333312988281
991.585439110506	863.333312988281
993.313471338904	864.333312988281
995.041168780296	861
996.768531514346	862
998.495559620679	865.666687011719
1000.2222531789	862.333312988281
1001.9486122686	861.666687011719
1003.67463696933	859.666687011719
1005.40032736062	863.333312988281
1007.12568352198	864
1008.85070553289	866.666687011719
1010.57539347282	859.333312988281
1012.29974742119	862.666687011719
1014.02376745742	861.333312988281
1015.74745366089	863.666687011719
1017.47080611096	862.333312988281
1019.19382488697	861
1020.91651006822	865.666687011719
1022.63886173401	863.666687011719
1024.3608799636	861.666687011719
1026.08256483622	866
1027.80391643108	861
1029.52493482738	865.333312988281
1031.24562010428	861.333312988281
1032.96597234092	863.666687011719
1034.68599161641	866.666687011719
1036.40567800984	861
1038.12503160028	864.666687011719
1039.84405246678	861
1041.56274068834	861.666687011719
1043.28109634397	862.333312988281
1044.99911951262	868.333312988281
1046.71681027324	860
1048.43416870476	863
1050.15119488606	863
1051.86788889603	866.333312988281
1053.58425081349	863.666687011719
1055.30028071728	863
1057.0159786862	863
1058.73134479901	863.333312988281
1060.44637913446	863.333312988281
1062.16108177129	863.333312988281
1063.87545278818	861.666687011719
1065.58949226382	859
1067.30320027685	862.333312988281
1069.01657690591	862.333312988281
1070.7296222296	861.666687011719
1072.44233632649	863.666687011719
1074.15471927514	863.666687011719
1075.86677115408	858.333312988281
1077.57849204182	862.666687011719
1079.28988201683	857.333312988281
1081.00094115758	864
1082.71166954249	861.333312988281
1084.42206724999	861.666687011719
1086.13213435844	860.333312988281
1087.84187094622	860.666687011719
1089.55127709166	863.333312988281
1091.26035287306	862.666687011719
1092.96909836873	859.333312988281
1094.67751365691	864.666687011719
1096.38559881587	864.333312988281
1098.0933539238	863.666687011719
1099.80077905889	863
1101.50787429933	861
1103.21463972324	861.666687011719
1104.92107540876	860.666687011719
1106.62718143397	860.666687011719
1108.33295787695	862
1110.03840481574	861
1111.74352232836	863
1113.44831049282	862
1115.15276938709	862.333312988281
1116.85689908912	861.666687011719
1118.56069967683	859.666687011719
1120.26417122814	861
1121.96731382092	861.333312988281
1123.67012753301	859.333312988281
1125.37261244226	861.333312988281
1127.07476862648	861.333312988281
1128.77659616344	867.666687011719
1130.4780951309	861.333312988281
1132.17926560659	861
1133.88010766824	862.666687011719
1135.58062139353	862.333312988281
1137.28080686011	863.333312988281
1138.98066414563	864.666687011719
1140.6801933277	861
1142.37939448393	863
1144.07826769186	863.333312988281
1145.77681302905	860.666687011719
1147.47503057301	863.333312988281
1149.17292040125	862.666687011719
1150.87048259124	863.666687011719
1152.56771722042	859
1154.26462436621	861.666687011719
1155.96120410603	860
1157.65745651724	861.666687011719
1159.3533816772	862
1161.04897966324	862
1162.74425055267	860.666687011719
1164.43919442276	862
1166.13381135077	863.666687011719
1167.82810141394	864
1169.52206468948	861.333312988281
1171.21570125458	858.666687011719
1172.90901118639	859
1174.60199456207	862.333312988281
1176.29465145871	864
1177.98698195343	861
1179.67898612328	860.666687011719
1181.37066404531	861.666687011719
1183.06201579654	858.666687011719
1184.75304145396	861.333312988281
1186.44374109456	861
1188.13411479528	859.666687011719
1189.82416263305	861
1191.51388468477	865
1193.20328102732	860.333312988281
1194.89235173756	861
1196.58109689231	861.333312988281
1198.26951656839	862
1199.95761084259	863
1201.64537979165	862.333312988281
1203.33282349233	860.666687011719
1205.01994202133	859.666687011719
1206.70673545535	860.333312988281
1208.39320387105	863.333312988281
1210.07934734508	862
1211.76516595405	859.333312988281
1213.45065977458	858.666687011719
1215.13582888321	860
1216.82067335651	860.666687011719
1218.50519327101	862
1220.1893887032	865.333312988281
1221.87325972957	859.333312988281
1223.55680642657	860
1225.24002887063	861.666687011719
1226.92292713817	859
1228.60550130556	859.333312988281
1230.28775144918	858.666687011719
1231.96967764535	861.333312988281
1233.6512799704	861.666687011719
1235.33255850062	860.333312988281
1237.01351331227	861.666687011719
1238.69414448161	865.333312988281
1240.37445208484	861
1242.05443619818	860
1243.7340968978	862
1245.41343425985	860
1247.09244836045	858.333312988281
1248.77113927572	861.333312988281
1250.44950708174	862
1252.12755185455	863.666687011719
1253.80527367021	861.333312988281
1255.48267260473	861
1257.15974873408	861.333312988281
1258.83650213425	861.666687011719
1260.51293288115	860.333312988281
1262.18904105073	860.666687011719
1263.86482671888	861.333312988281
1265.54028996147	859.666687011719
1267.21543085434	860.333312988281
1268.89024947333	863.333312988281
1270.56474589423	862.333312988281
1272.23892019284	859.666687011719
1273.91277244489	859.666687011719
1275.58630272614	861
1277.25951111228	859
1278.93239767902	860.666687011719
1280.604962502	861.333312988281
1282.27720565688	860.333312988281
1283.94912721927	860.333312988281
1285.62072726476	861.666687011719
1287.29200586893	862.333312988281
1288.96296310733	861
1290.63359905548	864.333312988281
1292.30391378889	863.333312988281
1293.97390738303	864.333312988281
1295.64357991337	863.666687011719
1297.31293145532	860.333312988281
1298.98196208431	860.666687011719
1300.65067187573	859.666687011719
1302.31906090493	858.666687011719
1303.98712924727	862.333312988281
1305.65487697805	865.333312988281
1307.32230417258	860.666687011719
1308.98941090612	862.333312988281
1310.65619725392	860.666687011719
1312.32266329122	862.333312988281
1313.98880909322	860
1315.65463473508	859.666687011719
1317.32014029199	859.333312988281
1318.98532583906	859.666687011719
1320.65019145142	862.666687011719
1322.31473720414	861.666687011719
1323.9789631723	861
1325.64286943095	862.333312988281
1327.30645605509	863
1328.96972311972	860.333312988281
1330.63267069984	862.666687011719
1332.29529887037	860
1333.95760770626	862
1335.6195972824	862.333312988281
1337.28126767369	858.333312988281
1338.94261895498	860.333312988281
1340.60365120112	858.333312988281
1342.2643644869	860.333312988281
1343.92475888713	863
1345.58483447659	862.666687011719
1347.24459133	860
1348.9040295221	861.666687011719
1350.56314912759	862.666687011719
1352.22195022115	860.333312988281
1353.88043287743	864
1355.53859717106	861.666687011719
1357.19644317666	860.666687011719
1358.85397096881	861.666687011719
1360.51118062207	864.666687011719
1362.168072211	864.333312988281
1363.8246458101	864.333312988281
1365.48090149388	862.666687011719
1367.13683933681	862
1368.79245941333	861.333312988281
1370.44776179789	858.666687011719
1372.10274656488	861.333312988281
1373.75741378869	863
1375.41176354367	861
1377.06579590418	861.333312988281
1378.71951094451	860.666687011719
1380.37290873897	860.333312988281
1382.02598936183	860.333312988281
1383.67875288733	863.333312988281
1385.3311993897	863
1386.98332894314	860.333312988281
1388.63514162183	859.666687011719
1390.28663749993	861.333312988281
1391.93781665157	860
1393.58867915087	863
1395.23922507192	861
1396.88945448878	863
1398.5393674755	862.333312988281
1400.1889641061	862.333312988281
1401.83824445458	861.666687011719
1403.48720859493	861.666687011719
1405.13585660108	860.333312988281
1406.78418854698	861.333312988281
1408.43220450654	859.333312988281
1410.07990455364	862.333312988281
1411.72728876215	860
1413.37435720592	861.333312988281
1415.02110995876	863.666687011719
1416.66754709446	861
1418.31366868682	863.666687011719
1419.95947480957	861.333312988281
1421.60496553646	862
1423.25014094118	860
1424.89500109743	861.333312988281
1426.53954607887	862
1428.18377595914	861.666687011719
1429.82769081186	861.333312988281
1431.47129071063	859.333312988281
1433.11457572901	863
1434.75754594057	860
1436.40020141884	862.666687011719
1438.04254223731	859.666687011719
1439.68456846948	859.666687011719
1441.32628018881	861.333312988281
1442.96767746874	859.333312988281
1444.60876038268	859.666687011719
1446.24952900404	862.333312988281
1447.8899834062	862.666687011719
1449.53012366249	861.333312988281
1451.16994984625	858.666687011719
1452.80946203078	861
1454.44866028938	862.333312988281
1456.08754469531	861.666687011719
1457.7261153218	862.333312988281
1459.36437224208	861.333312988281
1461.00231552934	862.333312988281
1462.63994525675	860.666687011719
1464.27726149747	861
1465.91426432463	862.666687011719
1467.55095381133	866
1469.18733003067	862
1470.82339305569	860.666687011719
1472.45914295946	859.666687011719
1474.09457981498	862.666687011719
1475.72970369525	861.333312988281
1477.36451467325	860.666687011719
1478.99901282193	860.333312988281
1480.63319821423	863
1482.26707092304	859.666687011719
1483.90063102127	860.333312988281
1485.53387858176	859.666687011719
1487.16681367737	865.666687011719
1488.79943638092	860.666687011719
1490.43174676521	860.333312988281
1492.063744903	860.333312988281
1493.69543086706	863.666687011719
1495.32680473012	863
1496.95786656489	859.333312988281
1498.58861644407	864
1500.21905444031	860.666687011719
1501.84918062626	861
1503.47899507454	861
1505.10849785776	860
1506.73768904849	861.333312988281
1508.3665687193	859
1509.99513694271	863
1511.62339379124	864.333312988281
1513.25133933739	862.666687011719
1514.87897365362	862.333312988281
1516.50629681237	861.666687011719
1518.13330888608	862.666687011719
1519.76000994715	860
1521.38640006796	859
1523.01247932087	861
1524.63824777822	866
1526.26370551233	860
1527.88885259549	865.666687011719
1529.51368909997	861
1531.13821509803	863.666687011719
1532.76243066189	861.666687011719
1534.38633586377	861.333312988281
1536.00993077584	863
1537.63321547027	862.333312988281
1539.25619001921	864
1540.87885449478	863
1542.50120896906	860.333312988281
1544.12325351415	862.333312988281
1545.7449882021	863.333312988281
1547.36641310493	866.333312988281
1548.98752829467	864
1550.60833384329	863
1552.22882982278	866
1553.84901630507	867.666687011719
1555.4688933621	862.333312988281
1557.08846106576	871
1558.70771948794	864
1560.32666870049	866
1561.94530877527	869.666687011719
1563.56363978407	870.666687011719
1565.1816617987	873
1566.79937489093	872.666687011719
1568.41677913252	878.666687011719
1570.03387459519	883.666687011719
1571.65066135065	881.666687011719
1573.26713947059	888.666687011719
1574.88330902668	889
1576.49917009055	891.666687011719
1578.11472273384	901
1579.72996702814	905
1581.34490304503	908
1582.95953085607	908.333312988281
1584.5738505328	901
1586.18786214673	898.333312988281
1587.80156576935	893.666687011719
1589.41496147214	886
1591.02804932655	880
1592.640829404	880.333312988281
1594.2533017759	876.333312988281
1595.86546651364	873.333312988281
1597.47732368859	870
1599.08887337208	868
1600.70011563543	866.333312988281
1602.31105054996	866.666687011719
1603.92167818692	866
1605.5319986176	864.666687011719
1607.14201191321	868.333312988281
1608.75171814497	864
1610.36111738408	860.666687011719
1611.97020970171	867.666687011719
1613.578995169	863.666687011719
1615.18747385709	858.333312988281
1616.79564583708	861.333312988281
1618.40351118007	864.333312988281
1620.01106995711	865
1621.61832223925	864
1623.2252680975	863.333312988281
1624.83190760288	863.333312988281
1626.43824082636	863.333312988281
1628.0442678389	863.666687011719
1629.64998871144	861.333312988281
1631.25540351488	860.666687011719
1632.86051232013	861.666687011719
1634.46531519806	862.333312988281
1636.06981221952	861
1637.67400345534	861.333312988281
1639.27788897633	865.333312988281
1640.88146885328	861.666687011719
1642.48474315695	862.666687011719
1644.08771195809	863.666687011719
1645.69037532742	863
1647.29273333566	861
1648.89478605347	861.333312988281
1650.49653355152	860.666687011719
1652.09797590046	861
1653.69911317089	861.333312988281
1655.29994543341	861.666687011719
1656.90047275861	860.666687011719
1658.50069521703	861
1660.10061287922	861.333312988281
1661.70022581567	860
1663.29953409689	861
1664.89853779334	866
1666.49723697548	863.666687011719
1668.09563171373	860
1669.69372207849	859.333312988281
1671.29150814016	861
1672.8889899691	862
1674.48616763566	860.666687011719
1676.08304121015	861
1677.67961076287	859.333312988281
1679.27587636412	863.333312988281
1680.87183808414	863.666687011719
1682.46749599318	860.666687011719
1684.06285016145	863
1685.65790065915	862.333312988281
1687.25264755646	860.333312988281
1688.84709092353	859.666687011719
1690.44123083049	858
1692.03506734747	860.333312988281
1693.62860054453	859
1695.22183049177	863
1696.81475725923	860
1698.40738091693	859.333312988281
1699.99970153489	861.333312988281
1701.59171918308	860.333312988281
1703.18343393149	857.333312988281
1704.77484585005	860.333312988281
1706.36595500868	863.666687011719
1707.9567614773	861
1709.54726532577	858.666687011719
1711.13746662398	858.666687011719
1712.72736544174	858.666687011719
1714.31696184889	859.666687011719
1715.90625591522	859
1717.49524771051	860
1719.08393730451	862
1720.67232476698	861.333312988281
1722.2604101676	860.333312988281
1723.8481935761	862
1725.43567506213	863
1727.02285469535	864.666687011719
1728.6097325454	861
1730.19630868187	861.333312988281
1731.78258317438	860.666687011719
1733.36855609247	860.333312988281
1734.95422750571	861
1736.53959748362	863.666687011719
1738.12466609571	862.333312988281
1739.70943341147	861.666687011719
1741.29389950036	861
1742.87806443182	858.666687011719
1744.46192827529	860.666687011719
1746.04549110016	863
1747.62875297583	861.666687011719
1749.21171397164	862.666687011719
1750.79437415695	862.333312988281
1752.37673360107	860.333312988281
1753.9587923733	861.666687011719
1755.54055054294	862.666687011719
1757.12200817922	860
1758.7031653514	862
1760.28402212869	859.333312988281
1761.86457858029	860.333312988281
1763.44483477536	859
1765.02479078309	864
1766.60444667258	863
1768.18380251297	858.666687011719
1769.76285837334	860
1771.34161432276	863.666687011719
1772.92007043031	859
1774.49822676499	863.666687011719
1776.07608339583	859.333312988281
1777.65364039181	863
1779.23089782192	859.666687011719
1780.80785575509	862.666687011719
1782.38451426026	863.666687011719
1783.96087340633	859.666687011719
1785.5369332622	862.333312988281
1787.11269389674	861.666687011719
1788.68815537878	863.666687011719
1790.26331777717	861.333312988281
1791.8381811607	866
1793.41274559816	866
1794.98701115832	863.333312988281
1796.56097790992	861.666687011719
1798.13464592168	859.666687011719
1799.70801526232	859.666687011719
1801.28108600052	862.666687011719
1802.85385820494	862
1804.42633194421	865
1805.99850728698	859.666687011719
1807.57038430183	860.666687011719
1809.14196305735	862.333312988281
1810.71324362209	864
1812.28422606462	861.333312988281
1813.85491045343	862
1815.42529685704	862.666687011719
1816.99538534392	863.666687011719
1818.56517598253	860.333312988281
1820.13466884132	862.666687011719
1821.7038639887	861
1823.27276149307	863
1824.8413614228	860.333312988281
1826.40966384627	860.333312988281
1827.97766883179	863.666687011719
1829.5453764477	862.333312988281
1831.11278676228	862
1832.67989984383	866.333312988281
1834.24671576058	859.666687011719
1835.81323458078	861
1837.37945637265	864.666687011719
1838.94538120437	861
1840.51100914413	860.666687011719
1842.07634026009	864
1843.64137462037	863.333312988281
1845.20611229309	861.666687011719
1846.77055334635	862.666687011719
1848.33469784822	862.333312988281
1849.89854586675	862.666687011719
1851.46209746998	864
1853.02535272592	863.666687011719
1854.58831170257	859
1856.1509744679	860.666687011719
1857.71334108986	865.666687011719
1859.27541163639	860.333312988281
1860.8371861754	862.333312988281
1862.39866477478	865.666687011719
1863.95984750241	861.333312988281
1865.52073442614	862
1867.0813256138	862
1868.6416211332	862.333312988281
1870.20162105213	860.666687011719
1871.76132543837	862.666687011719
1873.32073435968	862
1874.87984788378	865.333312988281
1876.43866607838	866
1877.99718901118	864
1879.55541674985	860.333312988281
1881.11334936203	862.333312988281
1882.67098691537	863.333312988281
1884.22832947748	866
1885.78537711594	862.333312988281
1887.34212989833	861.666687011719
1888.8985878922	864.333312988281
1890.45475116508	865.333312988281
1892.01061978448	861.333312988281
1893.5661938179	863
1895.12147333281	863
1896.67645839666	863.666687011719
1898.23114907688	863
1899.78554544088	861.333312988281
1901.33964755605	864
1902.89345548978	862
1904.4469693094	861.333312988281
1906.00018908226	864.333312988281
1907.55311487566	867.333312988281
1909.1057467569	863.666687011719
1910.65808479324	868
1912.21012905195	864
1913.76187960025	864
1915.31333650537	860
1916.86449983448	864
1918.41536965476	864.666687011719
1919.96594603337	864.333312988281
1921.51622903745	864.333312988281
1923.06621873409	862.333312988281
1924.61591519041	863.333312988281
1926.16531847346	861
1927.71442865032	863.333312988281
1929.263245788	864
1930.81176995353	866.666687011719
1932.36000121389	866
1933.90793963607	864.333312988281
1935.45558528702	865.666687011719
1937.00293823368	863.666687011719
1938.54999854296	866
1940.09676628175	865
1941.64324151694	864
1943.18942431537	865.333312988281
1944.73531474389	864
1946.28091286932	865.333312988281
1947.82621875844	862.333312988281
1949.37123247804	865.666687011719
1950.91595409488	867.666687011719
1952.46038367568	865.666687011719
1954.00452128718	862.666687011719
1955.54836699607	861.666687011719
1957.09192086903	859
1958.63518297272	862
1960.17815337377	862.333312988281
1961.72083213882	862.333312988281
1963.26321933445	864.666687011719
1964.80531502725	863
1966.34711928378	867.666687011719
1967.88863217059	864.666687011719
1969.42985375419	864
1970.97078410108	866.666687011719
1972.51142327775	860.666687011719
1974.05177135067	861
1975.59182838627	864.666687011719
1977.13159445098	867.333312988281
1978.6710696112	868
1980.21025393333	867.333312988281
1981.74914748371	862
1983.2877503287	866.333312988281
1984.82606253463	863
1986.36408416781	864
1987.90181529451	865
1989.439255981	862.333312988281
1990.97640629354	861.666687011719
1992.51326629836	865
1994.04983606165	863.666687011719
1995.58611564962	862
1997.12210512843	860.666687011719
1998.65780456424	864.666687011719
2000.19321402316	861.333312988281
2001.72833357132	865
2003.26316327481	863.666687011719
2004.7977031997	863
2006.33195341204	863.666687011719
2007.86591397787	865.333312988281
2009.3995849632	867
2010.93296643402	864.333312988281
2012.46605845632	867.666687011719
2013.99886109605	865
2015.53137441914	864.333312988281
2017.06359849151	865.666687011719
2018.59553337907	862.666687011719
2020.12717914768	862.666687011719
2021.65853586322	864
2023.18960359151	863.333312988281
2024.72038239838	864.666687011719
2026.25087234963	865
2027.78107351104	865.333312988281
2029.31098594838	865.333312988281
2030.84060972739	864
2032.36994491378	866.333312988281
2033.89899157328	864.333312988281
2035.42774977156	865.333312988281
2036.95621957428	863.333312988281
2038.4844010471	860.666687011719
2040.01229425564	865
2041.53989926552	868
2043.06721614231	864.333312988281
2044.59424495159	864.666687011719
2046.12098575891	866
2047.6474386298	863.666687011719
2049.17360362977	863.333312988281
2050.69948082432	864.666687011719
2052.22507027892	866
2053.75037205902	869
2055.27538623006	865.333312988281
2056.80011285745	869.333312988281
2058.32455200659	865
2059.84870374287	868
2061.37256813162	864
2062.89614523821	864.333312988281
2064.41943512794	864.333312988281
2065.94243786612	867
2067.46515351802	868.333312988281
2068.98758214891	863.666687011719
2070.50972382404	865.333312988281
2072.03157860863	865.666687011719
2073.55314656788	868.666687011719
2075.07442776698	867
2076.5954222711	865.666687011719
2078.11613014538	867.333312988281
2079.63655145495	870.666687011719
2081.15668626493	865.333312988281
2082.6765346404	865.666687011719
2084.19609664644	864.666687011719
2085.71537234809	862.666687011719
2087.23436181039	867.333312988281
2088.75306509836	865
2090.27148227699	867
2091.78961341125	864.333312988281
2093.30745856611	865
2094.82501780651	867.333312988281
2096.34229119735	866
2097.85927880354	862.666687011719
2099.37598068996	865.666687011719
2100.89239692149	866.333312988281
2102.40852756295	869
2103.92437267917	866
2105.43993233495	864.333312988281
2106.9552065951	867
2108.47019552436	864.666687011719
2109.98489918749	864
2111.49931764922	870
2113.01345097427	869.333312988281
2114.52729922731	867
2116.04086247302	864.666687011719
2117.55414077607	867
2119.06713420108	864.666687011719
2120.57984281267	865
2122.09226667542	862
2123.60440585394	867.666687011719
2125.11626041277	869.666687011719
2126.62783041645	870
2128.1391159295	866.666687011719
2129.65011701644	868.333312988281
2131.16083374173	867.333312988281
2132.67126616985	863.666687011719
2134.18141436525	866
2135.69127839234	862
2137.20085831554	867.333312988281
2138.71015419925	864.333312988281
2140.21916610782	866
2141.72789410561	867.666687011719
2143.23633825696	865.333312988281
2144.74449862617	869.333312988281
2146.25237527755	864.666687011719
2147.75996827537	865.666687011719
2149.2672776839	866
2150.77430356736	867
2152.28104598998	865.333312988281
2153.78750501597	866.666687011719
2155.2936807095	868.666687011719
2156.79957313473	866.666687011719
2158.30518235583	864
2159.81050843691	865
2161.31555144208	865.333312988281
2162.82031143543	865.333312988281
2164.32478848103	866.666687011719
2165.82898264294	862.666687011719
2167.33289398518	864
2168.83652257177	868
2170.33986846672	869.666687011719
2171.84293173399	865.333312988281
2173.34571243754	869
2174.84821064132	865.666687011719
2176.35042640925	866.333312988281
2177.85235980522	871.333312988281
2179.35401089313	866.666687011719
2180.85537973685	864.666687011719
2182.3564664002	867
2183.85727094704	866.666687011719
2185.35779344116	871.333312988281
2186.85803394635	865.333312988281
2188.3579925264	867.666687011719
2189.85766924505	866.333312988281
2191.35706416604	867.333312988281
2192.85617735308	867.666687011719
2194.35500886988	867
2195.85355878012	870
2197.35182714745	867.333312988281
2198.84981403552	869
2200.34751950795	869
2201.84494362836	868.333312988281
2203.34208646031	867.666687011719
2204.8389480674	869
2206.33552851316	866.666687011719
2207.83182786113	867.333312988281
2209.32784617482	864.666687011719
2210.82358351773	862.333312988281
2212.31903995332	865.666687011719
2213.81421554507	868.666687011719
2215.3091103564	867.666687011719
2216.80372445075	866
2218.29805789151	867.333312988281
2219.79211074207	867
2221.28588306578	866.333312988281
2222.77937492601	869
2224.27258638608	872.666687011719
2225.76551750929	868.333312988281
2227.25816835895	868
2228.75053899832	865.333312988281
2230.24262949066	866.333312988281
2231.7344398992	871
2233.22597028717	870.333312988281
2234.71722071777	866.666687011719
2236.20819125417	867
2237.69888195955	871
2239.18929289704	869
2240.67942412976	866
2242.16927572085	868.666687011719
2243.65884773337	864.333312988281
2245.1481402304	868.333312988281
2246.63715327499	869.666687011719
2248.12588693019	868
2249.614341259	867
2251.10251632443	870.666687011719
2252.59041218946	869.666687011719
2254.07802891704	870
2255.56536657012	870.333312988281
2257.05242521163	865.333312988281
2258.53920490447	869.666687011719
2260.02570571153	868.666687011719
2261.51192769569	870.333312988281
2262.99787091979	869
2264.48353544667	868.333312988281
2265.96892133915	871
2267.45402866001	867
2268.93885747205	869.333312988281
2270.42340783802	867.333312988281
2271.90767982068	867.333312988281
2273.39167348273	867
2274.87538888688	868.666687011719
2276.35882609584	866.666687011719
2277.84198517226	867
2279.3248661788	867.333312988281
2280.80746917809	871.333312988281
2282.28979423275	868
2283.77184140537	869.333312988281
2285.25361075854	867.333312988281
2286.73510235482	869.666687011719
2288.21631625675	866.333312988281
2289.69725252685	869.666687011719
2291.17791122763	865.333312988281
2292.65829242159	866.666687011719
2294.13839617119	871.666687011719
2295.61822253888	867.666687011719
2297.09777158711	869.666687011719
2298.57704337827	872
2300.05603797479	868
2301.53475543903	869.666687011719
2303.01319583335	872
2304.49135922011	871.666687011719
2305.96924566162	871.333312988281
2307.4468552202	868.666687011719
2308.92418795814	867.333312988281
2310.4012439377	871
2311.87802322115	870.666687011719
2313.35452587071	869
2314.83075194862	871.333312988281
2316.30670151706	867.666687011719
2317.78237463821	868.666687011719
2319.25777137426	872
2320.73289178733	870.666687011719
2322.20773593956	870
2323.68230389306	870.333312988281
2325.15659570991	872.333312988281
2326.6306114522	872.666687011719
2328.10435118198	872.666687011719
2329.57781496129	878.333312988281
2331.05100285215	876.666687011719
2332.52391491657	871.333312988281
2333.99655121652	868
2335.46891181397	877.333312988281
2336.94099677088	871
2338.41280614917	873.666687011719
2339.88434001075	871.666687011719
2341.35559841754	870.333312988281
2342.82658143138	872.333312988281
2344.29728911416	874
2345.7677215277	870.333312988281
2347.23787873384	875.333312988281
2348.70776079438	871.666687011719
2350.17736777111	871
2351.64669972579	870.666687011719
2353.11575672018	869.666687011719
2354.58453881603	875.333312988281
2356.05304607502	872.333312988281
2357.52127855888	872.333312988281
2358.98923632928	871.666687011719
2360.45691944789	872
2361.92432797634	871.333312988281
2363.39146197628	873
2364.8583215093	871
2366.32490663699	875.333312988281
2367.79121742095	875.666687011719
2369.25725392271	871.333312988281
2370.72301620382	873.333312988281
2372.1885043258	872
2373.65371835016	872.333312988281
2375.11865833837	873.666687011719
2376.58332435192	872.666687011719
2378.04771645224	872.666687011719
2379.51183470077	870.666687011719
2380.97567915892	871.666687011719
2382.43924988809	872
2383.90254694967	873.666687011719
2385.36557040501	871
2386.82832031545	874.333312988281
2388.29079674233	870.666687011719
2389.75299974695	873
2391.21492939061	872
2392.67658573456	872
2394.13796884008	874
2395.5990787684	873.333312988281
2397.05991558074	870.333312988281
2398.5204793383	869.333312988281
2399.98077010226	872.333312988281
2401.44078793381	871.333312988281
2402.90053289408	873
2404.3600050442	874
2405.81920444529	875.333312988281
2407.27813115846	874.666687011719
2408.73678524478	876.333312988281
2410.1951667653	874.666687011719
2411.65327578108	872.666687011719
2413.11111235315	875.333312988281
2414.5686765425	873.333312988281
2416.02596841013	872
2417.48298801703	875
2418.93973542413	872.333312988281
2420.39621069238	876.333312988281
2421.85241388272	872.333312988281
2423.30834505603	875
2424.76400427321	875.666687011719
2426.21939159511	879
2427.67450708261	875.666687011719
2429.12935079652	875
2430.58392279767	875
2432.03822314685	874.666687011719
2433.49225190485	878.666687011719
2434.94600913243	872
2436.39949489034	877.333312988281
2437.8527092393	874
2439.30565224003	871.666687011719
2440.75832395322	874.333312988281
2442.21072443956	874
2443.66285375969	877.333312988281
2445.11471197425	875
2446.56629914389	878.333312988281
2448.0176153292	879.666687011719
2449.46866059077	875.666687011719
2450.91943498918	875
2452.36993858497	878
2453.82017143869	875
2455.27013361086	873.333312988281
2456.71982516198	877.333312988281
2458.16924615254	877
2459.618396643	878
2461.06727669381	873.666687011719
2462.51588636541	874.333312988281
2463.96422571822	872.333312988281
2465.41229481263	876
2466.86009370902	878
2468.30762246776	877.333312988281
2469.7548811492	875
2471.20186981366	872
2472.64858852145	875.333312988281
2474.09503733289	875.333312988281
2475.54121630822	874.333312988281
2476.98712550773	873.666687011719
2478.43276499165	873.666687011719
2479.87813482022	877.666687011719
2481.32323505362	875
2482.76806575206	874.666687011719
2484.21262697572	870.666687011719
2485.65691878475	875.666687011719
2487.10094123928	876.666687011719
2488.54469439945	875.666687011719
2489.98817832535	878.333312988281
2491.43139307707	873.333312988281
2492.87433871469	874.333312988281
2494.31701529826	874.333312988281
2495.75942288781	876
2497.20156154336	878
2498.64343132492	873.666687011719
2500.08503229247	873.666687011719
2501.52636450597	875
2502.96742802538	873.666687011719
2504.40822291064	876.666687011719
2505.84874922164	873.333312988281
2507.28900701831	872.333312988281
2508.72899636051	871
2510.16871730811	874.666687011719
2511.60816992096	876.333312988281
2513.04735425889	873.666687011719
2514.48627038171	874.333312988281
2515.92491834923	875
2517.36329822121	874.333312988281
2518.80141005741	871.333312988281
2520.2392539176	876
2521.67682986148	874.333312988281
2523.11413794877	873.333312988281
2524.55117823917	875
2525.98795079236	874.666687011719
2527.42445566799	874.333312988281
2528.8606929257	873.333312988281
2530.29666262512	877.666687011719
2531.73236482585	874
2533.1677995875	876.333312988281
2534.60296696963	875
2536.0378670318	875
2537.47249983355	875.333312988281
2538.9068654344	876.333312988281
2540.34096389386	872
2541.77479527142	873
2543.20835962655	874.666687011719
2544.64165701872	878
2546.07468750733	873
2547.50745115185	873
2548.93994801164	877
2550.37217814612	876.666687011719
2551.80414161464	874.666687011719
2553.23583847656	873.666687011719
2554.66726879122	874.666687011719
2556.09843261793	873
2557.52933001601	873.666687011719
2558.95996104472	873
2560.39032576336	874
2561.82042423115	876.333312988281
2563.25025650735	875.333312988281
2564.67982265116	875
2566.10912272179	876
2567.53815677843	871.666687011719
2568.96692488024	871.333312988281
2570.39542708636	876.666687011719
2571.82366345595	875.333312988281
2573.2516340481	877.666687011719
2574.67933892193	879.666687011719
2576.1067781365	875
2577.5339517509	878.333312988281
2578.96085982417	877.333312988281
2580.38750241534	878.666687011719
2581.81387958342	876.666687011719
2583.23999138743	879
2584.66583788633	877
2586.09141913909	877
2587.51673520467	876
2588.94178614199	876.666687011719
2590.36657200997	875
2591.7910928675	874
2593.21534877348	873.333312988281
2594.63933978675	875
2596.06306596618	877.666687011719
2597.48652737058	879.666687011719
2598.90972405879	877.333312988281
2600.33265608958	873.666687011719
2601.75532352174	874
2603.17772641405	876
2604.59986482524	876
2606.02173881404	875.666687011719
2607.44334843917	879.333312988281
2608.86469375933	874.666687011719
2610.2857748332	875.666687011719
2611.70659171943	874.333312988281
2613.12714447668	872
2614.54743316358	878
2615.96745783874	874
2617.38721856076	876.666687011719
2618.80671538822	874.666687011719
2620.22594837968	879
2621.64491759369	875.333312988281
2623.06362308877	875
2624.48206492346	872.666687011719
2625.90024315623	874.333312988281
2627.31815784557	875.333312988281
2628.73580904994	877.666687011719
2630.1531968278	874
2631.57032123757	874
2632.98718233767	876
2634.40378018649	877.666687011719
2635.82011484241	874.333312988281
2637.2361863638	874.333312988281
2638.65199480901	881.333312988281
2640.06754023636	877.666687011719
2641.48282270418	879.333312988281
2642.89784227076	878
2644.31259899437	875
2645.7270929333	874.333312988281
2647.14132414577	875.666687011719
2648.55529269003	875
2649.9689986243	875
2651.38244200676	875
2652.7956228956	875.333312988281
2654.20854134899	878
2655.62119742508	877.666687011719
2657.033591182	877
2658.44572267785	878.333312988281
2659.85759197076	875
2661.26919911879	875
2662.68054418002	873.333312988281
2664.09162721249	879.666687011719
2665.50244827423	873.666687011719
2666.91300742327	879.333312988281
2668.32330471762	879.333312988281
2669.73334021523	880
2671.1431139741	878.333312988281
2672.55262605217	877.333312988281
2673.96187650737	878.333312988281
2675.37086539762	876.333312988281
2676.77959278083	879
2678.18805871488	880.666687011719
2679.59626325764	880
2681.00420646696	885
2682.41188840068	881
2683.81930911662	883.333312988281
2685.22646867259	882.666687011719
2686.63336712637	887
2688.04000453573	888.333312988281
2689.44638095843	881.666687011719
2690.8524964522	888.666687011719
2692.25835107476	888.666687011719
2693.66394488383	891.333312988281
2695.06927793709	890.333312988281
2696.47435029222	893
2697.87916200687	896.666687011719
2699.28371313867	897.333312988281
2700.68800374527	901
2702.09203388425	908.666687011719
2703.49580361322	907.333312988281
2704.89931298975	912.666687011719
2706.30256207139	916.333312988281
2707.7055509157	920
2709.10827958019	922.666687011719
2710.51074812238	933.333312988281
2711.91295659976	938.333312988281
2713.3149050698	944.333312988281
2714.71659358998	938.666687011719
2716.11802221772	946
2717.51919101047	949.666687011719
2718.92010002563	948.666687011719
2720.3207493206	946.666687011719
2721.72113895276	942.333312988281
2723.12126897948	948
2724.52113945809	939.333312988281
2725.92075044593	942
2727.32010200032	939
2728.71919417856	930.333312988281
2730.11802703793	928
2731.51660063568	926.333312988281
2732.91491502909	914
2734.31297027537	912.333312988281
2735.71076643175	901
2737.10830355543	907.666687011719
2738.50558170359	898
2739.9026009334	900
2741.29936130202	896.666687011719
2742.69586286658	898
2744.09210568421	892.666687011719
2745.488089812	890.666687011719
2746.88381530705	890
2748.27928222644	893.666687011719
2749.67449062721	890.333312988281
2751.06944056641	887
2752.46413210106	887.666687011719
2753.85856528816	884
2755.25274018472	887.666687011719
2756.64665684771	885.666687011719
2758.04031533408	883
2759.43371570079	885.333312988281
2760.82685800475	884.666687011719
2762.21974230289	879.333312988281
2763.61236865209	880.666687011719
2765.00473710924	883.333312988281
2766.39684773119	885.333312988281
2767.78870057481	877
2769.1802956969	879.333312988281
2770.57163315431	879
2771.96271300382	883.666687011719
2773.35353530221	885.666687011719
2774.74410010626	881.666687011719
2776.13440747271	887.333312988281
2777.52445745831	882
2778.91425011976	885
2780.30378551378	881.666687011719
2781.69306369705	879
2783.08208472624	883.666687011719
2784.47084865801	880.666687011719
2785.859355549	881.666687011719
2787.24760545582	877.333312988281
2788.6355984351	881.333312988281
2790.02333454342	880.333312988281
2791.41081383735	883.666687011719
2792.79803637346	883.666687011719
2794.18500220829	883.666687011719
2795.57171139836	876
2796.9581640002	876.333312988281
2798.34436007029	882
2799.73029966512	882.333312988281
2801.11598284115	887
2802.50140965482	885.333312988281
2803.88658016258	883
2805.27149442084	881.666687011719
2806.656152486	881.666687011719
2808.04055441444	880.333312988281
2809.42470026253	880.333312988281
2810.80859008663	885.666687011719
2812.19222394307	878
2813.57560188818	883.333312988281
2814.95872397826	879.666687011719
2816.3415902696	882
2817.72420081847	877.333312988281
2819.10655568113	881.666687011719
2820.48865491383	884.333312988281
2821.87049857279	883
2823.25208671423	886.333312988281
2824.63341939433	883.666687011719
2826.01449666927	882.333312988281
2827.39531859523	885
2828.77588522834	883.333312988281
2830.15619662474	882.666687011719
2831.53625284055	880.333312988281
2832.91605393186	884.333312988281
2834.29559995476	879.333312988281
2835.67489096532	880.666687011719
2837.05392701958	881.666687011719
2838.4327081736	884.666687011719
2839.81123448339	883.333312988281
2841.18950600495	880.333312988281
2842.56752279428	883
2843.94528490734	880.666687011719
2845.32279240011	885
2846.70004532851	885.333312988281
2848.07704374849	883
2849.45378771594	884
2850.83027728677	884.333312988281
2852.20651251686	884.666687011719
2853.58249346206	885
2854.95822017823	885.333312988281
2856.33369272121	889.333312988281
2857.7089111468	886
2859.08387551082	887.333312988281
2860.45858586904	889
2861.83304227724	886
2863.20724479117	885.666687011719
2864.58119346656	887.666687011719
2865.95488835916	886
2867.32832952466	889.666687011719
2868.70151701875	889.666687011719
2870.07445089711	889
2871.44713121541	894
2872.81955802928	888.333312988281
2874.19173139436	886
2875.56365136627	885
2876.93531800058	885.666687011719
2878.30673135291	882
2879.6778914788	888.333312988281
2881.04879843382	888
