322.962320234923	1017.33331298828
324.821007690871	1006.66668701172
326.679328836639	1003.66668701172
328.537283761817	996.333312988281
330.394872555975	997.666687011719
332.252095308641	987.666687011719
334.108952109319	997
335.965443047485	995.666687011719
337.821568212591	993
339.677327694054	991
341.532721581262	992.333312988281
343.387749963579	985.333312988281
345.24241293034	985
347.096710570842	993.666687011719
348.950642974371	1004.33331298828
350.804210230168	995.666687011719
352.657412427451	996.333312988281
354.510249655416	994.333312988281
356.362722003221	991.666687011719
358.214829560001	995.666687011719
360.066572414857	988
361.917950656873	993.333312988281
363.768964375087	1005.66668701172
365.619613658528	1005.66668701172
367.469898596179	1001.66668701172
369.319819277007	1004
371.169375789945	1008.33331298828
373.018568223899	1012.33331298828
374.867396667745	1016.66668701172
376.715861210331	1020
378.563961940484	1032.33337402344
380.411698946988	1030.33337402344
382.259072318607	1035
384.106082144085	1034.33337402344
385.95272851212	1045.33337402344
387.799011511395	1049
389.644931230555	1053.66662597656
391.490487758231	1054.33337402344
393.33568118301	1052.66662597656
395.18051159346	1058.33337402344
397.024979078119	1073
398.869083725494	1080.33337402344
400.712825624067	1089.33337402344
402.556204862288	1104
404.399221528582	1109.66662597656
406.241875711347	1097.33337402344
408.084167498951	1095.66662597656
409.926096979734	1109.33337402344
411.767664242003	1137.33337402344
413.608869374046	1141.33337402344
415.449712464116	1131.66662597656
417.290193600442	1126
419.13031287122	1131
420.970070364622	1130.66662597656
422.80946616879	1126
424.64850037184	1124
426.48717306186	1131
428.325484326902	1123
430.163434255002	1096.66662597656
432.00102293416	1100
433.838250452352	1113
435.675116897523	1109
437.511622357588	1118.33337402344
439.347766920444	1101
441.18355067395	1096
443.018973705935	1098
444.854036104213	1106.66662597656
446.688737956558	1103
448.523079350722	1099
450.357060374428	1095
452.190681115363	1089.66662597656
454.023941661205	1081
455.856842099588	1083.66662597656
457.689382518117	1085
459.521563004383	1082
461.353383645935	1093.66662597656
463.184844530307	1081.66662597656
465.015945744991	1072
466.84668737746	1087.66662597656
468.677069515163	1098
470.507092245508	1095.33337402344
472.33675565589	1099.66662597656
474.166059833661	1123.66662597656
475.995004866161	1118.33337402344
477.823590840693	1118.66662597656
479.65181784453	1108.33337402344
481.479685964923	1133
483.307195289096	1147
485.134345904241	1147.66662597656
486.961137897524	1171.66662597656
488.78757135608	1161.66662597656
490.613646367026	1187.33337402344
492.43936301744	1209.66662597656
494.264721394378	1220
496.08972158487	1246.33337402344
497.914363675912	1226.33337402344
499.738647754476	1239
501.562573907511	1244.66662597656
503.386142221935	1251.33337402344
505.20935278463	1241.33337402344
507.032205682463	1226
508.854701002267	1204.33337402344
510.676838830849	1224.66662597656
512.498619254989	1221.33337402344
514.320042361438	1207
516.141108236921	1200.66662597656
517.961816968128	1217.33337402344
519.782168641738	1209.66662597656
521.602163344388	1184.33337402344
523.421801162688	1200.66662597656
525.24108218323	1202
527.060006492574	1184
528.878574177246	1177.33337402344
530.696785323756	1171.66662597656
532.514640018575	1164
534.332138348156	1139.66662597656
536.14928039892	1134
537.966066257265	1148
539.782496009551	1133.33337402344
541.598569742125	1132.66662597656
543.41428754129	1144
545.229649493342	1149.66662597656
547.044655684532	1142.66662597656
548.859306201093	1141.33337402344
550.673601129225	1140.33337402344
552.487540555108	1125
554.301124564886	1136.33337402344
556.114353244683	1135.33337402344
557.927226680591	1135.33337402344
559.739744958678	1138
561.551908164982	1149.33337402344
563.363716385518	1149.66662597656
565.175169706269	1148.33337402344
566.986268213187	1156.66662597656
568.797011992212	1148.66662597656
570.607401129243	1165.66662597656
572.417435710154	1170.66662597656
574.227115820797	1148
576.036441546992	1159
577.845412974533	1178.66662597656
579.654030189189	1186.66662597656
581.462293276698	1193.66662597656
583.270202322778	1184.33337402344
585.077757413108	1199.33337402344
586.884958633352	1198.66662597656
588.691806069139	1226.66662597656
590.498299806072	1237.66662597656
592.304439929734	1224.66662597656
594.110226525672	1241.33337402344
595.915659679413	1263
597.720739476447	1287
599.52546600225	1274.33337402344
601.32983934226	1301.66662597656
603.133859581894	1328
604.937526806542	1362
606.740841101563	1383.66662597656
608.543802552294	1394
610.346411244038	1428.66662597656
612.148667262079	1465.66662597656
613.950570691671	1511.66662597656
615.752121618041	1538
617.553320126386	1589.33337402344
619.35416630188	1657.33337402344
621.154660229669	1731.33337402344
622.954801994875	1795.66662597656
624.754591682586	1834
626.554029377869	1864.66662597656
628.353115165762	1979.33337402344
630.15184913128	2058
631.950231359399	2095.33325195313
633.748261935088	2155.33325195313
635.545940943273	2221
637.343268468857	2311.33325195313
639.140244596718	2457
640.936869411709	2538.33325195313
642.733142998656	2634
644.52906544235	2767
646.324636827564	2813.66674804688
648.119857239043	2796.66674804688
649.914726761507	2747
651.709245479643	2660.33325195313
653.503413478111	2544
655.297230841553	2427
657.090697654581	2348.66674804688
658.883814001775	2207.33325195313
660.67657996769	2056
662.46899563686	1880
664.26106109379	1768.33337402344
666.052776422952	1665.33337402344
667.844141708803	1609.33337402344
669.635157035762	1521.66662597656
671.425822488225	1474
673.216138150567	1408.66662597656
675.00610410713	1378.33337402344
676.795720442232	1352.66662597656
678.584987240165	1348.33337402344
680.373904585187	1315
682.162472561547	1298
683.950691253447	1307
685.738560745076	1268
687.526081120591	1245
689.313252464127	1227.66662597656
691.100074859784	1214.66662597656
692.886548391647	1221
694.672673143763	1243.33337402344
696.45844920016	1240
698.24387664484	1216.33337402344
700.028955561777	1191.33337402344
701.813686034909	1175.66662597656
703.598068148168	1179
705.382101985438	1198.66662597656
707.165787630593	1193
708.949125167474	1170
710.732114679892	1171.66662597656
712.514756251636	1165.66662597656
714.297049966473	1165.66662597656
716.078995908135	1166.66662597656
717.86059416033	1154.33337402344
719.641844806745	1151.66662597656
721.422747931037	1154
723.203303616833	1127.33337402344
724.983511947739	1106.33337402344
726.763373007333	1128.33337402344
728.54288687917	1133
730.322053646771	1116.66662597656
732.100873393635	1117.66662597656
733.879346203242	1128.33337402344
735.657472159031	1115.33337402344
737.435251344426	1101
739.212683842823	1101.33337402344
740.989769737589	1096.66662597656
742.766509112064	1095.66662597656
744.542902049568	1079.33337402344
746.318948633388	1082.33337402344
748.094648946789	1084.33337402344
749.870003073008	1074.33337402344
751.645011095255	1071.33337402344
753.419673096721	1082.33337402344
755.193989160558	1090.66662597656
756.967959369905	1099.33337402344
758.741583807865	1083
760.514862557521	1074
762.287795701929	1076
764.060383324115	1068
765.832625507084	1079.33337402344
767.604522333812	1082
769.376073887252	1074.33337402344
771.147280250325	1083
772.918141505932	1087.33337402344
774.688657736946	1084
776.458829026216	1091
778.228655456559	1095.66662597656
779.998137110774	1092
781.767274071624	1100.33337402344
783.536066421857	1115.33337402344
785.304514244192	1115
787.072617621314	1112
788.840376635895	1115.66662597656
790.607791370569	1131
792.374861907953	1138.66662597656
794.141588330631	1144.66662597656
795.907970721171	1143.66662597656
797.674009162106	1139
799.439703735944	1137
801.205054525172	1142.33337402344
802.970061612248	1145
804.734725079605	1134.66662597656
806.499045009651	1101.66662597656
808.263021484761	1092.66662597656
810.026654587299	1084.33337402344
811.789944399589	1075.33337402344
813.55289100394	1072
815.315494482624	1060.66662597656
817.077754917896	1077.66662597656
818.839672391981	1066.33337402344
820.601246987088	1061.33337402344
822.362478785381	1048
824.123367869017	1039
825.883914320117	1043.33337402344
827.644118220777	1038
829.403979653075	1036.33337402344
831.163498699057	1044.33337402344
832.922675440742	1053
834.681509960125	1047
836.440002339177	1042.66662597656
838.198152659842	1020.33331298828
839.955961004042	1019.33331298828
841.713427453662	1023
843.470552090584	1042.33337402344
845.227334996632	1023.66668701172
846.983776253636	1020.66668701172
848.739875943383	1022
850.495634147637	1015.33331298828
852.251050948136	1010.33331298828
854.006126426602	1012.33331298828
855.760860664714	1010.66668701172
857.515253744145	1021.33331298828
859.269305746525	1015.33331298828
861.023016753469	1008.33331298828
862.776386846567	1013
864.529416107376	1003
866.282104617438	997
868.034452458254	989
869.786459711318	996.666687011719
871.538126458082	996.666687011719
873.289452779987	995
875.040438758438	992.333312988281
876.791084474821	986.333312988281
878.541390010491	980
880.29135544679	982.666687011719
882.040980865011	979
883.790266346443	979.333312988281
885.539211972346	981.333312988281
887.287817823948	977.666687011719
889.036083982455	973.666687011719
890.784010529045	976
892.53159754488	978.666687011719
894.278845111085	966
896.025753308768	967.666687011719
897.772322219005	967.333312988281
899.518551922857	963
901.264442501348	974.333312988281
903.009994035478	973.666687011719
904.755206606235	976.666687011719
906.500080294565	968.333312988281
908.2446151814	972.666687011719
909.988811347642	964
911.732668874171	966.666687011719
913.476187841832	966.333312988281
915.219368331461	965.666687011719
916.96221042386	966
918.7047141998	963
920.446879740041	974
922.188707125304	968.333312988281
923.930196436289	963.666687011719
925.671347753679	962.666687011719
927.412161158122	964
929.152636730249	965.666687011719
930.892774550655	970.666687011719
932.632574699918	964.333312988281
934.372037258594	969.666687011719
936.111162307202	969.666687011719
937.849949926251	968.666687011719
939.588400196211	961.333312988281
941.326513197538	966.666687011719
943.064289010654	967
944.801727715962	960.333312988281
946.538829393836	954.333312988281
948.275594124633	958.333312988281
950.012021988677	963
951.748113066265	970.333312988281
953.483867437677	965.333312988281
955.219285183164	963.333312988281
956.954366382951	966
958.689111117243	967.333312988281
960.423519466215	954.666687011719
962.157591510017	956
963.891327328776	956.333312988281
965.624727002599	956.666687011719
967.357790611554	957.333312988281
969.090518235704	961.666687011719
970.82290995507	964.666687011719
972.554965849655	960.666687011719
974.286685999436	960.333312988281
976.018070484371	967.333312988281
977.749119384383	957.333312988281
979.479832779378	954
981.210210749231	953.666687011719
982.940253373799	953.666687011719
984.669960732911	945.333312988281
986.399332906372	957.666687011719
988.128369973957	960.333312988281
989.857072015426	956
991.585439110506	955.666687011719
993.313471338904	954.333312988281
995.041168780296	962.666687011719
996.768531514346	959.666687011719
998.495559620679	951.666687011719
1000.2222531789	952.666687011719
1001.9486122686	961.333312988281
1003.67463696933	961
1005.40032736062	955.333312988281
1007.12568352198	964.666687011719
1008.85070553289	967.333312988281
1010.57539347282	966
1012.29974742119	962
1014.02376745742	952.666687011719
1015.74745366089	957
1017.47080611096	963.666687011719
1019.19382488697	972.333312988281
1020.91651006822	963.333312988281
1022.63886173401	973
1024.3608799636	962.666687011719
1026.08256483622	975.666687011719
1027.80391643108	971
1029.52493482738	972
1031.24562010428	965.333312988281
1032.96597234092	972.333312988281
1034.68599161641	974.333312988281
1036.40567800984	972.666687011719
1038.12503160028	974.333312988281
1039.84405246678	980.333312988281
1041.56274068834	984
1043.28109634397	989
1044.99911951262	995
1046.71681027324	987
1048.43416870476	980.666687011719
1050.15119488606	992.666687011719
1051.86788889603	982
1053.58425081349	991.666687011719
1055.30028071728	994
1057.0159786862	983
1058.73134479901	988.333312988281
1060.44637913446	989.666687011719
1062.16108177129	985
1063.87545278818	978.333312988281
1065.58949226382	985.333312988281
1067.30320027685	986.666687011719
1069.01657690591	982.333312988281
1070.7296222296	985.666687011719
1072.44233632649	991
1074.15471927514	990
1075.86677115408	983.666687011719
1077.57849204182	982.666687011719
1079.28988201683	969.666687011719
1081.00094115758	974.666687011719
1082.71166954249	982.666687011719
1084.42206724999	973.666687011719
1086.13213435844	975
1087.84187094622	983
1089.55127709166	985
1091.26035287306	983.666687011719
1092.96909836873	983.666687011719
1094.67751365691	977
1096.38559881587	970
1098.0933539238	981.666687011719
1099.80077905889	977.666687011719
1101.50787429933	975
1103.21463972324	972.333312988281
1104.92107540876	974
1106.62718143397	977
1108.33295787695	973
1110.03840481574	976
1111.74352232836	980.666687011719
1113.44831049282	984.666687011719
1115.15276938709	986
1116.85689908912	980
1118.56069967683	969
1120.26417122814	980.333312988281
1121.96731382092	985
1123.67012753301	982.333312988281
1125.37261244226	982.666687011719
1127.07476862648	982
1128.77659616344	981.333312988281
1130.4780951309	985
1132.17926560659	990.333312988281
1133.88010766824	987.333312988281
1135.58062139353	999.333312988281
1137.28080686011	995
1138.98066414563	992.666687011719
1140.6801933277	993.333312988281
1142.37939448393	990.333312988281
1144.07826769186	995
1145.77681302905	988.666687011719
1147.47503057301	994.333312988281
1149.17292040125	997
1150.87048259124	992
1152.56771722042	995
1154.26462436621	987.333312988281
1155.96120410603	986.333312988281
1157.65745651724	988.333312988281
1159.3533816772	991.666687011719
1161.04897966324	1001.66668701172
1162.74425055267	991
1164.43919442276	983
1166.13381135077	977
1167.82810141394	985
1169.52206468948	994
1171.21570125458	985
1172.90901118639	977.333312988281
1174.60199456207	977
1176.29465145871	985.666687011719
1177.98698195343	976
1179.67898612328	971
1181.37066404531	973.666687011719
1183.06201579654	973.666687011719
1184.75304145396	984.333312988281
1186.44374109456	979.666687011719
1188.13411479528	972.666687011719
1189.82416263305	968.666687011719
1191.51388468477	971
1193.20328102732	966.333312988281
1194.89235173756	972.333312988281
1196.58109689231	977
1198.26951656839	979.333312988281
1199.95761084259	970
1201.64537979165	972.333312988281
1203.33282349233	973.666687011719
1205.01994202133	972
1206.70673545535	975.333312988281
1208.39320387105	971
1210.07934734508	968.666687011719
1211.76516595405	975
1213.45065977458	977.333312988281
1215.13582888321	980.666687011719
1216.82067335651	975.666687011719
1218.50519327101	983.333312988281
1220.1893887032	980
1221.87325972957	975
1223.55680642657	978.333312988281
1225.24002887063	980.666687011719
1226.92292713817	984.333312988281
1228.60550130556	986.666687011719
1230.28775144918	992.333312988281
1231.96967764535	992.666687011719
1233.6512799704	984
1235.33255850062	980.666687011719
1237.01351331227	994.333312988281
1238.69414448161	1007
1240.37445208484	1001.66668701172
1242.05443619818	995
1243.7340968978	1000
1245.41343425985	1009.33331298828
1247.09244836045	1005.66668701172
1248.77113927572	1009
1250.44950708174	1012.33331298828
1252.12755185455	1009.66668701172
1253.80527367021	1015.66668701172
1255.48267260473	1008.33331298828
1257.15974873408	1004.33331298828
1258.83650213425	1009.66668701172
1260.51293288115	1021.66668701172
1262.18904105073	1023.33331298828
1263.86482671888	1026.33337402344
1265.54028996147	1036.33337402344
1267.21543085434	1047.33337402344
1268.89024947333	1036
1270.56474589423	1028.33337402344
1272.23892019284	1034.66662597656
1273.91277244489	1036.33337402344
1275.58630272614	1042.66662597656
1277.25951111228	1042
1278.93239767902	1032.33337402344
1280.604962502	1042.66662597656
1282.27720565688	1051
1283.94912721927	1042.66662597656
1285.62072726476	1044.66662597656
1287.29200586893	1034.33337402344
1288.96296310733	1038
1290.63359905548	1035.66662597656
1292.30391378889	1025
1293.97390738303	1033.33337402344
1295.64357991337	1041.66662597656
1297.31293145532	1033.66662597656
1298.98196208431	1036.33337402344
1300.65067187573	1022.33331298828
1302.31906090493	996
1303.98712924727	1003.33331298828
1305.65487697805	1000
1307.32230417258	993
1308.98941090612	987.333312988281
1310.65619725392	987.666687011719
1312.32266329122	997.666687011719
1313.98880909322	977
1315.65463473508	961.333312988281
1317.32014029199	967
1318.98532583906	962.333312988281
1320.65019145142	965.666687011719
1322.31473720414	954.333312988281
1323.9789631723	950.666687011719
1325.64286943095	960.666687011719
1327.30645605509	958.333312988281
1328.96972311972	950.333312988281
1330.63267069984	947.333312988281
1332.29529887037	948.333312988281
1333.95760770626	941.333312988281
1335.6195972824	946.333312988281
1337.28126767369	947.333312988281
1338.94261895498	948.333312988281
1340.60365120112	938.666687011719
1342.2643644869	942
1343.92475888713	948.333312988281
1345.58483447659	942.333312988281
1347.24459133	935.333312988281
1348.9040295221	937.666687011719
1350.56314912759	946.333312988281
1352.22195022115	938.666687011719
1353.88043287743	935.333312988281
1355.53859717106	944.333312988281
1357.19644317666	942
1358.85397096881	936.666687011719
1360.51118062207	935.333312988281
1362.168072211	934.333312988281
1363.8246458101	941.333312988281
1365.48090149388	933.333312988281
1367.13683933681	933.666687011719
1368.79245941333	931.666687011719
1370.44776179789	936.333312988281
1372.10274656488	931
1373.75741378869	925.333312988281
1375.41176354367	922
1377.06579590418	927
1378.71951094451	928.666687011719
1380.37290873897	932
1382.02598936183	931.333312988281
1383.67875288733	926
1385.3311993897	925.333312988281
1386.98332894314	920.333312988281
1388.63514162183	925.333312988281
1390.28663749993	927
1391.93781665157	922
1393.58867915087	922
1395.23922507192	924
1396.88945448878	927.333312988281
1398.5393674755	926.666687011719
1400.1889641061	922
1401.83824445458	925.666687011719
1403.48720859493	924
1405.13585660108	925.666687011719
1406.78418854698	925
1408.43220450654	931.333312988281
1410.07990455364	928
1411.72728876215	921.666687011719
1413.37435720592	924.666687011719
1415.02110995876	923.333312988281
1416.66754709446	922
1418.31366868682	925.333312988281
1419.95947480957	920
1421.60496553646	918.666687011719
1423.25014094118	922.666687011719
1424.89500109743	931
1426.53954607887	927.333312988281
1428.18377595914	926.666687011719
1429.82769081186	927
1431.47129071063	922.333312988281
1433.11457572901	920
1434.75754594057	920.333312988281
1436.40020141884	917.666687011719
1438.04254223731	920
1439.68456846948	914.666687011719
1441.32628018881	918.666687011719
1442.96767746874	915
1444.60876038268	918.333312988281
1446.24952900404	916
1447.8899834062	922.333312988281
1449.53012366249	922.666687011719
1451.16994984625	919.333312988281
1452.80946203078	915.666687011719
1454.44866028938	915.333312988281
1456.08754469531	922.333312988281
1457.7261153218	922.333312988281
1459.36437224208	918.666687011719
1461.00231552934	919.333312988281
1462.63994525675	910
1464.27726149747	919
1465.91426432463	915
1467.55095381133	914
1469.18733003067	919
1470.82339305569	915
1472.45914295946	911.666687011719
1474.09457981498	915.666687011719
1475.72970369525	909.666687011719
1477.36451467325	912.666687011719
1478.99901282193	908
1480.63319821423	917
1482.26707092304	915.333312988281
1483.90063102127	911.666687011719
1485.53387858176	910
1487.16681367737	905.666687011719
1488.79943638092	915
1490.43174676521	912
1492.063744903	910
1493.69543086706	910.666687011719
1495.32680473012	917.333312988281
1496.95786656489	904.666687011719
1498.58861644407	914.333312988281
1500.21905444031	911.666687011719
1501.84918062626	905.666687011719
1503.47899507454	906
1505.10849785776	910.333312988281
1506.73768904849	909.333312988281
1508.3665687193	914.666687011719
1509.99513694271	908.333312988281
1511.62339379124	913.333312988281
1513.25133933739	906.666687011719
1514.87897365362	919.666687011719
1516.50629681237	912
1518.13330888608	911.666687011719
1519.76000994715	902.333312988281
1521.38640006796	909
1523.01247932087	905.333312988281
1524.63824777822	905
1526.26370551233	908
1527.88885259549	908.666687011719
1529.51368909997	913
1531.13821509803	909.333312988281
1532.76243066189	904
1534.38633586377	903.666687011719
1536.00993077584	906.666687011719
1537.63321547027	906
1539.25619001921	907.333312988281
1540.87885449478	910.666687011719
1542.50120896906	908.333312988281
1544.12325351415	903.666687011719
1545.7449882021	904.333312988281
1547.36641310493	912.333312988281
1548.98752829467	912.333312988281
1550.60833384329	907.333312988281
1552.22882982278	910
1553.84901630507	910
1555.4688933621	913.333312988281
1557.08846106576	910.666687011719
1558.70771948794	916
1560.32666870049	917.333312988281
1561.94530877527	918.333312988281
1563.56363978407	926
1565.1816617987	924.666687011719
1566.79937489093	929.666687011719
1568.41677913252	942
1570.03387459519	943.333312988281
1571.65066135065	956.666687011719
1573.26713947059	956
1574.88330902668	975.666687011719
1576.49917009055	992.666687011719
1578.11472273384	1014.33331298828
1579.72996702814	1054.33337402344
1581.34490304503	1072
1582.95953085607	1095.66662597656
1584.5738505328	1122
1586.18786214673	1104.33337402344
1587.80156576935	1069
1589.41496147214	1046
1591.02804932655	1021
1592.640829404	989.333312988281
1594.2533017759	963.666687011719
1595.86546651364	942.333312988281
1597.47732368859	931
1599.08887337208	926.333312988281
1600.70011563543	917.333312988281
1602.31105054996	913.333312988281
1603.92167818692	919.666687011719
1605.5319986176	913.666687011719
1607.14201191321	913.333312988281
1608.75171814497	907.333312988281
1610.36111738408	909.666687011719
1611.97020970171	915.333312988281
1613.578995169	904.333312988281
1615.18747385709	908
1616.79564583708	907
1618.40351118007	904.333312988281
1620.01106995711	905.333312988281
1621.61832223925	904
1623.2252680975	908.666687011719
1624.83190760288	901.333312988281
1626.43824082636	904.333312988281
1628.0442678389	902.333312988281
1629.64998871144	905
1631.25540351488	907
1632.86051232013	903.666687011719
1634.46531519806	902
1636.06981221952	904
1637.67400345534	902.666687011719
1639.27788897633	903.666687011719
1640.88146885328	895.666687011719
1642.48474315695	901
1644.08771195809	902.666687011719
1645.69037532742	896.333312988281
1647.29273333566	898.666687011719
1648.89478605347	900.666687011719
1650.49653355152	900.333312988281
1652.09797590046	903.666687011719
1653.69911317089	896.666687011719
1655.29994543341	899
1656.90047275861	900
1658.50069521703	897.333312988281
1660.10061287922	905
1661.70022581567	905.333312988281
1663.29953409689	902
1664.89853779334	906.333312988281
1666.49723697548	899.666687011719
1668.09563171373	896.666687011719
1669.69372207849	898.333312988281
1671.29150814016	902.333312988281
1672.8889899691	906.666687011719
1674.48616763566	899.333312988281
1676.08304121015	899.333312988281
1677.67961076287	899.666687011719
1679.27587636412	903
1680.87183808414	899.333312988281
1682.46749599318	897.666687011719
1684.06285016145	900.666687011719
1685.65790065915	902
1687.25264755646	899
1688.84709092353	901.666687011719
1690.44123083049	904.666687011719
1692.03506734747	897.333312988281
1693.62860054453	898.333312988281
1695.22183049177	902.666687011719
1696.81475725923	902.333312988281
1698.40738091693	894.333312988281
1699.99970153489	895.666687011719
1701.59171918308	896
1703.18343393149	901.666687011719
1704.77484585005	898.333312988281
1706.36595500868	898.333312988281
1707.9567614773	898.666687011719
1709.54726532577	896
1711.13746662398	900.333312988281
1712.72736544174	901.333312988281
1714.31696184889	896.666687011719
1715.90625591522	899
1717.49524771051	898
1719.08393730451	898.666687011719
1720.67232476698	905
1722.2604101676	896.333312988281
1723.8481935761	897.333312988281
1725.43567506213	901
1727.02285469535	901
1728.6097325454	904.333312988281
1730.19630868187	898
1731.78258317438	900.666687011719
1733.36855609247	900.666687011719
1734.95422750571	899
1736.53959748362	899.333312988281
1738.12466609571	900.333312988281
1739.70943341147	897.666687011719
1741.29389950036	894.333312988281
1742.87806443182	899
1744.46192827529	897.666687011719
1746.04549110016	897.333312988281
1747.62875297583	894.666687011719
1749.21171397164	901.333312988281
1750.79437415695	902.333312988281
1752.37673360107	898
1753.9587923733	896
1755.54055054294	900
1757.12200817922	895.666687011719
1758.7031653514	897
1760.28402212869	900.333312988281
1761.86457858029	900.333312988281
1763.44483477536	896.333312988281
1765.02479078309	900.333312988281
1766.60444667258	896.666687011719
1768.18380251297	900.333312988281
1769.76285837334	899
1771.34161432276	902
1772.92007043031	903
1774.49822676499	896.666687011719
1776.07608339583	898.666687011719
1777.65364039181	899.333312988281
1779.23089782192	898
1780.80785575509	897.666687011719
1782.38451426026	896.666687011719
1783.96087340633	898.666687011719
1785.5369332622	893.333312988281
1787.11269389674	902
1788.68815537878	906
1790.26331777717	906
1791.8381811607	899
1793.41274559816	908.666687011719
1794.98701115832	902
1796.56097790992	899.333312988281
1798.13464592168	897
1799.70801526232	894
1801.28108600052	899
1802.85385820494	903
1804.42633194421	902
1805.99850728698	899.666687011719
1807.57038430183	901.666687011719
1809.14196305735	895
1810.71324362209	897.333312988281
1812.28422606462	897
1813.85491045343	894.333312988281
1815.42529685704	901
1816.99538534392	896
1818.56517598253	899.666687011719
1820.13466884132	895.666687011719
1821.7038639887	900
1823.27276149307	900
1824.8413614228	896.333312988281
1826.40966384627	898.333312988281
1827.97766883179	901
1829.5453764477	898.333312988281
1831.11278676228	896.333312988281
1832.67989984383	899.333312988281
1834.24671576058	898.333312988281
1835.81323458078	899
1837.37945637265	900.333312988281
1838.94538120437	898
1840.51100914413	893.666687011719
1842.07634026009	901
1843.64137462037	896
1845.20611229309	891.666687011719
1846.77055334635	899.333312988281
1848.33469784822	898.666687011719
1849.89854586675	896.333312988281
1851.46209746998	890.333312988281
1853.02535272592	894
1854.58831170257	895
1856.1509744679	897
1857.71334108986	899.333312988281
1859.27541163639	896.666687011719
1860.8371861754	896
1862.39866477478	896.333312988281
1863.95984750241	899
1865.52073442614	897.333312988281
1867.0813256138	892.333312988281
1868.6416211332	895.333312988281
1870.20162105213	901
1871.76132543837	896.666687011719
1873.32073435968	898
1874.87984788378	897.333312988281
1876.43866607838	903.333312988281
1877.99718901118	896.333312988281
1879.55541674985	899
1881.11334936203	898.333312988281
1882.67098691537	895.333312988281
1884.22832947748	898.333312988281
1885.78537711594	896.666687011719
1887.34212989833	902
1888.8985878922	899
1890.45475116508	894.333312988281
1892.01061978448	898
1893.5661938179	899.666687011719
1895.12147333281	896.666687011719
1896.67645839666	895.333312988281
1898.23114907688	896.333312988281
1899.78554544088	897.666687011719
1901.33964755605	898
1902.89345548978	901.666687011719
1904.4469693094	897.666687011719
1906.00018908226	895.333312988281
1907.55311487566	896.333312988281
1909.1057467569	900.666687011719
1910.65808479324	905
1912.21012905195	900.666687011719
1913.76187960025	896
1915.31333650537	896.666687011719
1916.86449983448	901
1918.41536965476	896
1919.96594603337	895.666687011719
1921.51622903745	900.333312988281
1923.06621873409	899.333312988281
1924.61591519041	899.333312988281
1926.16531847346	897
1927.71442865032	896.666687011719
1929.263245788	897.666687011719
1930.81176995353	899
1932.36000121389	897
1933.90793963607	900
1935.45558528702	893.666687011719
1937.00293823368	895.666687011719
1938.54999854296	899
1940.09676628175	899
1941.64324151694	894
1943.18942431537	895.333312988281
1944.73531474389	900.666687011719
1946.28091286932	895.666687011719
1947.82621875844	897
1949.37123247804	894.666687011719
1950.91595409488	901.333312988281
1952.46038367568	895.333312988281
1954.00452128718	894
1955.54836699607	893.666687011719
1957.09192086903	897
1958.63518297272	896.333312988281
1960.17815337377	892.666687011719
1961.72083213882	893.666687011719
1963.26321933445	897
1964.80531502725	894.666687011719
1966.34711928378	901.333312988281
1967.88863217059	895.666687011719
1969.42985375419	893
1970.97078410108	899.333312988281
1972.51142327775	895
1974.05177135067	893.333312988281
1975.59182838627	891
1977.13159445098	896
1978.6710696112	892
1980.21025393333	896
1981.74914748371	893
1983.2877503287	894.333312988281
1984.82606253463	896.333312988281
1986.36408416781	890
1987.90181529451	890.666687011719
1989.439255981	890
1990.97640629354	894.333312988281
1992.51326629836	891.666687011719
1994.04983606165	896.666687011719
1995.58611564962	894.666687011719
1997.12210512843	893
1998.65780456424	891.333312988281
2000.19321402316	890.666687011719
2001.72833357132	895.666687011719
2003.26316327481	887.666687011719
2004.7977031997	892
2006.33195341204	890.333312988281
2007.86591397787	898.333312988281
2009.3995849632	895.333312988281
2010.93296643402	894.333312988281
2012.46605845632	896
2013.99886109605	892.666687011719
2015.53137441914	887.666687011719
2017.06359849151	885
2018.59553337907	891.333312988281
2020.12717914768	892.333312988281
2021.65853586322	892.333312988281
2023.18960359151	891.666687011719
2024.72038239838	893
2026.25087234963	892.333312988281
2027.78107351104	890.333312988281
2029.31098594838	889
2030.84060972739	893
2032.36994491378	892.333312988281
2033.89899157328	891.333312988281
2035.42774977156	897
2036.95621957428	896.666687011719
2038.4844010471	891
2040.01229425564	889
2041.53989926552	891.333312988281
2043.06721614231	893.333312988281
2044.59424495159	894.333312988281
2046.12098575891	892.333312988281
2047.6474386298	894.333312988281
2049.17360362977	895.666687011719
2050.69948082432	895.333312988281
2052.22507027892	893.666687011719
2053.75037205902	902.333312988281
2055.27538623006	892.333312988281
2056.80011285745	891.333312988281
2058.32455200659	892
2059.84870374287	895
2061.37256813162	894.666687011719
2062.89614523821	893
2064.41943512794	888.333312988281
2065.94243786612	891.666687011719
2067.46515351802	895.666687011719
2068.98758214891	894.666687011719
2070.50972382404	891.333312988281
2072.03157860863	892.666687011719
2073.55314656788	894.666687011719
2075.07442776698	888.666687011719
2076.5954222711	892.333312988281
2078.11613014538	894.666687011719
2079.63655145495	897.666687011719
2081.15668626493	895
2082.6765346404	893.666687011719
2084.19609664644	892
2085.71537234809	896
2087.23436181039	898
2088.75306509836	894.333312988281
2090.27148227699	893
2091.78961341125	896.666687011719
2093.30745856611	893
2094.82501780651	891.333312988281
2096.34229119735	891.333312988281
2097.85927880354	889.666687011719
2099.37598068996	892
2100.89239692149	892.333312988281
2102.40852756295	895
2103.92437267917	892.333312988281
2105.43993233495	893
2106.9552065951	892.666687011719
2108.47019552436	895.333312988281
2109.98489918749	888.333312988281
2111.49931764922	894.666687011719
2113.01345097427	890.666687011719
2114.52729922731	892.666687011719
2116.04086247302	894
2117.55414077607	891.666687011719
2119.06713420108	893
2120.57984281267	895.333312988281
2122.09226667542	892.333312988281
2123.60440585394	894
2125.11626041277	898.333312988281
2126.62783041645	898.333312988281
2128.1391159295	891
2129.65011701644	892
2131.16083374173	890.666687011719
2132.67126616985	896.333312988281
2134.18141436525	889.666687011719
2135.69127839234	891
2137.20085831554	896
2138.71015419925	896.333312988281
2140.21916610782	891
2141.72789410561	889.666687011719
2143.23633825696	892.666687011719
2144.74449862617	887.333312988281
2146.25237527755	888.333312988281
2147.75996827537	890.666687011719
2149.2672776839	893
2150.77430356736	892.666687011719
2152.28104598998	893.333312988281
2153.78750501597	890.666687011719
2155.2936807095	891.666687011719
2156.79957313473	890.333312988281
2158.30518235583	891
2159.81050843691	893.333312988281
2161.31555144208	890.666687011719
2162.82031143543	886
2164.32478848103	892.333312988281
2165.82898264294	892.333312988281
2167.33289398518	890
2168.83652257177	888.666687011719
2170.33986846672	891.666687011719
2171.84293173399	887.666687011719
2173.34571243754	891
2174.84821064132	889.666687011719
2176.35042640925	890.666687011719
2177.85235980522	896.666687011719
2179.35401089313	894.666687011719
2180.85537973685	895.666687011719
2182.3564664002	893.666687011719
2183.85727094704	890.666687011719
2185.35779344116	890.666687011719
2186.85803394635	891
2188.3579925264	893.666687011719
2189.85766924505	893.666687011719
2191.35706416604	893.333312988281
2192.85617735308	894.333312988281
2194.35500886988	892.666687011719
2195.85355878012	893.666687011719
2197.35182714745	894.666687011719
2198.84981403552	892.333312988281
2200.34751950795	891
2201.84494362836	894
2203.34208646031	891.333312988281
2204.8389480674	891
2206.33552851316	889
2207.83182786113	892.666687011719
2209.32784617482	894
2210.82358351773	892.666687011719
2212.31903995332	892.666687011719
2213.81421554507	893.333312988281
2215.3091103564	893
2216.80372445075	893
2218.29805789151	895.666687011719
2219.79211074207	895
2221.28588306578	890
2222.77937492601	891.333312988281
2224.27258638608	893
2225.76551750929	891.333312988281
2227.25816835895	894
2228.75053899832	892
2230.24262949066	895
2231.7344398992	898.333312988281
2233.22597028717	895.333312988281
2234.71722071777	890.333312988281
2236.20819125417	893.666687011719
2237.69888195955	896.666687011719
2239.18929289704	896
2240.67942412976	887.333312988281
2242.16927572085	896.666687011719
2243.65884773337	892
2245.1481402304	894.666687011719
2246.63715327499	898.666687011719
2248.12588693019	893
2249.614341259	892
2251.10251632443	889.666687011719
2252.59041218946	888.333312988281
2254.07802891704	894.666687011719
2255.56536657012	896.333312988281
2257.05242521163	894
2258.53920490447	895.666687011719
2260.02570571153	892.666687011719
2261.51192769569	893.333312988281
2262.99787091979	888.666687011719
2264.48353544667	892.666687011719
2265.96892133915	899.666687011719
2267.45402866001	893.666687011719
2268.93885747205	897.333312988281
2270.42340783802	892.666687011719
2271.90767982068	894.666687011719
2273.39167348273	893.333312988281
2274.87538888688	892.333312988281
2276.35882609584	893.333312988281
2277.84198517226	892
2279.3248661788	896.333312988281
2280.80746917809	894
2282.28979423275	892.666687011719
2283.77184140537	897
2285.25361075854	897.333312988281
2286.73510235482	887
2288.21631625675	889.666687011719
2289.69725252685	894.333312988281
2291.17791122763	898
2292.65829242159	894.333312988281
2294.13839617119	893.333312988281
2295.61822253888	894
2297.09777158711	896.333312988281
2298.57704337827	896
2300.05603797479	893.333312988281
2301.53475543903	889.666687011719
2303.01319583335	892.333312988281
2304.49135922011	891
2305.96924566162	893
2307.4468552202	896
2308.92418795814	899
2310.4012439377	895
2311.87802322115	894
2313.35452587071	892.333312988281
2314.83075194862	893.333312988281
2316.30670151706	893
2317.78237463821	894
2319.25777137426	898
2320.73289178733	895.333312988281
2322.20773593956	892
2323.68230389306	895.333312988281
2325.15659570991	895.666687011719
2326.6306114522	897.666687011719
2328.10435118198	899
2329.57781496129	902.333312988281
2331.05100285215	901
2332.52391491657	898.666687011719
2333.99655121652	895.333312988281
2335.46891181397	899.333312988281
2336.94099677088	893.666687011719
2338.41280614917	891
2339.88434001075	896.666687011719
2341.35559841754	892
2342.82658143138	897.666687011719
2344.29728911416	895.333312988281
2345.7677215277	893
2347.23787873384	896.333312988281
2348.70776079438	898.666687011719
2350.17736777111	898.333312988281
2351.64669972579	896.666687011719
2353.11575672018	902.666687011719
2354.58453881603	895
2356.05304607502	896.666687011719
2357.52127855888	894.333312988281
2358.98923632928	897.666687011719
2360.45691944789	897
2361.92432797634	896.666687011719
2363.39146197628	890.666687011719
2364.8583215093	895.333312988281
2366.32490663699	894.666687011719
2367.79121742095	896.333312988281
2369.25725392271	895
2370.72301620382	894.666687011719
2372.1885043258	899.333312988281
2373.65371835016	893
2375.11865833837	892
2376.58332435192	896.666687011719
2378.04771645224	897.666687011719
2379.51183470077	896.666687011719
2380.97567915892	898.666687011719
2382.43924988809	895
2383.90254694967	901.333312988281
2385.36557040501	895.666687011719
2386.82832031545	897
2388.29079674233	899.666687011719
2389.75299974695	898.333312988281
2391.21492939061	892.333312988281
2392.67658573456	898.666687011719
2394.13796884008	893
2395.5990787684	896.333312988281
2397.05991558074	894.666687011719
2398.5204793383	901.333312988281
2399.98077010226	897
2401.44078793381	902.333312988281
2402.90053289408	901.333312988281
2404.3600050442	899.666687011719
2405.81920444529	897.666687011719
2407.27813115846	898.666687011719
2408.73678524478	901.333312988281
2410.1951667653	901
2411.65327578108	895.333312988281
2413.11111235315	902.333312988281
2414.5686765425	903.333312988281
2416.02596841013	906
2417.48298801703	906.666687011719
2418.93973542413	904.333312988281
2420.39621069238	900.333312988281
2421.85241388272	905.333312988281
2423.30834505603	907.333312988281
2424.76400427321	909.333312988281
2426.21939159511	912
2427.67450708261	910.333312988281
2429.12935079652	911.333312988281
2430.58392279767	909.333312988281
2432.03822314685	905.666687011719
2433.49225190485	911
2434.94600913243	908.666687011719
2436.39949489034	911.666687011719
2437.8527092393	909.333312988281
2439.30565224003	908.666687011719
2440.75832395322	912.666687011719
2442.21072443956	909.333312988281
2443.66285375969	906.333312988281
2445.11471197425	910.666687011719
2446.56629914389	912
2448.0176153292	906.666687011719
2449.46866059077	907.333312988281
2450.91943498918	908.333312988281
2452.36993858497	909.333312988281
2453.82017143869	904.333312988281
2455.27013361086	906
2456.71982516198	909.666687011719
2458.16924615254	906
2459.618396643	910
2461.06727669381	904.333312988281
2462.51588636541	904
2463.96422571822	901.666687011719
2465.41229481263	903.666687011719
2466.86009370902	901
2468.30762246776	906
2469.7548811492	904.333312988281
2471.20186981366	902
2472.64858852145	904.666687011719
2474.09503733289	897.333312988281
2475.54121630822	899.333312988281
2476.98712550773	899
2478.43276499165	906
2479.87813482022	897.666687011719
2481.32323505362	901.333312988281
2482.76806575206	906.666687011719
2484.21262697572	898.666687011719
2485.65691878475	900.666687011719
2487.10094123928	902
2488.54469439945	899
2489.98817832535	904.333312988281
2491.43139307707	899.333312988281
2492.87433871469	899.333312988281
2494.31701529826	896.666687011719
2495.75942288781	897.666687011719
2497.20156154336	901.333312988281
2498.64343132492	898
2500.08503229247	899.333312988281
2501.52636450597	897.666687011719
2502.96742802538	898.333312988281
2504.40822291064	900.666687011719
2505.84874922164	902.333312988281
2507.28900701831	902.333312988281
2508.72899636051	899.666687011719
2510.16871730811	900.333312988281
2511.60816992096	907.666687011719
2513.04735425889	898
2514.48627038171	898
2515.92491834923	898.333312988281
2517.36329822121	904.333312988281
2518.80141005741	897
2520.2392539176	897
2521.67682986148	903.333312988281
2523.11413794877	899.666687011719
2524.55117823917	903.666687011719
2525.98795079236	899.666687011719
2527.42445566799	901
2528.8606929257	899.333312988281
2530.29666262512	900
2531.73236482585	901.666687011719
2533.1677995875	898
2534.60296696963	901.666687011719
2536.0378670318	902.666687011719
2537.47249983355	898
2538.9068654344	899
2540.34096389386	898
2541.77479527142	900.666687011719
2543.20835962655	895.333312988281
2544.64165701872	898.333312988281
2546.07468750733	896.333312988281
2547.50745115185	896
2548.93994801164	899.333312988281
2550.37217814612	898.666687011719
2551.80414161464	899.333312988281
2553.23583847656	900.333312988281
2554.66726879122	897
2556.09843261793	903.333312988281
2557.52933001601	901.333312988281
2558.95996104472	899.666687011719
2560.39032576336	895.333312988281
2561.82042423115	902
2563.25025650735	901.666687011719
2564.67982265116	899.333312988281
2566.10912272179	897.333312988281
2567.53815677843	897.333312988281
2568.96692488024	894
2570.39542708636	896.666687011719
2571.82366345595	900.666687011719
2573.2516340481	896.666687011719
2574.67933892193	903.666687011719
2576.1067781365	901.333312988281
2577.5339517509	908.666687011719
2578.96085982417	896.666687011719
2580.38750241534	897.333312988281
2581.81387958342	898.666687011719
2583.23999138743	899.333312988281
2584.66583788633	904
2586.09141913909	902.333312988281
2587.51673520467	901.666687011719
2588.94178614199	898.666687011719
2590.36657200997	900.333312988281
2591.7910928675	894.333312988281
2593.21534877348	902.333312988281
2594.63933978675	901.333312988281
2596.06306596618	900
2597.48652737058	901.666687011719
2598.90972405879	896
2600.33265608958	898.666687011719
2601.75532352174	898.666687011719
2603.17772641405	897
2604.59986482524	898.666687011719
2606.02173881404	896.666687011719
2607.44334843917	901.333312988281
2608.86469375933	901
2610.2857748332	897.333312988281
2611.70659171943	901
2613.12714447668	897
2614.54743316358	901.666687011719
2615.96745783874	898.333312988281
2617.38721856076	904
2618.80671538822	904.333312988281
2620.22594837968	905
2621.64491759369	894
2623.06362308877	901.666687011719
2624.48206492346	896
2625.90024315623	901.333312988281
2627.31815784557	898.666687011719
2628.73580904994	903.333312988281
2630.1531968278	902.666687011719
2631.57032123757	905
2632.98718233767	901
2634.40378018649	901.333312988281
2635.82011484241	900.333312988281
2637.2361863638	900.666687011719
2638.65199480901	904.333312988281
2640.06754023636	907
2641.48282270418	908
2642.89784227076	906.333312988281
2644.31259899437	901.333312988281
2645.7270929333	905.666687011719
2647.14132414577	908.666687011719
2648.55529269003	909.333312988281
2649.9689986243	904.333312988281
2651.38244200676	910.333312988281
2652.7956228956	910
2654.20854134899	907.333312988281
2655.62119742508	909.333312988281
2657.033591182	912
2658.44572267785	916.333312988281
2659.85759197076	917
2661.26919911879	915.666687011719
2662.68054418002	919
2664.09162721249	926.333312988281
2665.50244827423	926
2666.91300742327	928
2668.32330471762	932
2669.73334021523	938.333312988281
2671.1431139741	946
2672.55262605217	955
2673.96187650737	952
2675.37086539762	960.333312988281
2676.77959278083	966.666687011719
2678.18805871488	972.666687011719
2679.59626325764	989
2681.00420646696	985.333312988281
2682.41188840068	1006.66668701172
2683.81930911662	1007
2685.22646867259	1014.66668701172
2686.63336712637	1024.66662597656
2688.04000453573	1036.66662597656
2689.44638095843	1047
2690.8524964522	1056.33337402344
2692.25835107476	1079
2693.66394488383	1084.66662597656
2695.06927793709	1107.33337402344
2696.47435029222	1100.33337402344
2697.87916200687	1103.33337402344
2699.28371313867	1101
2700.68800374527	1130.33337402344
2702.09203388425	1131.66662597656
2703.49580361322	1118.33337402344
2704.89931298975	1109.33337402344
2706.30256207139	1123.66662597656
2707.7055509157	1105.66662597656
2709.10827958019	1094
2710.51074812238	1093.33337402344
2711.91295659976	1106.33337402344
2713.3149050698	1096
2714.71659358998	1072.33337402344
2716.11802221772	1072.33337402344
2717.51919101047	1050.33337402344
2718.92010002563	1042.66662597656
2720.3207493206	1031
2721.72113895276	1024.66662597656
2723.12126897948	1006.66668701172
2724.52113945809	991.333312988281
2725.92075044593	984.666687011719
2727.32010200032	971.666687011719
2728.71919417856	968.666687011719
2730.11802703793	963.333312988281
2731.51660063568	956.666687011719
2732.91491502909	952
2734.31297027537	947.333312988281
2735.71076643175	943
2737.10830355543	941
2738.50558170359	941.666687011719
2739.9026009334	928
2741.29936130202	926
2742.69586286658	927.666687011719
2744.09210568421	928.333312988281
2745.488089812	919
2746.88381530705	925.333312988281
2748.27928222644	918.333312988281
2749.67449062721	911.333312988281
2751.06944056641	914
2752.46413210106	911.666687011719
2753.85856528816	915
2755.25274018472	917.333312988281
2756.64665684771	907.333312988281
2758.04031533408	906.333312988281
2759.43371570079	907.666687011719
2760.82685800475	907.666687011719
2762.21974230289	912.333312988281
2763.61236865209	904
2765.00473710924	905.666687011719
2766.39684773119	905.666687011719
2767.78870057481	905
2769.1802956969	902.666687011719
2770.57163315431	902.666687011719
2771.96271300382	905.333312988281
2773.35353530221	910.666687011719
2774.74410010626	906.666687011719
2776.13440747271	904
2777.52445745831	904.333312988281
2778.91425011976	906
2780.30378551378	911
2781.69306369705	904.666687011719
2783.08208472624	904.666687011719
2784.47084865801	904
2785.859355549	901
2787.24760545582	902
2788.6355984351	906.333312988281
2790.02333454342	903.666687011719
2791.41081383735	906
2792.79803637346	904.333312988281
2794.18500220829	907.333312988281
2795.57171139836	905
2796.9581640002	905
2798.34436007029	904.666687011719
2799.73029966512	904.333312988281
2801.11598284115	902.666687011719
2802.50140965482	903.666687011719
2803.88658016258	904.666687011719
2805.27149442084	902.333312988281
2806.656152486	903.666687011719
2808.04055441444	901.333312988281
2809.42470026253	903.333312988281
2810.80859008663	903
2812.19222394307	902.666687011719
2813.57560188818	908.666687011719
2814.95872397826	901.333312988281
2816.3415902696	906
2817.72420081847	901.666687011719
2819.10655568113	905.333312988281
2820.48865491383	907
2821.87049857279	907.666687011719
2823.25208671423	907
2824.63341939433	907.333312988281
2826.01449666927	906.666687011719
2827.39531859523	901.666687011719
2828.77588522834	903
2830.15619662474	902.333312988281
2831.53625284055	898.666687011719
2832.91605393186	901
2834.29559995476	900.666687011719
2835.67489096532	902.666687011719
2837.05392701958	904.666687011719
2838.4327081736	910.666687011719
2839.81123448339	903.333312988281
2841.18950600495	902.333312988281
2842.56752279428	902
2843.94528490734	904
2845.32279240011	907.333312988281
2846.70004532851	905.666687011719
2848.07704374849	906.666687011719
2849.45378771594	901.666687011719
2850.83027728677	905.333312988281
2852.20651251686	903.666687011719
2853.58249346206	907.333312988281
2854.95822017823	906.333312988281
2856.33369272121	910.666687011719
2857.7089111468	904.333312988281
2859.08387551082	905.333312988281
2860.45858586904	901
2861.83304227724	901
2863.20724479117	905
2864.58119346656	903.666687011719
2865.95488835916	903.666687011719
2867.32832952466	904
2868.70151701875	908.666687011719
2870.07445089711	908
2871.44713121541	910.333312988281
2872.81955802928	910.333312988281
2874.19173139436	903.666687011719
2875.56365136627	902.333312988281
2876.93531800058	899.666687011719
2878.30673135291	904.333312988281
2879.6778914788	906
2881.04879843382	907
