322.962320234923	894.666687011719
324.821007690871	892.333312988281
326.679328836639	896
328.537283761817	891.666687011719
330.394872555975	888
332.252095308641	887.333312988281
334.108952109319	888.333312988281
335.965443047485	889
337.821568212591	890
339.677327694054	891
341.532721581262	891
343.387749963579	885.666687011719
345.24241293034	885.333312988281
347.096710570842	893
348.950642974371	895
350.804210230168	888
352.657412427451	889.666687011719
354.510249655416	890
356.362722003221	893.333312988281
358.214829560001	891.666687011719
360.066572414857	888
361.917950656873	891.666687011719
363.768964375087	890.333312988281
365.619613658528	892
367.469898596179	887
369.319819277007	889.333312988281
371.169375789945	890.333312988281
373.018568223899	894.666687011719
374.867396667745	892.666687011719
376.715861210331	896
378.563961940484	895
380.411698946988	891.666687011719
382.259072318607	892
384.106082144085	899
385.95272851212	897.333312988281
387.799011511395	900.666687011719
389.644931230555	894
391.490487758231	900.333312988281
393.33568118301	896.666687011719
395.18051159346	897.666687011719
397.024979078119	898
398.869083725494	901.666687011719
400.712825624067	906.333312988281
402.556204862288	906.333312988281
404.399221528582	900.666687011719
406.241875711347	908.333312988281
408.084167498951	901.666687011719
409.926096979734	907.666687011719
411.767664242003	912.666687011719
413.608869374046	910.333312988281
415.449712464116	912
417.290193600442	907.333312988281
419.13031287122	907.666687011719
420.970070364622	902.666687011719
422.80946616879	903
424.64850037184	908
426.48717306186	907.666687011719
428.325484326902	898.333312988281
430.163434255002	897
432.00102293416	902
433.838250452352	901.666687011719
435.675116897523	899.333312988281
437.511622357588	897.333312988281
439.347766920444	896.666687011719
441.18355067395	896
443.018973705935	899.333312988281
444.854036104213	899.333312988281
446.688737956558	899
448.523079350722	899.333312988281
450.357060374428	900.333312988281
452.190681115363	893
454.023941661205	897.666687011719
455.856842099588	896
457.689382518117	899.333312988281
459.521563004383	894.666687011719
461.353383645935	894.666687011719
463.184844530307	891.666687011719
465.015945744991	893
466.84668737746	895
468.677069515163	896
470.507092245508	894
472.33675565589	896.666687011719
474.166059833661	898.666687011719
475.995004866161	900
477.823590840693	903
479.65181784453	898.333312988281
481.479685964923	893.333312988281
483.307195289096	896
485.134345904241	906
486.961137897524	902.666687011719
488.78757135608	898.333312988281
490.613646367026	902.666687011719
492.43936301744	907.666687011719
494.264721394378	911.333312988281
496.08972158487	918.666687011719
497.914363675912	908.333312988281
499.738647754476	911.666687011719
501.562573907511	906
503.386142221935	905.333312988281
505.20935278463	905.333312988281
507.032205682463	901.666687011719
508.854701002267	898.666687011719
510.676838830849	906.666687011719
512.498619254989	904.333312988281
514.320042361438	903
516.141108236921	899
517.961816968128	899.666687011719
519.782168641738	899.333312988281
521.602163344388	898.666687011719
523.421801162688	900
525.24108218323	902.333312988281
527.060006492574	899
528.878574177246	895.333312988281
530.696785323756	901.333312988281
532.514640018575	896.333312988281
534.332138348156	890.666687011719
536.14928039892	888
537.966066257265	889.666687011719
539.782496009551	893
541.598569742125	893.333312988281
543.41428754129	893.666687011719
545.229649493342	894.666687011719
547.044655684532	893.666687011719
548.859306201093	893.333312988281
550.673601129225	896
552.487540555108	891
554.301124564886	895
556.114353244683	892.666687011719
557.927226680591	891
559.739744958678	892.666687011719
561.551908164982	891.333312988281
563.363716385518	895.666687011719
565.175169706269	896.666687011719
566.986268213187	891.666687011719
568.797011992212	884.333312988281
570.607401129243	893.666687011719
572.417435710154	890.666687011719
574.227115820797	893.666687011719
576.036441546992	895.666687011719
577.845412974533	890.666687011719
579.654030189189	896.666687011719
581.462293276698	892.333312988281
583.270202322778	896
585.077757413108	895
586.884958633352	892
588.691806069139	895.333312988281
590.498299806072	895
592.304439929734	895.666687011719
594.110226525672	895.333312988281
595.915659679413	902
597.720739476447	904.333312988281
599.52546600225	899.333312988281
601.32983934226	899.666687011719
603.133859581894	902.666687011719
604.937526806542	902.666687011719
606.740841101563	902.333312988281
608.543802552294	903.666687011719
610.346411244038	910.333312988281
612.148667262079	912
613.950570691671	914.333312988281
615.752121618041	910.666687011719
617.553320126386	917.333312988281
619.35416630188	915.333312988281
621.154660229669	920.666687011719
622.954801994875	929.666687011719
624.754591682586	929.333312988281
626.554029377869	930
628.353115165762	936.333312988281
630.15184913128	944.333312988281
631.950231359399	942.333312988281
633.748261935088	946
635.545940943273	952.666687011719
637.343268468857	955.666687011719
639.140244596718	965
640.936869411709	965.333312988281
642.733142998656	961.666687011719
644.52906544235	970
646.324636827564	976
648.119857239043	971.333312988281
649.914726761507	967.666687011719
651.709245479643	970
653.503413478111	967.666687011719
655.297230841553	956
657.090697654581	949.333312988281
658.883814001775	942
660.67657996769	934.333312988281
662.46899563686	922.333312988281
664.26106109379	918.333312988281
666.052776422952	909
667.844141708803	908.666687011719
669.635157035762	908
671.425822488225	900.666687011719
673.216138150567	898.333312988281
675.00610410713	892
676.795720442232	894.666687011719
678.584987240165	893.666687011719
680.373904585187	889
682.162472561547	887.333312988281
683.950691253447	891
685.738560745076	886.333312988281
687.526081120591	887.666687011719
689.313252464127	881.333312988281
691.100074859784	884.333312988281
692.886548391647	885.333312988281
694.672673143763	885.333312988281
696.45844920016	885
698.24387664484	889.666687011719
700.028955561777	883
701.813686034909	880.666687011719
703.598068148168	885
705.382101985438	883
707.165787630593	884.666687011719
708.949125167474	882.666687011719
710.732114679892	885
712.514756251636	880
714.297049966473	880.333312988281
716.078995908135	882.666687011719
717.86059416033	878
719.641844806745	883.666687011719
721.422747931037	882.333312988281
723.203303616833	881.666687011719
724.983511947739	884.333312988281
726.763373007333	883.666687011719
728.54288687917	880.666687011719
730.322053646771	878.333312988281
732.100873393635	884.666687011719
733.879346203242	880
735.657472159031	880
737.435251344426	877.333312988281
739.212683842823	881
740.989769737589	878
742.766509112064	879
744.542902049568	876
746.318948633388	878
748.094648946789	873.333312988281
749.870003073008	878.333312988281
751.645011095255	879
753.419673096721	879.666687011719
755.193989160558	877.333312988281
756.967959369905	879.333312988281
758.741583807865	876.333312988281
760.514862557521	876.666687011719
762.287795701929	879.333312988281
764.060383324115	876.666687011719
765.832625507084	878
767.604522333812	877
769.376073887252	878.333312988281
771.147280250325	875.666687011719
772.918141505932	875.333312988281
774.688657736946	877.666687011719
776.458829026216	878.666687011719
778.228655456559	879
779.998137110774	875.333312988281
781.767274071624	879
783.536066421857	876.333312988281
785.304514244192	875.333312988281
787.072617621314	877
788.840376635895	877.666687011719
790.607791370569	875
792.374861907953	878.666687011719
794.141588330631	875.666687011719
795.907970721171	876.333312988281
797.674009162106	879.666687011719
799.439703735944	883
801.205054525172	881.333312988281
802.970061612248	882
804.734725079605	877.666687011719
806.499045009651	877
808.263021484761	874
810.026654587299	873
811.789944399589	871.333312988281
813.55289100394	873
815.315494482624	875.666687011719
817.077754917896	875
818.839672391981	872.333312988281
820.601246987088	874.333312988281
822.362478785381	874.666687011719
824.123367869017	874.333312988281
825.883914320117	871.333312988281
827.644118220777	871.333312988281
829.403979653075	874.333312988281
831.163498699057	871.333312988281
832.922675440742	873.666687011719
834.681509960125	873.333312988281
836.440002339177	870.666687011719
838.198152659842	872
839.955961004042	872.666687011719
841.713427453662	870.333312988281
843.470552090584	872
845.227334996632	873.666687011719
846.983776253636	871.666687011719
848.739875943383	870
850.495634147637	870
852.251050948136	871
854.006126426602	870.333312988281
855.760860664714	868
857.515253744145	870.333312988281
859.269305746525	870
861.023016753469	874
862.776386846567	873.666687011719
864.529416107376	870.666687011719
866.282104617438	869
868.034452458254	870.666687011719
869.786459711318	871.333312988281
871.538126458082	871
873.289452779987	868
875.040438758438	872.333312988281
876.791084474821	869.666687011719
878.541390010491	868.666687011719
880.29135544679	869
882.040980865011	870.333312988281
883.790266346443	872.666687011719
885.539211972346	871.666687011719
887.287817823948	868.666687011719
889.036083982455	868.333312988281
890.784010529045	870
892.53159754488	870
894.278845111085	866.666687011719
896.025753308768	869
897.772322219005	871
899.518551922857	869.666687011719
901.264442501348	872
903.009994035478	868
904.755206606235	869.333312988281
906.500080294565	869
908.2446151814	872.333312988281
909.988811347642	869
911.732668874171	871.666687011719
913.476187841832	872
915.219368331461	867.666687011719
916.96221042386	871.666687011719
918.7047141998	871.333312988281
920.446879740041	871.666687011719
922.188707125304	866.666687011719
923.930196436289	870
925.671347753679	868
927.412161158122	868.666687011719
929.152636730249	869.333312988281
930.892774550655	872
932.632574699918	869
934.372037258594	869
936.111162307202	867
937.849949926251	871
939.588400196211	869
941.326513197538	873.333312988281
943.064289010654	868.666687011719
944.801727715962	866.666687011719
946.538829393836	867.666687011719
948.275594124633	866.333312988281
950.012021988677	867.333312988281
951.748113066265	867.333312988281
953.483867437677	870.666687011719
955.219285183164	869
956.954366382951	867.333312988281
958.689111117243	869.333312988281
960.423519466215	864
962.157591510017	867.666687011719
963.891327328776	867.666687011719
965.624727002599	867.333312988281
967.357790611554	870
969.090518235704	868.333312988281
970.82290995507	867.333312988281
972.554965849655	867.666687011719
974.286685999436	869.333312988281
976.018070484371	870.333312988281
977.749119384383	874
979.479832779378	868.666687011719
981.210210749231	868
982.940253373799	867.666687011719
984.669960732911	868.666687011719
986.399332906372	869.333312988281
988.128369973957	867.666687011719
989.857072015426	865.666687011719
991.585439110506	867.666687011719
993.313471338904	870
995.041168780296	867.333312988281
996.768531514346	867
998.495559620679	867.333312988281
1000.2222531789	872.666687011719
1001.9486122686	869.333312988281
1003.67463696933	865
1005.40032736062	865.666687011719
1007.12568352198	868
1008.85070553289	866
1010.57539347282	868.333312988281
1012.29974742119	869.333312988281
1014.02376745742	866
1015.74745366089	865
1017.47080611096	869
1019.19382488697	868
1020.91651006822	870.666687011719
1022.63886173401	871.333312988281
1024.3608799636	869.666687011719
1026.08256483622	873
1027.80391643108	867.666687011719
1029.52493482738	866.666687011719
1031.24562010428	865
1032.96597234092	865.666687011719
1034.68599161641	868
1036.40567800984	862.666687011719
1038.12503160028	864
1039.84405246678	868.333312988281
1041.56274068834	868.333312988281
1043.28109634397	868
1044.99911951262	867.666687011719
1046.71681027324	868
1048.43416870476	867
1050.15119488606	869.666687011719
1051.86788889603	866
1053.58425081349	869
1055.30028071728	867.666687011719
1057.0159786862	865
1058.73134479901	865.666687011719
1060.44637913446	871.666687011719
1062.16108177129	866.333312988281
1063.87545278818	868
1065.58949226382	867.333312988281
1067.30320027685	866
1069.01657690591	868
1070.7296222296	865.333312988281
1072.44233632649	865.333312988281
1074.15471927514	866.333312988281
1075.86677115408	868.333312988281
1077.57849204182	868.333312988281
1079.28988201683	865.666687011719
1081.00094115758	867.333312988281
1082.71166954249	865.666687011719
1084.42206724999	867
1086.13213435844	864.666687011719
1087.84187094622	866.666687011719
1089.55127709166	869.666687011719
1091.26035287306	865
1092.96909836873	865.333312988281
1094.67751365691	864
1096.38559881587	868.666687011719
1098.0933539238	867
1099.80077905889	865
1101.50787429933	866
1103.21463972324	868
1104.92107540876	867.333312988281
1106.62718143397	869.333312988281
1108.33295787695	865.666687011719
1110.03840481574	865.333312988281
1111.74352232836	866.333312988281
1113.44831049282	868.666687011719
1115.15276938709	868.333312988281
1116.85689908912	867.666687011719
1118.56069967683	864.333312988281
1120.26417122814	865.333312988281
1121.96731382092	868
1123.67012753301	868
1125.37261244226	867.333312988281
1127.07476862648	865.333312988281
1128.77659616344	868.333312988281
1130.4780951309	865.666687011719
1132.17926560659	869.333312988281
1133.88010766824	867.666687011719
1135.58062139353	864
1137.28080686011	869
1138.98066414563	869.333312988281
1140.6801933277	867.666687011719
1142.37939448393	865.666687011719
1144.07826769186	866.333312988281
1145.77681302905	866.666687011719
1147.47503057301	866.333312988281
1149.17292040125	869
1150.87048259124	867.333312988281
1152.56771722042	863
1154.26462436621	866
1155.96120410603	863.666687011719
1157.65745651724	866
1159.3533816772	864
1161.04897966324	866.333312988281
1162.74425055267	866.333312988281
1164.43919442276	864.333312988281
1166.13381135077	863
1167.82810141394	864.333312988281
1169.52206468948	868
1171.21570125458	868.666687011719
1172.90901118639	864
1174.60199456207	863
1176.29465145871	865.666687011719
1177.98698195343	868
1179.67898612328	867.333312988281
1181.37066404531	868.666687011719
1183.06201579654	866
1184.75304145396	866.333312988281
1186.44374109456	865.666687011719
1188.13411479528	866
1189.82416263305	864
1191.51388468477	866
1193.20328102732	864.666687011719
1194.89235173756	866.333312988281
1196.58109689231	870.666687011719
1198.26951656839	865.666687011719
1199.95761084259	870
1201.64537979165	864.333312988281
1203.33282349233	868.666687011719
1205.01994202133	866.333312988281
1206.70673545535	864.666687011719
1208.39320387105	867.333312988281
1210.07934734508	865.333312988281
1211.76516595405	868.666687011719
1213.45065977458	864.666687011719
1215.13582888321	864
1216.82067335651	866.333312988281
1218.50519327101	868
1220.1893887032	871.333312988281
1221.87325972957	864
1223.55680642657	866
1225.24002887063	864.333312988281
1226.92292713817	863.666687011719
1228.60550130556	863.333312988281
1230.28775144918	863.666687011719
1231.96967764535	866.666687011719
1233.6512799704	862.333312988281
1235.33255850062	865.666687011719
1237.01351331227	862.333312988281
1238.69414448161	870
1240.37445208484	866.333312988281
1242.05443619818	865.666687011719
1243.7340968978	869
1245.41343425985	868.333312988281
1247.09244836045	868.333312988281
1248.77113927572	866
1250.44950708174	868.333312988281
1252.12755185455	866.333312988281
1253.80527367021	866.333312988281
1255.48267260473	866.666687011719
1257.15974873408	862.333312988281
1258.83650213425	866.333312988281
1260.51293288115	867
1262.18904105073	868.666687011719
1263.86482671888	868.666687011719
1265.54028996147	866
1267.21543085434	864.666687011719
1268.89024947333	864.666687011719
1270.56474589423	865.333312988281
1272.23892019284	866
1273.91277244489	868
1275.58630272614	865
1277.25951111228	867.666687011719
1278.93239767902	866
1280.604962502	867
1282.27720565688	866
1283.94912721927	870
1285.62072726476	864.666687011719
1287.29200586893	866.666687011719
1288.96296310733	865.333312988281
1290.63359905548	867.666687011719
1292.30391378889	864.666687011719
1293.97390738303	869
1295.64357991337	867.333312988281
1297.31293145532	866
1298.98196208431	868
1300.65067187573	866.666687011719
1302.31906090493	863.666687011719
1303.98712924727	868.333312988281
1305.65487697805	868.666687011719
1307.32230417258	867.666687011719
1308.98941090612	864.666687011719
1310.65619725392	870.666687011719
1312.32266329122	870
1313.98880909322	863.666687011719
1315.65463473508	864.333312988281
1317.32014029199	863.333312988281
1318.98532583906	864.666687011719
1320.65019145142	871
1322.31473720414	862.333312988281
1323.9789631723	864.333312988281
1325.64286943095	866.666687011719
1327.30645605509	866
1328.96972311972	864.333312988281
1330.63267069984	866.666687011719
1332.29529887037	865.666687011719
1333.95760770626	865.666687011719
1335.6195972824	863.333312988281
1337.28126767369	867.333312988281
1338.94261895498	868.333312988281
1340.60365120112	864.333312988281
1342.2643644869	864
1343.92475888713	867.333312988281
1345.58483447659	866
1347.24459133	863.333312988281
1348.9040295221	867
1350.56314912759	866
1352.22195022115	866
1353.88043287743	865.333312988281
1355.53859717106	868.333312988281
1357.19644317666	862.666687011719
1358.85397096881	862.666687011719
1360.51118062207	866.333312988281
1362.168072211	866.333312988281
1363.8246458101	866.333312988281
1365.48090149388	868.333312988281
1367.13683933681	864.333312988281
1368.79245941333	865.333312988281
1370.44776179789	867.333312988281
1372.10274656488	866.666687011719
1373.75741378869	865.333312988281
1375.41176354367	867
1377.06579590418	867.666687011719
1378.71951094451	864.666687011719
1380.37290873897	862
1382.02598936183	866.666687011719
1383.67875288733	866
1385.3311993897	865.666687011719
1386.98332894314	869
1388.63514162183	867.666687011719
1390.28663749993	866.333312988281
1391.93781665157	866
1393.58867915087	866.333312988281
1395.23922507192	866.666687011719
1396.88945448878	866
1398.5393674755	863.333312988281
1400.1889641061	868
1401.83824445458	868.666687011719
1403.48720859493	866.666687011719
1405.13585660108	865.333312988281
1406.78418854698	868.333312988281
1408.43220450654	864
1410.07990455364	866.666687011719
1411.72728876215	864.666687011719
1413.37435720592	861
1415.02110995876	867
1416.66754709446	864.666687011719
1418.31366868682	865
1419.95947480957	865.666687011719
1421.60496553646	866.666687011719
1423.25014094118	860.333312988281
1424.89500109743	864.666687011719
1426.53954607887	867
1428.18377595914	868.333312988281
1429.82769081186	862.333312988281
1431.47129071063	866
1433.11457572901	868
1434.75754594057	861.333312988281
1436.40020141884	863.666687011719
1438.04254223731	862.666687011719
1439.68456846948	862.666687011719
1441.32628018881	864
1442.96767746874	863.666687011719
1444.60876038268	866.666687011719
1446.24952900404	866.666687011719
1447.8899834062	866.666687011719
1449.53012366249	864.333312988281
1451.16994984625	863
1452.80946203078	864
1454.44866028938	865.666687011719
1456.08754469531	866.666687011719
1457.7261153218	866.666687011719
1459.36437224208	864.333312988281
1461.00231552934	865.666687011719
1462.63994525675	864.666687011719
1464.27726149747	864.333312988281
1465.91426432463	863
1467.55095381133	864.333312988281
1469.18733003067	868.666687011719
1470.82339305569	867.666687011719
1472.45914295946	865.666687011719
1474.09457981498	864
1475.72970369525	864.333312988281
1477.36451467325	862.666687011719
1478.99901282193	866
1480.63319821423	864.333312988281
1482.26707092304	864
1483.90063102127	863.666687011719
1485.53387858176	865
1487.16681367737	862.333312988281
1488.79943638092	867
1490.43174676521	865.333312988281
1492.063744903	863
1493.69543086706	866.333312988281
1495.32680473012	864.333312988281
1496.95786656489	864.666687011719
1498.58861644407	868.666687011719
1500.21905444031	864
1501.84918062626	863.333312988281
1503.47899507454	865.666687011719
1505.10849785776	865
1506.73768904849	867.333312988281
1508.3665687193	863.333312988281
1509.99513694271	867.333312988281
1511.62339379124	868
1513.25133933739	866.666687011719
1514.87897365362	869.333312988281
1516.50629681237	867.666687011719
1518.13330888608	866
1519.76000994715	866
1521.38640006796	864.333312988281
1523.01247932087	865.666687011719
1524.63824777822	866.666687011719
1526.26370551233	864
1527.88885259549	866
1529.51368909997	867.333312988281
1531.13821509803	864.666687011719
1532.76243066189	866
1534.38633586377	865.666687011719
1536.00993077584	866
1537.63321547027	863
1539.25619001921	867
1540.87885449478	865
1542.50120896906	866
1544.12325351415	867.333312988281
1545.7449882021	866.333312988281
1547.36641310493	865.333312988281
1548.98752829467	867
1550.60833384329	868.666687011719
1552.22882982278	863.666687011719
1553.84901630507	870.333312988281
1555.4688933621	865.666687011719
1557.08846106576	872
1558.70771948794	869.666687011719
1560.32666870049	868.666687011719
1561.94530877527	871
1563.56363978407	875
1565.1816617987	873.333312988281
1566.79937489093	873
1568.41677913252	881
1570.03387459519	882.333312988281
1571.65066135065	885.333312988281
1573.26713947059	880.666687011719
1574.88330902668	889.333312988281
1576.49917009055	893
1578.11472273384	898.666687011719
1579.72996702814	903
1581.34490304503	913.333312988281
1582.95953085607	910
1584.5738505328	917.666687011719
1586.18786214673	918
1587.80156576935	917.333312988281
1589.41496147214	916
1591.02804932655	912.333312988281
1592.640829404	903.333312988281
1594.2533017759	904.333312988281
1595.86546651364	896.333312988281
1597.47732368859	888.333312988281
1599.08887337208	885.666687011719
1600.70011563543	881.333312988281
1602.31105054996	878.666687011719
1603.92167818692	877.666687011719
1605.5319986176	873.666687011719
1607.14201191321	870.666687011719
1608.75171814497	870
1610.36111738408	867
1611.97020970171	868.666687011719
1613.578995169	869
1615.18747385709	868.666687011719
1616.79564583708	865
1618.40351118007	864.666687011719
1620.01106995711	869
1621.61832223925	866.666687011719
1623.2252680975	865
1624.83190760288	867.666687011719
1626.43824082636	862.333312988281
1628.0442678389	865.333312988281
1629.64998871144	864.333312988281
1631.25540351488	866.666687011719
1632.86051232013	867.333312988281
1634.46531519806	864.666687011719
1636.06981221952	867
1637.67400345534	862
1639.27788897633	865.333312988281
1640.88146885328	863
1642.48474315695	865.333312988281
1644.08771195809	863.666687011719
1645.69037532742	861.333312988281
1647.29273333566	867.333312988281
1648.89478605347	863
1650.49653355152	865.333312988281
1652.09797590046	859.666687011719
1653.69911317089	864
1655.29994543341	868
1656.90047275861	863.333312988281
1658.50069521703	864.666687011719
1660.10061287922	863.666687011719
1661.70022581567	864.666687011719
1663.29953409689	866
1664.89853779334	863.333312988281
1666.49723697548	862
1668.09563171373	863.666687011719
1669.69372207849	865
1671.29150814016	866.333312988281
1672.8889899691	864
1674.48616763566	863
1676.08304121015	863.666687011719
1677.67961076287	864.333312988281
1679.27587636412	862.333312988281
1680.87183808414	865
1682.46749599318	864
1684.06285016145	866
1685.65790065915	867
1687.25264755646	865
1688.84709092353	867
1690.44123083049	868.333312988281
1692.03506734747	866.666687011719
1693.62860054453	867
1695.22183049177	866.666687011719
1696.81475725923	867.333312988281
1698.40738091693	862.666687011719
1699.99970153489	862
1701.59171918308	865
1703.18343393149	866.666687011719
1704.77484585005	863.666687011719
1706.36595500868	866.333312988281
1707.9567614773	863.666687011719
1709.54726532577	864
1711.13746662398	867
1712.72736544174	864
1714.31696184889	866.666687011719
1715.90625591522	863.333312988281
1717.49524771051	863.333312988281
1719.08393730451	863.333312988281
1720.67232476698	866.666687011719
1722.2604101676	863
1723.8481935761	864.333312988281
1725.43567506213	864
1727.02285469535	866.666687011719
1728.6097325454	864.666687011719
1730.19630868187	865
1731.78258317438	865.666687011719
1733.36855609247	865.333312988281
1734.95422750571	864.333312988281
1736.53959748362	864.666687011719
1738.12466609571	863
1739.70943341147	862.333312988281
1741.29389950036	863.666687011719
1742.87806443182	863
1744.46192827529	862.666687011719
1746.04549110016	863.666687011719
1747.62875297583	863
1749.21171397164	864.666687011719
1750.79437415695	866.666687011719
1752.37673360107	865.666687011719
1753.9587923733	864
1755.54055054294	868
1757.12200817922	863.666687011719
1758.7031653514	864
1760.28402212869	863.333312988281
1761.86457858029	863
1763.44483477536	865
1765.02479078309	866.333312988281
1766.60444667258	868.666687011719
1768.18380251297	862
1769.76285837334	864.333312988281
1771.34161432276	868
1772.92007043031	866.666687011719
1774.49822676499	866
1776.07608339583	866.333312988281
1777.65364039181	868.666687011719
1779.23089782192	866.333312988281
1780.80785575509	869.333312988281
1782.38451426026	863.333312988281
1783.96087340633	865
1785.5369332622	867.666687011719
1787.11269389674	864
1788.68815537878	867
1790.26331777717	865.333312988281
1791.8381811607	871.333312988281
1793.41274559816	871
1794.98701115832	863.333312988281
1796.56097790992	864.333312988281
1798.13464592168	868.333312988281
1799.70801526232	863
1801.28108600052	866.666687011719
1802.85385820494	865.333312988281
1804.42633194421	866.666687011719
1805.99850728698	868.333312988281
1807.57038430183	866
1809.14196305735	866.333312988281
1810.71324362209	863.333312988281
1812.28422606462	865.666687011719
1813.85491045343	861.333312988281
1815.42529685704	861.666687011719
1816.99538534392	865
1818.56517598253	866.666687011719
1820.13466884132	866.333312988281
1821.7038639887	864.333312988281
1823.27276149307	863.666687011719
1824.8413614228	864.666687011719
1826.40966384627	868
1827.97766883179	867.666687011719
1829.5453764477	865.333312988281
1831.11278676228	864.333312988281
1832.67989984383	865.333312988281
1834.24671576058	865.333312988281
1835.81323458078	866.666687011719
1837.37945637265	864
1838.94538120437	866.333312988281
1840.51100914413	867.666687011719
1842.07634026009	866.333312988281
1843.64137462037	865.333312988281
1845.20611229309	870
1846.77055334635	867.666687011719
1848.33469784822	866
1849.89854586675	866
1851.46209746998	864
1853.02535272592	863
1854.58831170257	865.666687011719
1856.1509744679	867.666687011719
1857.71334108986	868
1859.27541163639	865.666687011719
1860.8371861754	869.666687011719
1862.39866477478	868.333312988281
1863.95984750241	868.333312988281
1865.52073442614	865.666687011719
1867.0813256138	866.333312988281
1868.6416211332	863.666687011719
1870.20162105213	865.666687011719
1871.76132543837	865.666687011719
1873.32073435968	865.333312988281
1874.87984788378	866
1876.43866607838	867.333312988281
1877.99718901118	868.333312988281
1879.55541674985	865.666687011719
1881.11334936203	865.666687011719
1882.67098691537	867.333312988281
1884.22832947748	867.333312988281
1885.78537711594	865.666687011719
1887.34212989833	870.333312988281
1888.8985878922	867
1890.45475116508	865
1892.01061978448	864.333312988281
1893.5661938179	864.333312988281
1895.12147333281	871.666687011719
1896.67645839666	867
1898.23114907688	866.333312988281
1899.78554544088	868.666687011719
1901.33964755605	871
1902.89345548978	865.333312988281
1904.4469693094	869
1906.00018908226	865
1907.55311487566	870.333312988281
1909.1057467569	866.666687011719
1910.65808479324	869.666687011719
1912.21012905195	868.333312988281
1913.76187960025	868.333312988281
1915.31333650537	866.333312988281
1916.86449983448	867
1918.41536965476	866.333312988281
1919.96594603337	868
1921.51622903745	870.666687011719
1923.06621873409	867.333312988281
1924.61591519041	864.666687011719
1926.16531847346	866.333312988281
1927.71442865032	868
1929.263245788	869.333312988281
1930.81176995353	869.666687011719
1932.36000121389	872
1933.90793963607	866
1935.45558528702	870
1937.00293823368	866.666687011719
1938.54999854296	868
1940.09676628175	869
1941.64324151694	869.333312988281
1943.18942431537	865.666687011719
1944.73531474389	867.333312988281
1946.28091286932	871.333312988281
1947.82621875844	867.333312988281
1949.37123247804	867.666687011719
1950.91595409488	871.666687011719
1952.46038367568	866.333312988281
1954.00452128718	865.666687011719
1955.54836699607	869
1957.09192086903	871.333312988281
1958.63518297272	868.333312988281
1960.17815337377	868.333312988281
1961.72083213882	866.666687011719
1963.26321933445	868
1964.80531502725	870.333312988281
1966.34711928378	867.666687011719
1967.88863217059	869.666687011719
1969.42985375419	864.666687011719
1970.97078410108	870.333312988281
1972.51142327775	869.666687011719
1974.05177135067	868.333312988281
1975.59182838627	867.666687011719
1977.13159445098	867.666687011719
1978.6710696112	868
1980.21025393333	869
1981.74914748371	868.666687011719
1983.2877503287	871
1984.82606253463	870.666687011719
1986.36408416781	865
1987.90181529451	864.666687011719
1989.439255981	869.333312988281
1990.97640629354	867.333312988281
1992.51326629836	869.333312988281
1994.04983606165	867.666687011719
1995.58611564962	867.333312988281
1997.12210512843	866.333312988281
1998.65780456424	868.333312988281
2000.19321402316	869.333312988281
2001.72833357132	867.333312988281
2003.26316327481	866
2004.7977031997	866.666687011719
2006.33195341204	867
2007.86591397787	866.333312988281
2009.3995849632	868
2010.93296643402	868.333312988281
2012.46605845632	871
2013.99886109605	867.333312988281
2015.53137441914	870.666687011719
2017.06359849151	865
2018.59553337907	867.333312988281
2020.12717914768	869.666687011719
2021.65853586322	863.333312988281
2023.18960359151	866
2024.72038239838	869
2026.25087234963	870
2027.78107351104	867
2029.31098594838	866.333312988281
2030.84060972739	868.333312988281
2032.36994491378	865.666687011719
2033.89899157328	864
2035.42774977156	869.666687011719
2036.95621957428	874
2038.4844010471	868.333312988281
2040.01229425564	867
2041.53989926552	868.666687011719
2043.06721614231	869.333312988281
2044.59424495159	867.333312988281
2046.12098575891	872
2047.6474386298	869.333312988281
2049.17360362977	869
2050.69948082432	868.666687011719
2052.22507027892	868.333312988281
2053.75037205902	870.333312988281
2055.27538623006	868.333312988281
2056.80011285745	867.666687011719
2058.32455200659	869.666687011719
2059.84870374287	867
2061.37256813162	867
2062.89614523821	869.333312988281
2064.41943512794	869.666687011719
2065.94243786612	870.666687011719
2067.46515351802	873.333312988281
2068.98758214891	869.333312988281
2070.50972382404	868.333312988281
2072.03157860863	867.666687011719
2073.55314656788	870.333312988281
2075.07442776698	872.666687011719
2076.5954222711	871
2078.11613014538	868.666687011719
2079.63655145495	874
2081.15668626493	867.333312988281
2082.6765346404	870.666687011719
2084.19609664644	866.333312988281
2085.71537234809	868.333312988281
2087.23436181039	869.333312988281
2088.75306509836	869.666687011719
2090.27148227699	871.666687011719
2091.78961341125	869
2093.30745856611	866
2094.82501780651	869.333312988281
2096.34229119735	869
2097.85927880354	866.666687011719
2099.37598068996	872
2100.89239692149	870.333312988281
2102.40852756295	876.333312988281
2103.92437267917	871
2105.43993233495	869
2106.9552065951	869
2108.47019552436	869
2109.98489918749	867.666687011719
2111.49931764922	871.333312988281
2113.01345097427	870
2114.52729922731	865.333312988281
2116.04086247302	867.666687011719
2117.55414077607	869
2119.06713420108	871
2120.57984281267	869
2122.09226667542	868.333312988281
2123.60440585394	871
2125.11626041277	870
2126.62783041645	872
2128.1391159295	868
2129.65011701644	871
2131.16083374173	871
2132.67126616985	871
2134.18141436525	869.666687011719
2135.69127839234	867
2137.20085831554	871
2138.71015419925	868
2140.21916610782	870.333312988281
2141.72789410561	869.666687011719
2143.23633825696	870.666687011719
2144.74449862617	868
2146.25237527755	869
2147.75996827537	866.333312988281
2149.2672776839	870.666687011719
2150.77430356736	869.666687011719
2152.28104598998	869.666687011719
2153.78750501597	872
2155.2936807095	867.333312988281
2156.79957313473	867.666687011719
2158.30518235583	869.666687011719
2159.81050843691	867.666687011719
2161.31555144208	867.666687011719
2162.82031143543	869.333312988281
2164.32478848103	866.333312988281
2165.82898264294	870.666687011719
2167.33289398518	870.666687011719
2168.83652257177	868
2170.33986846672	871
2171.84293173399	869.333312988281
2173.34571243754	867.333312988281
2174.84821064132	866
2176.35042640925	871.666687011719
2177.85235980522	873.333312988281
2179.35401089313	872
2180.85537973685	869.333312988281
2182.3564664002	870.666687011719
2183.85727094704	868
2185.35779344116	872
2186.85803394635	869.666687011719
2188.3579925264	871
2189.85766924505	869.666687011719
2191.35706416604	870.333312988281
2192.85617735308	870.333312988281
2194.35500886988	870.333312988281
2195.85355878012	869.333312988281
2197.35182714745	871.333312988281
2198.84981403552	875
2200.34751950795	869.333312988281
2201.84494362836	870
2203.34208646031	867.666687011719
2204.8389480674	870.666687011719
2206.33552851316	867.666687011719
2207.83182786113	870.333312988281
2209.32784617482	871.333312988281
2210.82358351773	865
2212.31903995332	869
2213.81421554507	870.333312988281
2215.3091103564	871.666687011719
2216.80372445075	868
2218.29805789151	871.333312988281
2219.79211074207	872.333312988281
2221.28588306578	870.666687011719
2222.77937492601	870.666687011719
2224.27258638608	875.666687011719
2225.76551750929	873.666687011719
2227.25816835895	869
2228.75053899832	872.666687011719
2230.24262949066	873.333312988281
2231.7344398992	874
2233.22597028717	869.666687011719
2234.71722071777	872.333312988281
2236.20819125417	870.333312988281
2237.69888195955	873.666687011719
2239.18929289704	875.666687011719
2240.67942412976	871.666687011719
2242.16927572085	872
2243.65884773337	870.666687011719
2245.1481402304	872.666687011719
2246.63715327499	870.333312988281
2248.12588693019	869
2249.614341259	873.333312988281
2251.10251632443	872.333312988281
2252.59041218946	871
2254.07802891704	872
2255.56536657012	871.666687011719
2257.05242521163	868.666687011719
2258.53920490447	872
2260.02570571153	870
2261.51192769569	873
2262.99787091979	873.333312988281
2264.48353544667	874
2265.96892133915	871.333312988281
2267.45402866001	874
2268.93885747205	873.333312988281
2270.42340783802	867.666687011719
2271.90767982068	874.333312988281
2273.39167348273	872
2274.87538888688	875.666687011719
2276.35882609584	874
2277.84198517226	871
2279.3248661788	872.333312988281
2280.80746917809	874
2282.28979423275	872.666687011719
2283.77184140537	874.666687011719
2285.25361075854	875.333312988281
2286.73510235482	873.333312988281
2288.21631625675	868.333312988281
2289.69725252685	874
2291.17791122763	870.666687011719
2292.65829242159	871
2294.13839617119	876.333312988281
2295.61822253888	874.333312988281
2297.09777158711	871.333312988281
2298.57704337827	873.666687011719
2300.05603797479	872.666687011719
2301.53475543903	876
2303.01319583335	870
2304.49135922011	873.666687011719
2305.96924566162	877
2307.4468552202	876.333312988281
2308.92418795814	869
2310.4012439377	876.666687011719
2311.87802322115	875.333312988281
2313.35452587071	873.666687011719
2314.83075194862	878.333312988281
2316.30670151706	875.333312988281
2317.78237463821	870
2319.25777137426	875.666687011719
2320.73289178733	873.333312988281
2322.20773593956	873.333312988281
2323.68230389306	877.666687011719
2325.15659570991	876.333312988281
2326.6306114522	876.666687011719
2328.10435118198	879
2329.57781496129	881
2331.05100285215	877.333312988281
2332.52391491657	875.333312988281
2333.99655121652	875.666687011719
2335.46891181397	877
2336.94099677088	874.666687011719
2338.41280614917	872
2339.88434001075	875
2341.35559841754	876
2342.82658143138	875.333312988281
2344.29728911416	875
2345.7677215277	876.333312988281
2347.23787873384	879.333312988281
2348.70776079438	876.333312988281
2350.17736777111	873.333312988281
2351.64669972579	876.333312988281
2353.11575672018	872.666687011719
2354.58453881603	872.333312988281
2356.05304607502	878.666687011719
2357.52127855888	876
2358.98923632928	874
2360.45691944789	875.666687011719
2361.92432797634	876.666687011719
2363.39146197628	873.333312988281
2364.8583215093	881.333312988281
2366.32490663699	877
2367.79121742095	878
2369.25725392271	875
2370.72301620382	871.333312988281
2372.1885043258	877
2373.65371835016	870.666687011719
2375.11865833837	878.333312988281
2376.58332435192	876.333312988281
2378.04771645224	872.333312988281
2379.51183470077	875
2380.97567915892	874.333312988281
2382.43924988809	872
2383.90254694967	879.333312988281
2385.36557040501	874.333312988281
2386.82832031545	876
2388.29079674233	873.333312988281
2389.75299974695	875.666687011719
2391.21492939061	876
2392.67658573456	877.666687011719
2394.13796884008	877
2395.5990787684	877.666687011719
2397.05991558074	878.333312988281
2398.5204793383	877.333312988281
2399.98077010226	878.666687011719
2401.44078793381	882
2402.90053289408	879.333312988281
2404.3600050442	876.333312988281
2405.81920444529	879
2407.27813115846	880.333312988281
2408.73678524478	878.333312988281
2410.1951667653	875.333312988281
2411.65327578108	876.333312988281
2413.11111235315	879.333312988281
2414.5686765425	878.333312988281
2416.02596841013	874.666687011719
2417.48298801703	879.666687011719
2418.93973542413	878.666687011719
2420.39621069238	882.666687011719
2421.85241388272	880.333312988281
2423.30834505603	879.666687011719
2424.76400427321	881.666687011719
2426.21939159511	877
2427.67450708261	877.333312988281
2429.12935079652	874
2430.58392279767	880.666687011719
2432.03822314685	876.666687011719
2433.49225190485	878
2434.94600913243	880.666687011719
2436.39949489034	880.666687011719
2437.8527092393	878
2439.30565224003	878.333312988281
2440.75832395322	881.333312988281
2442.21072443956	882.666687011719
2443.66285375969	878.666687011719
2445.11471197425	878.666687011719
2446.56629914389	880.666687011719
2448.0176153292	884
2449.46866059077	881
2450.91943498918	878.333312988281
2452.36993858497	877
2453.82017143869	879
2455.27013361086	877.666687011719
2456.71982516198	879.333312988281
2458.16924615254	878.666687011719
2459.618396643	883.666687011719
2461.06727669381	881
2462.51588636541	879.666687011719
2463.96422571822	878.666687011719
2465.41229481263	880.666687011719
2466.86009370902	882.666687011719
2468.30762246776	879.333312988281
2469.7548811492	878
2471.20186981366	878
2472.64858852145	880.666687011719
2474.09503733289	880.333312988281
2475.54121630822	877
2476.98712550773	876.333312988281
2478.43276499165	874
2479.87813482022	878.666687011719
2481.32323505362	879
2482.76806575206	880.666687011719
2484.21262697572	874.666687011719
2485.65691878475	879.666687011719
2487.10094123928	878
2488.54469439945	876
2489.98817832535	879.666687011719
2491.43139307707	874
2492.87433871469	877.666687011719
2494.31701529826	875.666687011719
2495.75942288781	877.333312988281
2497.20156154336	883.666687011719
2498.64343132492	877
2500.08503229247	880
2501.52636450597	876.666687011719
2502.96742802538	880
2504.40822291064	881.666687011719
2505.84874922164	878.666687011719
2507.28900701831	880.666687011719
2508.72899636051	878.333312988281
2510.16871730811	876.333312988281
2511.60816992096	884.333312988281
2513.04735425889	878.666687011719
2514.48627038171	877.333312988281
2515.92491834923	878.666687011719
2517.36329822121	877
2518.80141005741	878
2520.2392539176	880.333312988281
2521.67682986148	879.666687011719
2523.11413794877	877
2524.55117823917	877.666687011719
2525.98795079236	875
2527.42445566799	882.333312988281
2528.8606929257	874.333312988281
2530.29666262512	876.666687011719
2531.73236482585	878.666687011719
2533.1677995875	879.666687011719
2534.60296696963	877.666687011719
2536.0378670318	878.666687011719
2537.47249983355	879
2538.9068654344	880
2540.34096389386	876
2541.77479527142	878
2543.20835962655	875
2544.64165701872	876
2546.07468750733	877.666687011719
2547.50745115185	877.666687011719
2548.93994801164	879
2550.37217814612	878.666687011719
2551.80414161464	879.333312988281
2553.23583847656	871.666687011719
2554.66726879122	878
2556.09843261793	876.333312988281
2557.52933001601	879
2558.95996104472	875.333312988281
2560.39032576336	878.666687011719
2561.82042423115	880.333312988281
2563.25025650735	880
2564.67982265116	879.666687011719
2566.10912272179	879
2567.53815677843	878
2568.96692488024	876
2570.39542708636	879.333312988281
2571.82366345595	877.666687011719
2573.2516340481	883.333312988281
2574.67933892193	882
2576.1067781365	879
2577.5339517509	881.333312988281
2578.96085982417	878.666687011719
2580.38750241534	880
2581.81387958342	879.666687011719
2583.23999138743	878.333312988281
2584.66583788633	881.333312988281
2586.09141913909	880.333312988281
2587.51673520467	879.333312988281
2588.94178614199	880.666687011719
2590.36657200997	876.666687011719
2591.7910928675	877.333312988281
2593.21534877348	876.333312988281
2594.63933978675	879.333312988281
2596.06306596618	878.333312988281
2597.48652737058	877.666687011719
2598.90972405879	881.666687011719
2600.33265608958	880.333312988281
2601.75532352174	878.666687011719
2603.17772641405	879.333312988281
2604.59986482524	881.666687011719
2606.02173881404	876.666687011719
2607.44334843917	881.666687011719
2608.86469375933	881.666687011719
2610.2857748332	880.333312988281
2611.70659171943	876.333312988281
2613.12714447668	874.666687011719
2614.54743316358	881
2615.96745783874	880.666687011719
2617.38721856076	883
2618.80671538822	879
2620.22594837968	876.333312988281
2621.64491759369	880.666687011719
2623.06362308877	877.333312988281
2624.48206492346	881.666687011719
2625.90024315623	879.666687011719
2627.31815784557	881.333312988281
2628.73580904994	883
2630.1531968278	881
2631.57032123757	877
2632.98718233767	879.333312988281
2634.40378018649	876.666687011719
2635.82011484241	878.333312988281
2637.2361863638	876.333312988281
2638.65199480901	883.333312988281
2640.06754023636	880.333312988281
2641.48282270418	882
2642.89784227076	879.333312988281
2644.31259899437	879
2645.7270929333	881.666687011719
2647.14132414577	878
2648.55529269003	882.666687011719
2649.9689986243	881
2651.38244200676	884
2652.7956228956	881.666687011719
2654.20854134899	879.333312988281
2655.62119742508	883.666687011719
2657.033591182	881.666687011719
2658.44572267785	881.666687011719
2659.85759197076	880.333312988281
2661.26919911879	880
2662.68054418002	885
2664.09162721249	883
2665.50244827423	882
2666.91300742327	880.333312988281
2668.32330471762	884.333312988281
2669.73334021523	886
2671.1431139741	889.333312988281
2672.55262605217	884.666687011719
2673.96187650737	890.333312988281
2675.37086539762	892
2676.77959278083	889.333312988281
2678.18805871488	889.666687011719
2679.59626325764	891
2681.00420646696	895
2682.41188840068	892.666687011719
2683.81930911662	890.666687011719
2685.22646867259	896.333312988281
2686.63336712637	893.333312988281
2688.04000453573	901.666687011719
2689.44638095843	900
2690.8524964522	900.333312988281
2692.25835107476	904
2693.66394488383	905.666687011719
2695.06927793709	906.666687011719
2696.47435029222	906.333312988281
2697.87916200687	907
2699.28371313867	909
2700.68800374527	913
2702.09203388425	910.666687011719
2703.49580361322	921.666687011719
2704.89931298975	921
2706.30256207139	919
2707.7055509157	922.666687011719
2709.10827958019	922.333312988281
2710.51074812238	926.333312988281
2711.91295659976	920
2713.3149050698	923.333312988281
2714.71659358998	929.666687011719
2716.11802221772	928.333312988281
2717.51919101047	929.333312988281
2718.92010002563	928.333312988281
2720.3207493206	934.333312988281
2721.72113895276	936
2723.12126897948	936
2724.52113945809	931.333312988281
2725.92075044593	931.333312988281
2727.32010200032	929.333312988281
2728.71919417856	931
2730.11802703793	927.333312988281
2731.51660063568	931
2732.91491502909	930
2734.31297027537	924.666687011719
2735.71076643175	920.333312988281
2737.10830355543	919.666687011719
2738.50558170359	921.666687011719
2739.9026009334	918.666687011719
2741.29936130202	916.333312988281
2742.69586286658	911.333312988281
2744.09210568421	909.333312988281
2745.488089812	914.666687011719
2746.88381530705	903
2748.27928222644	903.666687011719
2749.67449062721	902.666687011719
2751.06944056641	900.333312988281
2752.46413210106	896.666687011719
2753.85856528816	899
2755.25274018472	896
2756.64665684771	895.333312988281
2758.04031533408	893
2759.43371570079	893.666687011719
2760.82685800475	895.333312988281
2762.21974230289	892.333312988281
2763.61236865209	886
2765.00473710924	893
2766.39684773119	889.333312988281
2767.78870057481	887
2769.1802956969	885
2770.57163315431	886.333312988281
2771.96271300382	884.666687011719
2773.35353530221	894.333312988281
2774.74410010626	887.333312988281
2776.13440747271	888
2777.52445745831	890.333312988281
2778.91425011976	887.333312988281
2780.30378551378	886.666687011719
2781.69306369705	887.666687011719
2783.08208472624	887.333312988281
2784.47084865801	888.666687011719
2785.859355549	886.333312988281
2787.24760545582	882.333312988281
2788.6355984351	886.333312988281
2790.02333454342	891.333312988281
2791.41081383735	889
2792.79803637346	889.333312988281
2794.18500220829	886
2795.57171139836	886.333312988281
2796.9581640002	882.666687011719
2798.34436007029	887
2799.73029966512	885
2801.11598284115	885.666687011719
2802.50140965482	888.333312988281
2803.88658016258	889.333312988281
2805.27149442084	885.333312988281
2806.656152486	882.666687011719
2808.04055441444	880.666687011719
2809.42470026253	885.333312988281
2810.80859008663	886.333312988281
2812.19222394307	885.666687011719
2813.57560188818	889.333312988281
2814.95872397826	882.333312988281
2816.3415902696	882.666687011719
2817.72420081847	884.666687011719
2819.10655568113	888
2820.48865491383	888.333312988281
2821.87049857279	887.666687011719
2823.25208671423	887
2824.63341939433	889.666687011719
2826.01449666927	887
2827.39531859523	882.333312988281
2828.77588522834	884.666687011719
2830.15619662474	888.666687011719
2831.53625284055	885.666687011719
2832.91605393186	888
2834.29559995476	887.333312988281
2835.67489096532	889.333312988281
2837.05392701958	888
2838.4327081736	885
2839.81123448339	890
2841.18950600495	888.333312988281
2842.56752279428	887.333312988281
2843.94528490734	890.333312988281
2845.32279240011	887.333312988281
2846.70004532851	888
2848.07704374849	888.333312988281
2849.45378771594	888.666687011719
2850.83027728677	886
2852.20651251686	892.333312988281
2853.58249346206	894.333312988281
2854.95822017823	891.333312988281
2856.33369272121	892.666687011719
2857.7089111468	891
2859.08387551082	890.333312988281
2860.45858586904	893
2861.83304227724	888.333312988281
2863.20724479117	890
2864.58119346656	890.666687011719
2865.95488835916	892.333312988281
2867.32832952466	893
2868.70151701875	888
2870.07445089711	891.333312988281
2871.44713121541	893.333312988281
2872.81955802928	894.666687011719
2874.19173139436	889.333312988281
2875.56365136627	891.666687011719
2876.93531800058	887
2878.30673135291	889
2879.6778914788	890.666687011719
2881.04879843382	887.333312988281
