322.962320234923	930.333312988281
324.821007690871	930.666687011719
326.679328836639	921.333312988281
328.537283761817	917.333312988281
330.394872555975	913
332.252095308641	922
334.108952109319	927.666687011719
335.965443047485	920.666687011719
337.821568212591	915.333312988281
339.677327694054	920.333312988281
341.532721581262	918.333312988281
343.387749963579	919.333312988281
345.24241293034	913
347.096710570842	922.333312988281
348.950642974371	924.333312988281
350.804210230168	921
352.657412427451	926.666687011719
354.510249655416	923
356.362722003221	925.333312988281
358.214829560001	924.666687011719
360.066572414857	928.333312988281
361.917950656873	923.333312988281
363.768964375087	925
365.619613658528	927.666687011719
367.469898596179	933.666687011719
369.319819277007	933.666687011719
371.169375789945	937
373.018568223899	926.666687011719
374.867396667745	937.333312988281
376.715861210331	942.666687011719
378.563961940484	936.666687011719
380.411698946988	939.333312988281
382.259072318607	946
384.106082144085	954.666687011719
385.95272851212	954
387.799011511395	951.333312988281
389.644931230555	955
391.490487758231	954.333312988281
393.33568118301	943.666687011719
395.18051159346	952.666687011719
397.024979078119	963.333312988281
398.869083725494	969
400.712825624067	978.666687011719
402.556204862288	982
404.399221528582	972.666687011719
406.241875711347	970.666687011719
408.084167498951	975.666687011719
409.926096979734	998.333312988281
411.767664242003	1002
413.608869374046	996.666687011719
415.449712464116	985.333312988281
417.290193600442	991
419.13031287122	994.666687011719
420.970070364622	994
422.80946616879	987.333312988281
424.64850037184	994.333312988281
426.48717306186	986.666687011719
428.325484326902	972.333312988281
430.163434255002	969.333312988281
432.00102293416	972.666687011719
433.838250452352	991.666687011719
435.675116897523	981.333312988281
437.511622357588	976.333312988281
439.347766920444	971.333312988281
441.18355067395	978.666687011719
443.018973705935	983.666687011719
444.854036104213	984
446.688737956558	978.333312988281
448.523079350722	968.333312988281
450.357060374428	959.333312988281
452.190681115363	967.666687011719
454.023941661205	968.333312988281
455.856842099588	967
457.689382518117	965.666687011719
459.521563004383	969
461.353383645935	972.333312988281
463.184844530307	960
465.015945744991	965
466.84668737746	974.333312988281
468.677069515163	976.666687011719
470.507092245508	984.333312988281
472.33675565589	985.333312988281
474.166059833661	988.666687011719
475.995004866161	975.666687011719
477.823590840693	982
479.65181784453	977
481.479685964923	993.333312988281
483.307195289096	998.666687011719
485.134345904241	1002.33331298828
486.961137897524	1010.66668701172
488.78757135608	1008
490.613646367026	1011.66668701172
492.43936301744	1015.33331298828
494.264721394378	1017
496.08972158487	1028.33337402344
497.914363675912	1022
499.738647754476	1040
501.562573907511	1035.66662597656
503.386142221935	1038.33337402344
505.20935278463	1034.33337402344
507.032205682463	1035.33337402344
508.854701002267	1033
510.676838830849	1037.66662597656
512.498619254989	1021.66668701172
514.320042361438	1022.33331298828
516.141108236921	1026.33337402344
517.961816968128	1020.33331298828
519.782168641738	1020
521.602163344388	1017
523.421801162688	1019
525.24108218323	1008.33331298828
527.060006492574	1002.33331298828
528.878574177246	1011.33331298828
530.696785323756	998.333312988281
532.514640018575	995
534.332138348156	990.666687011719
536.14928039892	990
537.966066257265	990
539.782496009551	984.333312988281
541.598569742125	995
543.41428754129	997.333312988281
545.229649493342	998.666687011719
547.044655684532	994.333312988281
548.859306201093	998
550.673601129225	996
552.487540555108	1000
554.301124564886	1002.66668701172
556.114353244683	987.333312988281
557.927226680591	997.333312988281
559.739744958678	997.666687011719
561.551908164982	1000.66668701172
563.363716385518	1004.33331298828
565.175169706269	1008.33331298828
566.986268213187	1010.66668701172
568.797011992212	1007
570.607401129243	1012.66668701172
572.417435710154	1003.33331298828
574.227115820797	1012.33331298828
576.036441546992	1015.33331298828
577.845412974533	1020.66668701172
579.654030189189	1017.33331298828
581.462293276698	1019.33331298828
583.270202322778	1031.66662597656
585.077757413108	1024.66662597656
586.884958633352	1037
588.691806069139	1049
590.498299806072	1037.66662597656
592.304439929734	1034.66662597656
594.110226525672	1048
595.915659679413	1055.33337402344
597.720739476447	1046.33337402344
599.52546600225	1056.33337402344
601.32983934226	1073.33337402344
603.133859581894	1096.33337402344
604.937526806542	1099.66662597656
606.740841101563	1099
608.543802552294	1128
610.346411244038	1142.33337402344
612.148667262079	1122.33337402344
613.950570691671	1160
615.752121618041	1192
617.553320126386	1207
619.35416630188	1237.33337402344
621.154660229669	1262.33337402344
622.954801994875	1290.66662597656
624.754591682586	1322
626.554029377869	1346.33337402344
628.353115165762	1378.66662597656
630.15184913128	1382.33337402344
631.950231359399	1416
633.748261935088	1442.33337402344
635.545940943273	1467.66662597656
637.343268468857	1526.66662597656
639.140244596718	1575.33337402344
640.936869411709	1590.33337402344
642.733142998656	1663.66662597656
644.52906544235	1707.33337402344
646.324636827564	1720.33337402344
648.119857239043	1775.66662597656
649.914726761507	1733.33337402344
651.709245479643	1669
653.503413478111	1636.66662597656
655.297230841553	1632.33337402344
657.090697654581	1643.66662597656
658.883814001775	1548
660.67657996769	1465
662.46899563686	1406.33337402344
664.26106109379	1334.33337402344
666.052776422952	1256.33337402344
667.844141708803	1213.33337402344
669.635157035762	1218
671.425822488225	1179
673.216138150567	1150
675.00610410713	1140
676.795720442232	1142
678.584987240165	1107
680.373904585187	1084
682.162472561547	1083.66662597656
683.950691253447	1071
685.738560745076	1060
687.526081120591	1063.66662597656
689.313252464127	1054.33337402344
691.100074859784	1051
692.886548391647	1059
694.672673143763	1064.66662597656
696.45844920016	1062.33337402344
698.24387664484	1042.33337402344
700.028955561777	1030.33337402344
701.813686034909	1034.33337402344
703.598068148168	1043.66662597656
705.382101985438	1035.66662597656
707.165787630593	1039.66662597656
708.949125167474	1020
710.732114679892	1028.66662597656
712.514756251636	1024
714.297049966473	1026.66662597656
716.078995908135	1030.33337402344
717.86059416033	1031.33337402344
719.641844806745	1018.66668701172
721.422747931037	1023.33331298828
723.203303616833	999
724.983511947739	993.333312988281
726.763373007333	1009
728.54288687917	1007.33331298828
730.322053646771	1005
732.100873393635	1006.66668701172
733.879346203242	1006.66668701172
735.657472159031	999.666687011719
737.435251344426	998.666687011719
739.212683842823	992
740.989769737589	990
742.766509112064	994.333312988281
744.542902049568	985.333312988281
746.318948633388	982.333312988281
748.094648946789	985
749.870003073008	981.666687011719
751.645011095255	983.333312988281
753.419673096721	990.666687011719
755.193989160558	993.666687011719
756.967959369905	982
758.741583807865	985
760.514862557521	977
762.287795701929	983.333312988281
764.060383324115	985
765.832625507084	996.666687011719
767.604522333812	992.666687011719
769.376073887252	992.666687011719
771.147280250325	987
772.918141505932	984
774.688657736946	991
776.458829026216	997
778.228655456559	1004.66668701172
779.998137110774	1001.66668701172
781.767274071624	1013.66668701172
783.536066421857	1002.66668701172
785.304514244192	1000.66668701172
787.072617621314	1007.66668701172
788.840376635895	1014.66668701172
790.607791370569	1035
792.374861907953	1034.33337402344
794.141588330631	1021.33331298828
795.907970721171	1031.33337402344
797.674009162106	1043.66662597656
799.439703735944	1040.66662597656
801.205054525172	1033.66662597656
802.970061612248	1033.66662597656
804.734725079605	1025
806.499045009651	1012
808.263021484761	1007
810.026654587299	1011
811.789944399589	999.333312988281
813.55289100394	992
815.315494482624	984
817.077754917896	988.333312988281
818.839672391981	984
820.601246987088	976.666687011719
822.362478785381	972.666687011719
824.123367869017	976
825.883914320117	972
827.644118220777	967
829.403979653075	960.666687011719
831.163498699057	969.666687011719
832.922675440742	979.333312988281
834.681509960125	971
836.440002339177	965.666687011719
838.198152659842	964.333312988281
839.955961004042	961.666687011719
841.713427453662	965
843.470552090584	966
845.227334996632	961.333312988281
846.983776253636	955.666687011719
848.739875943383	963.333312988281
850.495634147637	959.666687011719
852.251050948136	950
854.006126426602	945.666687011719
855.760860664714	963
857.515253744145	961.666687011719
859.269305746525	953
861.023016753469	955
862.776386846567	948.666687011719
864.529416107376	954
866.282104617438	944.666687011719
868.034452458254	945.666687011719
869.786459711318	942.666687011719
871.538126458082	944.666687011719
873.289452779987	946.333312988281
875.040438758438	950.666687011719
876.791084474821	950.666687011719
878.541390010491	937
880.29135544679	939.666687011719
882.040980865011	938
883.790266346443	938.333312988281
885.539211972346	944
887.287817823948	939.666687011719
889.036083982455	938.666687011719
890.784010529045	937.333312988281
892.53159754488	936
894.278845111085	939
896.025753308768	933.333312988281
897.772322219005	926.666687011719
899.518551922857	933
901.264442501348	939.333312988281
903.009994035478	930.666687011719
904.755206606235	933.666687011719
906.500080294565	929.666687011719
908.2446151814	932.333312988281
909.988811347642	932.333312988281
911.732668874171	932
913.476187841832	936.333312988281
915.219368331461	927.666687011719
916.96221042386	933
918.7047141998	935.333312988281
920.446879740041	924.666687011719
922.188707125304	928.666687011719
923.930196436289	934.333312988281
925.671347753679	930.333312988281
927.412161158122	931.333312988281
929.152636730249	923.333312988281
930.892774550655	932.333312988281
932.632574699918	927.666687011719
934.372037258594	935.666687011719
936.111162307202	936
937.849949926251	934.666687011719
939.588400196211	936.666687011719
941.326513197538	935.333312988281
943.064289010654	930
944.801727715962	928.333312988281
946.538829393836	927
948.275594124633	924
950.012021988677	929
951.748113066265	928.333312988281
953.483867437677	932.666687011719
955.219285183164	934.333312988281
956.954366382951	932.333312988281
958.689111117243	930.333312988281
960.423519466215	926.666687011719
962.157591510017	932.333312988281
963.891327328776	929.333312988281
965.624727002599	929.666687011719
967.357790611554	929
969.090518235704	928.333312988281
970.82290995507	929
972.554965849655	927.333312988281
974.286685999436	927
976.018070484371	930
977.749119384383	935
979.479832779378	926.666687011719
981.210210749231	917
982.940253373799	924.666687011719
984.669960732911	927
986.399332906372	928
988.128369973957	927.333312988281
989.857072015426	923
991.585439110506	933.333312988281
993.313471338904	936.666687011719
995.041168780296	931
996.768531514346	933.666687011719
998.495559620679	926.333312988281
1000.2222531789	931.666687011719
1001.9486122686	931.666687011719
1003.67463696933	928.666687011719
1005.40032736062	931.333312988281
1007.12568352198	928.333312988281
1008.85070553289	934.333312988281
1010.57539347282	930.333312988281
1012.29974742119	925.666687011719
1014.02376745742	923
1015.74745366089	928.666687011719
1017.47080611096	939.666687011719
1019.19382488697	942
1020.91651006822	939.666687011719
1022.63886173401	937.666687011719
1024.3608799636	939
1026.08256483622	942.333312988281
1027.80391643108	936.333312988281
1029.52493482738	943.333312988281
1031.24562010428	938.333312988281
1032.96597234092	940.333312988281
1034.68599161641	942.333312988281
1036.40567800984	938.333312988281
1038.12503160028	939.666687011719
1039.84405246678	939.666687011719
1041.56274068834	940.666687011719
1043.28109634397	950.666687011719
1044.99911951262	951
1046.71681027324	950.666687011719
1048.43416870476	941.333312988281
1050.15119488606	945.333312988281
1051.86788889603	946
1053.58425081349	947.666687011719
1055.30028071728	946
1057.0159786862	944.666687011719
1058.73134479901	954
1060.44637913446	954.333312988281
1062.16108177129	938.666687011719
1063.87545278818	947
1065.58949226382	946.333312988281
1067.30320027685	947.333312988281
1069.01657690591	946.666687011719
1070.7296222296	947.333312988281
1072.44233632649	948.666687011719
1074.15471927514	951.666687011719
1075.86677115408	946
1077.57849204182	942
1079.28988201683	935.666687011719
1081.00094115758	947
1082.71166954249	944.666687011719
1084.42206724999	946.666687011719
1086.13213435844	947
1087.84187094622	936
1089.55127709166	946.666687011719
1091.26035287306	946.333312988281
1092.96909836873	944.666687011719
1094.67751365691	939.333312988281
1096.38559881587	947.666687011719
1098.0933539238	949.666687011719
1099.80077905889	942.333312988281
1101.50787429933	939
1103.21463972324	937
1104.92107540876	941.333312988281
1106.62718143397	941
1108.33295787695	941
1110.03840481574	938
1111.74352232836	942.666687011719
1113.44831049282	943
1115.15276938709	945.333312988281
1116.85689908912	945
1118.56069967683	940
1120.26417122814	937.666687011719
1121.96731382092	940.666687011719
1123.67012753301	942
1125.37261244226	944.333312988281
1127.07476862648	945.333312988281
1128.77659616344	943
1130.4780951309	947.666687011719
1132.17926560659	949.666687011719
1133.88010766824	951
1135.58062139353	946.333312988281
1137.28080686011	947.333312988281
1138.98066414563	956.666687011719
1140.6801933277	947
1142.37939448393	954
1144.07826769186	946.666687011719
1145.77681302905	947.666687011719
1147.47503057301	947.666687011719
1149.17292040125	960.333312988281
1150.87048259124	955.666687011719
1152.56771722042	952.333312988281
1154.26462436621	951.666687011719
1155.96120410603	948.666687011719
1157.65745651724	946.333312988281
1159.3533816772	951.333312988281
1161.04897966324	950.333312988281
1162.74425055267	953.333312988281
1164.43919442276	943.333312988281
1166.13381135077	951.666687011719
1167.82810141394	950
1169.52206468948	954.666687011719
1171.21570125458	945
1172.90901118639	938.333312988281
1174.60199456207	940
1176.29465145871	951.666687011719
1177.98698195343	949
1179.67898612328	945.666687011719
1181.37066404531	939.666687011719
1183.06201579654	942.666687011719
1184.75304145396	941
1186.44374109456	955
1188.13411479528	940.333312988281
1189.82416263305	937.666687011719
1191.51388468477	935.333312988281
1193.20328102732	934.666687011719
1194.89235173756	942
1196.58109689231	948.666687011719
1198.26951656839	941
1199.95761084259	937.666687011719
1201.64537979165	934
1203.33282349233	948.666687011719
1205.01994202133	941
1206.70673545535	943
1208.39320387105	944.666687011719
1210.07934734508	936.666687011719
1211.76516595405	940.333312988281
1213.45065977458	946
1215.13582888321	945
1216.82067335651	939.333312988281
1218.50519327101	946.666687011719
1220.1893887032	956.666687011719
1221.87325972957	945
1223.55680642657	941.666687011719
1225.24002887063	946.333312988281
1226.92292713817	947.666687011719
1228.60550130556	947.666687011719
1230.28775144918	940.666687011719
1231.96967764535	947
1233.6512799704	950.333312988281
1235.33255850062	945.666687011719
1237.01351331227	949
1238.69414448161	951.333312988281
1240.37445208484	955
1242.05443619818	954
1243.7340968978	954.333312988281
1245.41343425985	950.333312988281
1247.09244836045	960.333312988281
1248.77113927572	961
1250.44950708174	962
1252.12755185455	971
1253.80527367021	964.333312988281
1255.48267260473	961.333312988281
1257.15974873408	954.666687011719
1258.83650213425	960
1260.51293288115	961.333312988281
1262.18904105073	969.333312988281
1263.86482671888	983.333312988281
1265.54028996147	979.333312988281
1267.21543085434	972.666687011719
1268.89024947333	973.333312988281
1270.56474589423	964.666687011719
1272.23892019284	980
1273.91277244489	981
1275.58630272614	979.666687011719
1277.25951111228	975
1278.93239767902	980.333312988281
1280.604962502	987.333312988281
1282.27720565688	982
1283.94912721927	973.666687011719
1285.62072726476	990
1287.29200586893	984.333312988281
1288.96296310733	981.333312988281
1290.63359905548	980.333312988281
1292.30391378889	990.666687011719
1293.97390738303	989.333312988281
1295.64357991337	986.333312988281
1297.31293145532	983.333312988281
1298.98196208431	987.333312988281
1300.65067187573	972.666687011719
1302.31906090493	962.666687011719
1303.98712924727	969
1305.65487697805	965
1307.32230417258	963.666687011719
1308.98941090612	960
1310.65619725392	965.666687011719
1312.32266329122	960
1313.98880909322	941.666687011719
1315.65463473508	937.666687011719
1317.32014029199	949.333312988281
1318.98532583906	946.666687011719
1320.65019145142	948
1322.31473720414	937
1323.9789631723	936
1325.64286943095	937.333312988281
1327.30645605509	935.666687011719
1328.96972311972	930.333312988281
1330.63267069984	929.666687011719
1332.29529887037	923.333312988281
1333.95760770626	926.333312988281
1335.6195972824	934
1337.28126767369	928
1338.94261895498	929
1340.60365120112	921
1342.2643644869	925
1343.92475888713	928.666687011719
1345.58483447659	933
1347.24459133	925
1348.9040295221	920.666687011719
1350.56314912759	920.333312988281
1352.22195022115	927.333312988281
1353.88043287743	930.666687011719
1355.53859717106	926.333312988281
1357.19644317666	922.666687011719
1358.85397096881	919
1360.51118062207	923.333312988281
1362.168072211	927
1363.8246458101	926.333312988281
1365.48090149388	928.666687011719
1367.13683933681	919.666687011719
1368.79245941333	918
1370.44776179789	918.666687011719
1372.10274656488	914.333312988281
1373.75741378869	916.333312988281
1375.41176354367	915
1377.06579590418	913.666687011719
1378.71951094451	918.666687011719
1380.37290873897	918
1382.02598936183	927
1383.67875288733	919.666687011719
1385.3311993897	912.666687011719
1386.98332894314	915
1388.63514162183	917.666687011719
1390.28663749993	912.666687011719
1391.93781665157	914.333312988281
1393.58867915087	910.666687011719
1395.23922507192	915.666687011719
1396.88945448878	914
1398.5393674755	911.666687011719
1400.1889641061	917.666687011719
1401.83824445458	917
1403.48720859493	917.333312988281
1405.13585660108	918
1406.78418854698	914
1408.43220450654	910
1410.07990455364	914
1411.72728876215	914
1413.37435720592	915.333312988281
1415.02110995876	920.666687011719
1416.66754709446	914.666687011719
1418.31366868682	916.666687011719
1419.95947480957	915.333312988281
1421.60496553646	918
1423.25014094118	914.666687011719
1424.89500109743	916.333312988281
1426.53954607887	914.666687011719
1428.18377595914	912
1429.82769081186	910
1431.47129071063	916
1433.11457572901	918.333312988281
1434.75754594057	911.666687011719
1436.40020141884	913.666687011719
1438.04254223731	909.666687011719
1439.68456846948	912
1441.32628018881	906
1442.96767746874	904.333312988281
1444.60876038268	915
1446.24952900404	915
1447.8899834062	916
1449.53012366249	911.333312988281
1451.16994984625	903.666687011719
1452.80946203078	914.333312988281
1454.44866028938	917
1456.08754469531	919
1457.7261153218	914.666687011719
1459.36437224208	914
1461.00231552934	913.333312988281
1462.63994525675	903.333312988281
1464.27726149747	908.666687011719
1465.91426432463	902
1467.55095381133	912.666687011719
1469.18733003067	912.333312988281
1470.82339305569	911
1472.45914295946	910
1474.09457981498	907
1475.72970369525	908
1477.36451467325	902.333312988281
1478.99901282193	910.666687011719
1480.63319821423	909.666687011719
1482.26707092304	908.666687011719
1483.90063102127	906.333312988281
1485.53387858176	900.333312988281
1487.16681367737	901.333312988281
1488.79943638092	912.333312988281
1490.43174676521	909
1492.063744903	907.333312988281
1493.69543086706	906.666687011719
1495.32680473012	907.333312988281
1496.95786656489	908
1498.58861644407	914
1500.21905444031	903.333312988281
1501.84918062626	905.333312988281
1503.47899507454	906.666687011719
1505.10849785776	903.333312988281
1506.73768904849	904.333312988281
1508.3665687193	907
1509.99513694271	910
1511.62339379124	905.666687011719
1513.25133933739	904
1514.87897365362	902.666687011719
1516.50629681237	903.333312988281
1518.13330888608	903.666687011719
1519.76000994715	902
1521.38640006796	905
1523.01247932087	910.666687011719
1524.63824777822	907.666687011719
1526.26370551233	903
1527.88885259549	905.333312988281
1529.51368909997	905.666687011719
1531.13821509803	907.333312988281
1532.76243066189	903
1534.38633586377	904
1536.00993077584	909.666687011719
1537.63321547027	905.666687011719
1539.25619001921	902
1540.87885449478	907.666687011719
1542.50120896906	907
1544.12325351415	908
1545.7449882021	903
1547.36641310493	908.666687011719
1548.98752829467	911
1550.60833384329	909.666687011719
1552.22882982278	905.666687011719
1553.84901630507	907.333312988281
1555.4688933621	912.666687011719
1557.08846106576	919.666687011719
1558.70771948794	917
1560.32666870049	916.333312988281
1561.94530877527	925.333312988281
1563.56363978407	927.333312988281
1565.1816617987	937.333312988281
1566.79937489093	937.333312988281
1568.41677913252	945.666687011719
1570.03387459519	953.333312988281
1571.65066135065	956.666687011719
1573.26713947059	958.333312988281
1574.88330902668	967.666687011719
1576.49917009055	980.333312988281
1578.11472273384	989.333312988281
1579.72996702814	990.333312988281
1581.34490304503	997.666687011719
1582.95953085607	985
1584.5738505328	980
1586.18786214673	962.333312988281
1587.80156576935	960.333312988281
1589.41496147214	948
1591.02804932655	937.666687011719
1592.640829404	934.666687011719
1594.2533017759	929.666687011719
1595.86546651364	922.333312988281
1597.47732368859	915.666687011719
1599.08887337208	917
1600.70011563543	916.666687011719
1602.31105054996	910.666687011719
1603.92167818692	903.333312988281
1605.5319986176	902.666687011719
1607.14201191321	906.666687011719
1608.75171814497	903.666687011719
1610.36111738408	900.666687011719
1611.97020970171	908.333312988281
1613.578995169	904.666687011719
1615.18747385709	903.666687011719
1616.79564583708	898.333312988281
1618.40351118007	900.666687011719
1620.01106995711	902
1621.61832223925	901
1623.2252680975	897.666687011719
1624.83190760288	898
1626.43824082636	902.333312988281
1628.0442678389	899
1629.64998871144	903
1631.25540351488	899.666687011719
1632.86051232013	896
1634.46531519806	899.666687011719
1636.06981221952	901.333312988281
1637.67400345534	900
1639.27788897633	900
1640.88146885328	890.333312988281
1642.48474315695	896.333312988281
1644.08771195809	899.666687011719
1645.69037532742	896
1647.29273333566	903.666687011719
1648.89478605347	900
1650.49653355152	891.666687011719
1652.09797590046	898.666687011719
1653.69911317089	897
1655.29994543341	901.666687011719
1656.90047275861	898.666687011719
1658.50069521703	896.666687011719
1660.10061287922	901.333312988281
1661.70022581567	903.666687011719
1663.29953409689	900.333312988281
1664.89853779334	896
1666.49723697548	893
1668.09563171373	896.333312988281
1669.69372207849	898
1671.29150814016	897.666687011719
1672.8889899691	903
1674.48616763566	900.333312988281
1676.08304121015	896.333312988281
1677.67961076287	895.333312988281
1679.27587636412	895
1680.87183808414	898
1682.46749599318	896.666687011719
1684.06285016145	900
1685.65790065915	897
1687.25264755646	899
1688.84709092353	901
1690.44123083049	897.333312988281
1692.03506734747	894.666687011719
1693.62860054453	895
1695.22183049177	897.333312988281
1696.81475725923	897
1698.40738091693	896.666687011719
1699.99970153489	895.666687011719
1701.59171918308	901.333312988281
1703.18343393149	901.333312988281
1704.77484585005	898.333312988281
1706.36595500868	892.333312988281
1707.9567614773	896.333312988281
1709.54726532577	901
1711.13746662398	897.666687011719
1712.72736544174	895.333312988281
1714.31696184889	895.666687011719
1715.90625591522	892
1717.49524771051	892.666687011719
1719.08393730451	901.666687011719
1720.67232476698	896
1722.2604101676	895.333312988281
1723.8481935761	897.333312988281
1725.43567506213	897
1727.02285469535	898
1728.6097325454	899
1730.19630868187	897
1731.78258317438	894.333312988281
1733.36855609247	898.666687011719
1734.95422750571	899
1736.53959748362	900.666687011719
1738.12466609571	899
1739.70943341147	893.333312988281
1741.29389950036	893.666687011719
1742.87806443182	896.333312988281
1744.46192827529	894.666687011719
1746.04549110016	898.333312988281
1747.62875297583	895.666687011719
1749.21171397164	897.333312988281
1750.79437415695	896.333312988281
1752.37673360107	895.333312988281
1753.9587923733	896.666687011719
1755.54055054294	893
1757.12200817922	893
1758.7031653514	891.666687011719
1760.28402212869	895.666687011719
1761.86457858029	897.666687011719
1763.44483477536	896.333312988281
1765.02479078309	897
1766.60444667258	899.666687011719
1768.18380251297	895.333312988281
1769.76285837334	897.666687011719
1771.34161432276	895.333312988281
1772.92007043031	897.333312988281
1774.49822676499	892.333312988281
1776.07608339583	893.333312988281
1777.65364039181	898.666687011719
1779.23089782192	895.333312988281
1780.80785575509	895.333312988281
1782.38451426026	894.666687011719
1783.96087340633	891.666687011719
1785.5369332622	895
1787.11269389674	900
1788.68815537878	894
1790.26331777717	897.333312988281
1791.8381811607	897.666687011719
1793.41274559816	898.333312988281
1794.98701115832	896
1796.56097790992	890
1798.13464592168	891
1799.70801526232	890.333312988281
1801.28108600052	896.333312988281
1802.85385820494	893
1804.42633194421	893.666687011719
1805.99850728698	894
1807.57038430183	896.666687011719
1809.14196305735	895.333312988281
1810.71324362209	894.333312988281
1812.28422606462	891
1813.85491045343	890.333312988281
1815.42529685704	898.333312988281
1816.99538534392	898.333312988281
1818.56517598253	896
1820.13466884132	893
1821.7038639887	894.333312988281
1823.27276149307	892.666687011719
1824.8413614228	896.333312988281
1826.40966384627	896
1827.97766883179	894.333312988281
1829.5453764477	893
1831.11278676228	897.333312988281
1832.67989984383	897
1834.24671576058	894.333312988281
1835.81323458078	895
1837.37945637265	894.333312988281
1838.94538120437	888.666687011719
1840.51100914413	893.666687011719
1842.07634026009	890.333312988281
1843.64137462037	893.333312988281
1845.20611229309	894.666687011719
1846.77055334635	891.333312988281
1848.33469784822	897.666687011719
1849.89854586675	894
1851.46209746998	892.333312988281
1853.02535272592	886.666687011719
1854.58831170257	891
1856.1509744679	896.666687011719
1857.71334108986	895.666687011719
1859.27541163639	892
1860.8371861754	895.333312988281
1862.39866477478	898.333312988281
1863.95984750241	896.666687011719
1865.52073442614	890.333312988281
1867.0813256138	892
1868.6416211332	887.666687011719
1870.20162105213	895.333312988281
1871.76132543837	897.666687011719
1873.32073435968	894.666687011719
1874.87984788378	893.333312988281
1876.43866607838	889.666687011719
1877.99718901118	893.666687011719
1879.55541674985	891.666687011719
1881.11334936203	886.333312988281
1882.67098691537	892.666687011719
1884.22832947748	893.666687011719
1885.78537711594	892.333312988281
1887.34212989833	892.333312988281
1888.8985878922	894.333312988281
1890.45475116508	895
1892.01061978448	891.666687011719
1893.5661938179	894
1895.12147333281	894.333312988281
1896.67645839666	893
1898.23114907688	895.666687011719
1899.78554544088	892.666687011719
1901.33964755605	893.333312988281
1902.89345548978	890.333312988281
1904.4469693094	890.666687011719
1906.00018908226	887.666687011719
1907.55311487566	896.333312988281
1909.1057467569	889.666687011719
1910.65808479324	893.333312988281
1912.21012905195	895
1913.76187960025	894
1915.31333650537	891.666687011719
1916.86449983448	893
1918.41536965476	891.333312988281
1919.96594603337	900
1921.51622903745	895
1923.06621873409	891.666687011719
1924.61591519041	889.333312988281
1926.16531847346	890.666687011719
1927.71442865032	892.333312988281
1929.263245788	894.333312988281
1930.81176995353	892.666687011719
1932.36000121389	894.666687011719
1933.90793963607	893.333312988281
1935.45558528702	893
1937.00293823368	891
1938.54999854296	894
1940.09676628175	892.333312988281
1941.64324151694	891.666687011719
1943.18942431537	895.666687011719
1944.73531474389	889.666687011719
1946.28091286932	893.333312988281
1947.82621875844	891
1949.37123247804	891.666687011719
1950.91595409488	890.666687011719
1952.46038367568	890.666687011719
1954.00452128718	893.666687011719
1955.54836699607	893.666687011719
1957.09192086903	888.333312988281
1958.63518297272	894.666687011719
1960.17815337377	889.333312988281
1961.72083213882	887
1963.26321933445	893.333312988281
1964.80531502725	891.666687011719
1966.34711928378	894.333312988281
1967.88863217059	889.333312988281
1969.42985375419	889.666687011719
1970.97078410108	889
1972.51142327775	889
1974.05177135067	886.666687011719
1975.59182838627	890
1977.13159445098	893
1978.6710696112	890
1980.21025393333	890.333312988281
1981.74914748371	889
1983.2877503287	889.666687011719
1984.82606253463	892.333312988281
1986.36408416781	889.333312988281
1987.90181529451	890
1989.439255981	886.666687011719
1990.97640629354	887.666687011719
1992.51326629836	888.666687011719
1994.04983606165	893
1995.58611564962	889
1997.12210512843	886
1998.65780456424	890
2000.19321402316	885.666687011719
2001.72833357132	887
2003.26316327481	885
2004.7977031997	882.333312988281
2006.33195341204	886.666687011719
2007.86591397787	888.666687011719
2009.3995849632	892.333312988281
2010.93296643402	889.333312988281
2012.46605845632	890
2013.99886109605	885.666687011719
2015.53137441914	889.666687011719
2017.06359849151	886.333312988281
2018.59553337907	889.666687011719
2020.12717914768	889
2021.65853586322	887.666687011719
2023.18960359151	887.666687011719
2024.72038239838	887.666687011719
2026.25087234963	888.333312988281
2027.78107351104	891
2029.31098594838	888
2030.84060972739	889.666687011719
2032.36994491378	887.333312988281
2033.89899157328	885.333312988281
2035.42774977156	889
2036.95621957428	889.333312988281
2038.4844010471	888.333312988281
2040.01229425564	886.333312988281
2041.53989926552	887.666687011719
2043.06721614231	888.666687011719
2044.59424495159	886.333312988281
2046.12098575891	886.666687011719
2047.6474386298	886.666687011719
2049.17360362977	890.333312988281
2050.69948082432	890
2052.22507027892	887.333312988281
2053.75037205902	891.666687011719
2055.27538623006	888
2056.80011285745	893
2058.32455200659	892
2059.84870374287	887.666687011719
2061.37256813162	887
2062.89614523821	888.333312988281
2064.41943512794	884.666687011719
2065.94243786612	887.666687011719
2067.46515351802	893
2068.98758214891	890.666687011719
2070.50972382404	889
2072.03157860863	885.333312988281
2073.55314656788	887.333312988281
2075.07442776698	891.666687011719
2076.5954222711	887.666687011719
2078.11613014538	888.333312988281
2079.63655145495	891.333312988281
2081.15668626493	885.666687011719
2082.6765346404	886
2084.19609664644	885.666687011719
2085.71537234809	885.666687011719
2087.23436181039	894.333312988281
2088.75306509836	888.333312988281
2090.27148227699	893
2091.78961341125	884.666687011719
2093.30745856611	885.333312988281
2094.82501780651	885
2096.34229119735	895.333312988281
2097.85927880354	891
2099.37598068996	892
2100.89239692149	892.666687011719
2102.40852756295	893
2103.92437267917	889.333312988281
2105.43993233495	885
2106.9552065951	884.666687011719
2108.47019552436	886.666687011719
2109.98489918749	887.333312988281
2111.49931764922	886.333312988281
2113.01345097427	886.333312988281
2114.52729922731	889.666687011719
2116.04086247302	888.333312988281
2117.55414077607	888
2119.06713420108	891
2120.57984281267	890.666687011719
2122.09226667542	888
2123.60440585394	887
2125.11626041277	893.666687011719
2126.62783041645	891
2128.1391159295	885.666687011719
2129.65011701644	885
2131.16083374173	887.666687011719
2132.67126616985	887
2134.18141436525	884.333312988281
2135.69127839234	888
2137.20085831554	890.333312988281
2138.71015419925	889
2140.21916610782	888
2141.72789410561	886.666687011719
2143.23633825696	887.333312988281
2144.74449862617	886
2146.25237527755	888.333312988281
2147.75996827537	884
2149.2672776839	887.666687011719
2150.77430356736	887.333312988281
2152.28104598998	886.333312988281
2153.78750501597	887
2155.2936807095	885
2156.79957313473	890.333312988281
2158.30518235583	886.333312988281
2159.81050843691	887.666687011719
2161.31555144208	887
2162.82031143543	883.333312988281
2164.32478848103	886
2165.82898264294	888.666687011719
2167.33289398518	882.666687011719
2168.83652257177	887
2170.33986846672	887.333312988281
2171.84293173399	887.666687011719
2173.34571243754	884.333312988281
2174.84821064132	884.333312988281
2176.35042640925	886.333312988281
2177.85235980522	889.666687011719
2179.35401089313	888.666687011719
2180.85537973685	887.666687011719
2182.3564664002	886
2183.85727094704	886.666687011719
2185.35779344116	882
2186.85803394635	888.666687011719
2188.3579925264	886
2189.85766924505	891.666687011719
2191.35706416604	885.333312988281
2192.85617735308	888.666687011719
2194.35500886988	885.333312988281
2195.85355878012	889.333312988281
2197.35182714745	886.333312988281
2198.84981403552	888.333312988281
2200.34751950795	889.333312988281
2201.84494362836	888
2203.34208646031	884.666687011719
2204.8389480674	887.333312988281
2206.33552851316	886.666687011719
2207.83182786113	886.666687011719
2209.32784617482	885
2210.82358351773	888.333312988281
2212.31903995332	885.333312988281
2213.81421554507	886
2215.3091103564	887
2216.80372445075	887
2218.29805789151	887.666687011719
2219.79211074207	884
2221.28588306578	888.333312988281
2222.77937492601	890.666687011719
2224.27258638608	893
2225.76551750929	887.333312988281
2227.25816835895	891.666687011719
2228.75053899832	886
2230.24262949066	888.333312988281
2231.7344398992	893.666687011719
2233.22597028717	888.333312988281
2234.71722071777	883.333312988281
2236.20819125417	886
2237.69888195955	888.333312988281
2239.18929289704	886.666687011719
2240.67942412976	889
2242.16927572085	888
2243.65884773337	891.666687011719
2245.1481402304	888.333312988281
2246.63715327499	885.666687011719
2248.12588693019	885.333312988281
2249.614341259	885.666687011719
2251.10251632443	885.666687011719
2252.59041218946	886
2254.07802891704	886
2255.56536657012	888
2257.05242521163	885.666687011719
2258.53920490447	886
2260.02570571153	888
2261.51192769569	886
2262.99787091979	886.333312988281
2264.48353544667	884.666687011719
2265.96892133915	888.333312988281
2267.45402866001	889.333312988281
2268.93885747205	884.666687011719
2270.42340783802	886
2271.90767982068	888.666687011719
2273.39167348273	888.666687011719
2274.87538888688	888
2276.35882609584	886.333312988281
2277.84198517226	889.333312988281
2279.3248661788	890.333312988281
2280.80746917809	883.333312988281
2282.28979423275	889
2283.77184140537	888.666687011719
2285.25361075854	887.333312988281
2286.73510235482	886.333312988281
2288.21631625675	885.666687011719
2289.69725252685	888
2291.17791122763	884.333312988281
2292.65829242159	889.333312988281
2294.13839617119	891.333312988281
2295.61822253888	889.666687011719
2297.09777158711	888.333312988281
2298.57704337827	884.666687011719
2300.05603797479	887
2301.53475543903	888.666687011719
2303.01319583335	888.333312988281
2304.49135922011	885
2305.96924566162	889
2307.4468552202	890.666687011719
2308.92418795814	887.333312988281
2310.4012439377	890.333312988281
2311.87802322115	888
2313.35452587071	887
2314.83075194862	890.333312988281
2316.30670151706	887.666687011719
2317.78237463821	891.333312988281
2319.25777137426	889.333312988281
2320.73289178733	887.333312988281
2322.20773593956	889
2323.68230389306	889.666687011719
2325.15659570991	887.333312988281
2326.6306114522	890.333312988281
2328.10435118198	892.333312988281
2329.57781496129	896
2331.05100285215	893
2332.52391491657	886.333312988281
2333.99655121652	889.666687011719
2335.46891181397	890
2336.94099677088	888
2338.41280614917	889
2339.88434001075	890
2341.35559841754	886
2342.82658143138	889.666687011719
2344.29728911416	886.333312988281
2345.7677215277	886.333312988281
2347.23787873384	889
2348.70776079438	890.666687011719
2350.17736777111	884.333312988281
2351.64669972579	889.333312988281
2353.11575672018	890.666687011719
2354.58453881603	889.666687011719
2356.05304607502	889.666687011719
2357.52127855888	891.666687011719
2358.98923632928	887.666687011719
2360.45691944789	892
2361.92432797634	890.333312988281
2363.39146197628	885.666687011719
2364.8583215093	889.333312988281
2366.32490663699	889.666687011719
2367.79121742095	885.333312988281
2369.25725392271	892.666687011719
2370.72301620382	890
2372.1885043258	884
2373.65371835016	887
2375.11865833837	885.666687011719
2376.58332435192	888
2378.04771645224	889.333312988281
2379.51183470077	890
2380.97567915892	888.666687011719
2382.43924988809	891
2383.90254694967	892
2385.36557040501	890.666687011719
2386.82832031545	889.666687011719
2388.29079674233	889.666687011719
2389.75299974695	891
2391.21492939061	888.333312988281
2392.67658573456	890.666687011719
2394.13796884008	890.666687011719
2395.5990787684	891.333312988281
2397.05991558074	891.333312988281
2398.5204793383	893.333312988281
2399.98077010226	884
2401.44078793381	893.333312988281
2402.90053289408	892
2404.3600050442	890.333312988281
2405.81920444529	893.666687011719
2407.27813115846	890.333312988281
2408.73678524478	894.666687011719
2410.1951667653	894.666687011719
2411.65327578108	890.666687011719
2413.11111235315	889.666687011719
2414.5686765425	891.666687011719
2416.02596841013	893.666687011719
2417.48298801703	891.666687011719
2418.93973542413	892
2420.39621069238	893
2421.85241388272	893
2423.30834505603	889.666687011719
2424.76400427321	896.333312988281
2426.21939159511	897
2427.67450708261	896
2429.12935079652	898
2430.58392279767	894
2432.03822314685	894.666687011719
2433.49225190485	892.666687011719
2434.94600913243	893.333312988281
2436.39949489034	895.333312988281
2437.8527092393	893.666687011719
2439.30565224003	892.666687011719
2440.75832395322	896.666687011719
2442.21072443956	896.333312988281
2443.66285375969	892.666687011719
2445.11471197425	900.333312988281
2446.56629914389	894.333312988281
2448.0176153292	895.666687011719
2449.46866059077	894
2450.91943498918	890.666687011719
2452.36993858497	888.333312988281
2453.82017143869	894.666687011719
2455.27013361086	891.666687011719
2456.71982516198	895.666687011719
2458.16924615254	892.666687011719
2459.618396643	896.333312988281
2461.06727669381	891.333312988281
2462.51588636541	890.333312988281
2463.96422571822	895.666687011719
2465.41229481263	894
2466.86009370902	894.666687011719
2468.30762246776	896.666687011719
2469.7548811492	890.333312988281
2471.20186981366	891
2472.64858852145	892.666687011719
2474.09503733289	893.666687011719
2475.54121630822	887.333312988281
2476.98712550773	888.333312988281
2478.43276499165	889
2479.87813482022	891
2481.32323505362	894
2482.76806575206	893.666687011719
2484.21262697572	885
2485.65691878475	890
2487.10094123928	893.666687011719
2488.54469439945	895
2489.98817832535	894.333312988281
2491.43139307707	888.333312988281
2492.87433871469	888.333312988281
2494.31701529826	889.666687011719
2495.75942288781	890.666687011719
2497.20156154336	896.333312988281
2498.64343132492	891.333312988281
2500.08503229247	893.333312988281
2501.52636450597	888
2502.96742802538	888
2504.40822291064	892.333312988281
2505.84874922164	892.333312988281
2507.28900701831	885.666687011719
2508.72899636051	891.333312988281
2510.16871730811	896
2511.60816992096	894.666687011719
2513.04735425889	889.333312988281
2514.48627038171	888.666687011719
2515.92491834923	887.333312988281
2517.36329822121	890
2518.80141005741	893.666687011719
2520.2392539176	892
2521.67682986148	890.666687011719
2523.11413794877	889
2524.55117823917	891.666687011719
2525.98795079236	889.666687011719
2527.42445566799	889
2528.8606929257	889.333312988281
2530.29666262512	890.666687011719
2531.73236482585	894
2533.1677995875	891.333312988281
2534.60296696963	887.333312988281
2536.0378670318	888.666687011719
2537.47249983355	892
2538.9068654344	888.333312988281
2540.34096389386	887.333312988281
2541.77479527142	889
2543.20835962655	888.333312988281
2544.64165701872	888
2546.07468750733	891.333312988281
2547.50745115185	888
2548.93994801164	892
2550.37217814612	894.666687011719
2551.80414161464	894.333312988281
2553.23583847656	887.666687011719
2554.66726879122	887
2556.09843261793	890.666687011719
2557.52933001601	888
2558.95996104472	891.333312988281
2560.39032576336	894.666687011719
2561.82042423115	894
2563.25025650735	890.333312988281
2564.67982265116	887.666687011719
2566.10912272179	885.333312988281
2567.53815677843	886.333312988281
2568.96692488024	888
2570.39542708636	890.666687011719
2571.82366345595	890.333312988281
2573.2516340481	891
2574.67933892193	887.666687011719
2576.1067781365	890.666687011719
2577.5339517509	893
2578.96085982417	887.333312988281
2580.38750241534	889.333312988281
2581.81387958342	891
2583.23999138743	890.666687011719
2584.66583788633	897.333312988281
2586.09141913909	890.666687011719
2587.51673520467	891.333312988281
2588.94178614199	886
2590.36657200997	887.666687011719
2591.7910928675	887.333312988281
2593.21534877348	892.333312988281
2594.63933978675	890.666687011719
2596.06306596618	887.666687011719
2597.48652737058	894.333312988281
2598.90972405879	891
2600.33265608958	889.333312988281
2601.75532352174	889
2603.17772641405	896.333312988281
2604.59986482524	888.666687011719
2606.02173881404	891
2607.44334843917	893.666687011719
2608.86469375933	888.333312988281
2610.2857748332	890.333312988281
2611.70659171943	891.333312988281
2613.12714447668	889.333312988281
2614.54743316358	888
2615.96745783874	889.333312988281
2617.38721856076	897.333312988281
2618.80671538822	890
2620.22594837968	892
2621.64491759369	892
2623.06362308877	884.333312988281
2624.48206492346	892
2625.90024315623	894.666687011719
2627.31815784557	889
2628.73580904994	894
2630.1531968278	895
2631.57032123757	894.333312988281
2632.98718233767	892
2634.40378018649	892
2635.82011484241	895.333312988281
2637.2361863638	890.666687011719
2638.65199480901	893
2640.06754023636	896.666687011719
2641.48282270418	895.333312988281
2642.89784227076	891.333312988281
2644.31259899437	893.333312988281
2645.7270929333	894.666687011719
2647.14132414577	896.333312988281
2648.55529269003	897.666687011719
2649.9689986243	898.666687011719
2651.38244200676	896
2652.7956228956	899
2654.20854134899	901.666687011719
2655.62119742508	900.666687011719
2657.033591182	904.666687011719
2658.44572267785	898
2659.85759197076	896
2661.26919911879	898.333312988281
2662.68054418002	904.666687011719
2664.09162721249	908.333312988281
2665.50244827423	907.666687011719
2666.91300742327	906
2668.32330471762	913
2669.73334021523	922.666687011719
2671.1431139741	916.333312988281
2672.55262605217	920.666687011719
2673.96187650737	923.333312988281
2675.37086539762	925.333312988281
2676.77959278083	927.333312988281
2678.18805871488	933
2679.59626325764	938
2681.00420646696	941.666687011719
2682.41188840068	939
2683.81930911662	942.666687011719
2685.22646867259	950.333312988281
2686.63336712637	946
2688.04000453573	960.333312988281
2689.44638095843	957.666687011719
2690.8524964522	963.666687011719
2692.25835107476	966.333312988281
2693.66394488383	974.333312988281
2695.06927793709	973.666687011719
2696.47435029222	976
2697.87916200687	972
2699.28371313867	988.333312988281
2700.68800374527	990.333312988281
2702.09203388425	993.333312988281
2703.49580361322	990.666687011719
2704.89931298975	985.666687011719
2706.30256207139	981.666687011719
2707.7055509157	983
2709.10827958019	989.666687011719
2710.51074812238	992.666687011719
2711.91295659976	988.666687011719
2713.3149050698	976.666687011719
2714.71659358998	975.666687011719
2716.11802221772	972
2717.51919101047	973.666687011719
2718.92010002563	962.333312988281
2720.3207493206	958.333312988281
2721.72113895276	959.333312988281
2723.12126897948	951.666687011719
2724.52113945809	948.666687011719
2725.92075044593	943
2727.32010200032	945.333312988281
2728.71919417856	938.333312988281
2730.11802703793	938.333312988281
2731.51660063568	939
2732.91491502909	931.666687011719
2734.31297027537	923
2735.71076643175	925.333312988281
2737.10830355543	926.333312988281
2738.50558170359	916.333312988281
2739.9026009334	911.333312988281
2741.29936130202	914.666687011719
2742.69586286658	912.666687011719
2744.09210568421	911.333312988281
2745.488089812	909.333312988281
2746.88381530705	906.333312988281
2748.27928222644	902
2749.67449062721	904.666687011719
2751.06944056641	906.333312988281
2752.46413210106	904.333312988281
2753.85856528816	905.666687011719
2755.25274018472	899.333312988281
2756.64665684771	898.666687011719
2758.04031533408	901.666687011719
2759.43371570079	898
2760.82685800475	900.666687011719
2762.21974230289	900.666687011719
2763.61236865209	897
2765.00473710924	897.666687011719
2766.39684773119	893.333312988281
2767.78870057481	895.333312988281
2769.1802956969	894
2770.57163315431	898
2771.96271300382	897.666687011719
2773.35353530221	899.333312988281
2774.74410010626	895.666687011719
2776.13440747271	897.333312988281
2777.52445745831	898.333312988281
2778.91425011976	899
2780.30378551378	897
2781.69306369705	892
2783.08208472624	893.666687011719
2784.47084865801	894.333312988281
2785.859355549	894
2787.24760545582	892.666687011719
2788.6355984351	896
2790.02333454342	896.333312988281
2791.41081383735	900
2792.79803637346	897
2794.18500220829	895.666687011719
2795.57171139836	896.666687011719
2796.9581640002	893.333312988281
2798.34436007029	897.666687011719
2799.73029966512	892.666687011719
2801.11598284115	894.333312988281
2802.50140965482	897.666687011719
2803.88658016258	895.333312988281
2805.27149442084	894
2806.656152486	893
2808.04055441444	892.333312988281
2809.42470026253	890.666687011719
2810.80859008663	894
2812.19222394307	892.666687011719
2813.57560188818	892.333312988281
2814.95872397826	892.666687011719
2816.3415902696	893
2817.72420081847	895.666687011719
2819.10655568113	897
2820.48865491383	897.333312988281
2821.87049857279	895
2823.25208671423	897.666687011719
2824.63341939433	892.333312988281
2826.01449666927	896.333312988281
2827.39531859523	897
2828.77588522834	893
2830.15619662474	894
2831.53625284055	894
2832.91605393186	891.333312988281
2834.29559995476	894.666687011719
2835.67489096532	895.333312988281
2837.05392701958	896
2838.4327081736	898.666687011719
2839.81123448339	892.333312988281
2841.18950600495	893.666687011719
2842.56752279428	892
2843.94528490734	895.333312988281
2845.32279240011	894
2846.70004532851	896.666687011719
2848.07704374849	895
2849.45378771594	891.666687011719
2850.83027728677	897.666687011719
2852.20651251686	898
2853.58249346206	897
2854.95822017823	901
2856.33369272121	895.666687011719
2857.7089111468	895
2859.08387551082	895
2860.45858586904	897.666687011719
2861.83304227724	899
2863.20724479117	896.666687011719
2864.58119346656	897
2865.95488835916	897.333312988281
2867.32832952466	896
2868.70151701875	896
2870.07445089711	898.666687011719
2871.44713121541	895.333312988281
2872.81955802928	898.333312988281
2874.19173139436	897.666687011719
2875.56365136627	895.666687011719
2876.93531800058	897.333312988281
2878.30673135291	898.333312988281
2879.6778914788	897.333312988281
2881.04879843382	898.333312988281
