322.962320234923	986.333312988281
324.821007690871	983.333312988281
326.679328836639	989
328.537283761817	984
330.394872555975	975.333312988281
332.252095308641	970.333312988281
334.108952109319	976
335.965443047485	978.666687011719
337.821568212591	968.666687011719
339.677327694054	975
341.532721581262	976.333312988281
343.387749963579	969.666687011719
345.24241293034	964.666687011719
347.096710570842	975
348.950642974371	981
350.804210230168	980
352.657412427451	984
354.510249655416	984.666687011719
356.362722003221	983
358.214829560001	982.333312988281
360.066572414857	986
361.917950656873	980.333312988281
363.768964375087	994.666687011719
365.619613658528	996.666687011719
367.469898596179	990.333312988281
369.319819277007	1005
371.169375789945	1005.33331298828
373.018568223899	1005.33331298828
374.867396667745	1006.66668701172
376.715861210331	1007.33331298828
378.563961940484	1011
380.411698946988	1017.33331298828
382.259072318607	1024
384.106082144085	1030.33337402344
385.95272851212	1028.66662597656
387.799011511395	1030.66662597656
389.644931230555	1040.66662597656
391.490487758231	1039.33337402344
393.33568118301	1042.33337402344
395.18051159346	1043
397.024979078119	1059
398.869083725494	1071.66662597656
400.712825624067	1082.66662597656
402.556204862288	1097
404.399221528582	1095.33337402344
406.241875711347	1100.33337402344
408.084167498951	1107
409.926096979734	1126.66662597656
411.767664242003	1121.66662597656
413.608869374046	1134.33337402344
415.449712464116	1128.33337402344
417.290193600442	1120.33337402344
419.13031287122	1118.66662597656
420.970070364622	1117.33337402344
422.80946616879	1117
424.64850037184	1123.66662597656
426.48717306186	1118
428.325484326902	1099.66662597656
430.163434255002	1082.66662597656
432.00102293416	1084
433.838250452352	1091.33337402344
435.675116897523	1100
437.511622357588	1105.66662597656
439.347766920444	1096.66662597656
441.18355067395	1086
443.018973705935	1089.66662597656
444.854036104213	1087.66662597656
446.688737956558	1089.66662597656
448.523079350722	1085.33337402344
450.357060374428	1088.33337402344
452.190681115363	1073
454.023941661205	1069.33337402344
455.856842099588	1064
457.689382518117	1067.66662597656
459.521563004383	1073.66662597656
461.353383645935	1080.66662597656
463.184844530307	1077.33337402344
465.015945744991	1065.66662597656
466.84668737746	1075
468.677069515163	1088.66662597656
470.507092245508	1084.33337402344
472.33675565589	1074
474.166059833661	1099.66662597656
475.995004866161	1107.66662597656
477.823590840693	1111.33337402344
479.65181784453	1101.66662597656
481.479685964923	1124
483.307195289096	1143
485.134345904241	1164.66662597656
486.961137897524	1154
488.78757135608	1166.33337402344
490.613646367026	1165.33337402344
492.43936301744	1186.66662597656
494.264721394378	1208.66662597656
496.08972158487	1234.66662597656
497.914363675912	1221.66662597656
499.738647754476	1215
501.562573907511	1237
503.386142221935	1225.33337402344
505.20935278463	1219
507.032205682463	1221.33337402344
508.854701002267	1203
510.676838830849	1214.66662597656
512.498619254989	1215.33337402344
514.320042361438	1199.66662597656
516.141108236921	1188.33337402344
517.961816968128	1193
519.782168641738	1185.66662597656
521.602163344388	1169.33337402344
523.421801162688	1151
525.24108218323	1163
527.060006492574	1166
528.878574177246	1151.66662597656
530.696785323756	1137
532.514640018575	1140.33337402344
534.332138348156	1127
536.14928039892	1117
537.966066257265	1121.66662597656
539.782496009551	1127
541.598569742125	1112.33337402344
543.41428754129	1132.66662597656
545.229649493342	1125.66662597656
547.044655684532	1127.66662597656
548.859306201093	1129.33337402344
550.673601129225	1117.66662597656
552.487540555108	1121.66662597656
554.301124564886	1132.66662597656
556.114353244683	1127.33337402344
557.927226680591	1139.33337402344
559.739744958678	1143.33337402344
561.551908164982	1149.33337402344
563.363716385518	1151
565.175169706269	1143.66662597656
566.986268213187	1137.66662597656
568.797011992212	1150.33337402344
570.607401129243	1157.66662597656
572.417435710154	1158.33337402344
574.227115820797	1163.33337402344
576.036441546992	1177.66662597656
577.845412974533	1180.66662597656
579.654030189189	1190.66662597656
581.462293276698	1172.33337402344
583.270202322778	1180.66662597656
585.077757413108	1187
586.884958633352	1209.33337402344
588.691806069139	1212.33337402344
590.498299806072	1218.33337402344
592.304439929734	1237
594.110226525672	1233.66662597656
595.915659679413	1261.66662597656
597.720739476447	1286.33337402344
599.52546600225	1271.33337402344
601.32983934226	1287
603.133859581894	1337
604.937526806542	1355
606.740841101563	1358.66662597656
608.543802552294	1375.33337402344
610.346411244038	1411
612.148667262079	1447.66662597656
613.950570691671	1497.33337402344
615.752121618041	1535
617.553320126386	1583
619.35416630188	1647.66662597656
621.154660229669	1691.33337402344
622.954801994875	1763.66662597656
624.754591682586	1847
626.554029377869	1858.66662597656
628.353115165762	1951.33337402344
630.15184913128	2058.33325195313
631.950231359399	2102.66674804688
633.748261935088	2180.66674804688
635.545940943273	2194.66674804688
637.343268468857	2258
639.140244596718	2385.33325195313
640.936869411709	2530
642.733142998656	2627.33325195313
644.52906544235	2688.66674804688
646.324636827564	2807.33325195313
648.119857239043	2897.66674804688
649.914726761507	2874.33325195313
651.709245479643	2765
653.503413478111	2715.66674804688
655.297230841553	2692
657.090697654581	2616.33325195313
658.883814001775	2410.66674804688
660.67657996769	2203.66674804688
662.46899563686	2045
664.26106109379	1895.66662597656
666.052776422952	1783.66662597656
667.844141708803	1721
669.635157035762	1629.66662597656
671.425822488225	1566
673.216138150567	1498.66662597656
675.00610410713	1425.33337402344
676.795720442232	1391.66662597656
678.584987240165	1375.33337402344
680.373904585187	1337.33337402344
682.162472561547	1334
683.950691253447	1346.33337402344
685.738560745076	1326.33337402344
687.526081120591	1264
689.313252464127	1266
691.100074859784	1260
692.886548391647	1254.66662597656
694.672673143763	1253.66662597656
696.45844920016	1269.66662597656
698.24387664484	1260.33337402344
700.028955561777	1220.33337402344
701.813686034909	1217.66662597656
703.598068148168	1217.66662597656
705.382101985438	1213
707.165787630593	1208
708.949125167474	1196.33337402344
710.732114679892	1206.66662597656
712.514756251636	1201.66662597656
714.297049966473	1198.33337402344
716.078995908135	1194
717.86059416033	1191.66662597656
719.641844806745	1177
721.422747931037	1167.66662597656
723.203303616833	1158
724.983511947739	1136.66662597656
726.763373007333	1143.66662597656
728.54288687917	1158
730.322053646771	1141
732.100873393635	1141.66662597656
733.879346203242	1146
735.657472159031	1137.33337402344
737.435251344426	1129
739.212683842823	1124
740.989769737589	1120.33337402344
742.766509112064	1115.66662597656
744.542902049568	1119.66662597656
746.318948633388	1110
748.094648946789	1107.33337402344
749.870003073008	1111.66662597656
751.645011095255	1096.66662597656
753.419673096721	1105.66662597656
755.193989160558	1113
756.967959369905	1111.66662597656
758.741583807865	1121
760.514862557521	1111
762.287795701929	1111
764.060383324115	1107
765.832625507084	1107
767.604522333812	1100.33337402344
769.376073887252	1108.66662597656
771.147280250325	1121.66662597656
772.918141505932	1115
774.688657736946	1115.66662597656
776.458829026216	1130
778.228655456559	1137.33337402344
779.998137110774	1138
781.767274071624	1150.66662597656
783.536066421857	1156.66662597656
785.304514244192	1155.33337402344
787.072617621314	1157.33337402344
788.840376635895	1173.33337402344
790.607791370569	1182.66662597656
792.374861907953	1213.33337402344
794.141588330631	1210
795.907970721171	1201.66662597656
797.674009162106	1219.33337402344
799.439703735944	1213
801.205054525172	1209
802.970061612248	1223.66662597656
804.734725079605	1213
806.499045009651	1179
808.263021484761	1149.66662597656
810.026654587299	1140.33337402344
811.789944399589	1127.33337402344
813.55289100394	1122.33337402344
815.315494482624	1117.33337402344
817.077754917896	1110.66662597656
818.839672391981	1102.33337402344
820.601246987088	1093.66662597656
822.362478785381	1089.66662597656
824.123367869017	1083
825.883914320117	1076.33337402344
827.644118220777	1074
829.403979653075	1064.66662597656
831.163498699057	1070.33337402344
832.922675440742	1090
834.681509960125	1076.33337402344
836.440002339177	1064.66662597656
838.198152659842	1051.66662597656
839.955961004042	1044.66662597656
841.713427453662	1061.66662597656
843.470552090584	1070.66662597656
845.227334996632	1063
846.983776253636	1049.66662597656
848.739875943383	1048.33337402344
850.495634147637	1053.33337402344
852.251050948136	1045.33337402344
854.006126426602	1040.66662597656
855.760860664714	1043.33337402344
857.515253744145	1048.33337402344
859.269305746525	1049.66662597656
861.023016753469	1037
862.776386846567	1034.66662597656
864.529416107376	1030.33337402344
866.282104617438	1031
868.034452458254	1026.33337402344
869.786459711318	1019.66668701172
871.538126458082	1013
873.289452779987	1019.66668701172
875.040438758438	1025.66662597656
876.791084474821	1007.33331298828
878.541390010491	1005.33331298828
880.29135544679	1008.66668701172
882.040980865011	1012
883.790266346443	1006
885.539211972346	1012.33331298828
887.287817823948	1013.33331298828
889.036083982455	998
890.784010529045	995.333312988281
892.53159754488	1000.33331298828
894.278845111085	1003.33331298828
896.025753308768	983.333312988281
897.772322219005	996.333312988281
899.518551922857	983
901.264442501348	990
903.009994035478	991
904.755206606235	991.666687011719
906.500080294565	991
908.2446151814	994.333312988281
909.988811347642	992
911.732668874171	989.333312988281
913.476187841832	989
915.219368331461	986.333312988281
916.96221042386	982.333312988281
918.7047141998	978.666687011719
920.446879740041	988.333312988281
922.188707125304	992.666687011719
923.930196436289	988
925.671347753679	977.666687011719
927.412161158122	982.333312988281
929.152636730249	983.666687011719
930.892774550655	984.333312988281
932.632574699918	986.666687011719
934.372037258594	982
936.111162307202	985.333312988281
937.849949926251	985
939.588400196211	985.666687011719
941.326513197538	985
943.064289010654	989
944.801727715962	981
946.538829393836	973.666687011719
948.275594124633	976.333312988281
950.012021988677	983.333312988281
951.748113066265	987
953.483867437677	984.333312988281
955.219285183164	988.333312988281
956.954366382951	982.666687011719
958.689111117243	977.333312988281
960.423519466215	979
962.157591510017	979.333312988281
963.891327328776	967
965.624727002599	970.666687011719
967.357790611554	984
969.090518235704	981.666687011719
970.82290995507	980
972.554965849655	985
974.286685999436	983
976.018070484371	976.666687011719
977.749119384383	982.666687011719
979.479832779378	974.333312988281
981.210210749231	965.666687011719
982.940253373799	967.333312988281
984.669960732911	973.333312988281
986.399332906372	979.333312988281
988.128369973957	980.333312988281
989.857072015426	981.333312988281
991.585439110506	981.333312988281
993.313471338904	981
995.041168780296	981.666687011719
996.768531514346	972.333312988281
998.495559620679	970
1000.2222531789	976
1001.9486122686	975.333312988281
1003.67463696933	976.666687011719
1005.40032736062	983.333312988281
1007.12568352198	981.333312988281
1008.85070553289	980
1010.57539347282	988.666687011719
1012.29974742119	982.333312988281
1014.02376745742	969
1015.74745366089	977.333312988281
1017.47080611096	980.333312988281
1019.19382488697	992.666687011719
1020.91651006822	991.666687011719
1022.63886173401	990
1024.3608799636	996.333312988281
1026.08256483622	997.666687011719
1027.80391643108	993.333312988281
1029.52493482738	989
1031.24562010428	988.333312988281
1032.96597234092	997.333312988281
1034.68599161641	1004.33331298828
1036.40567800984	995
1038.12503160028	994
1039.84405246678	1008.66668701172
1041.56274068834	1011.66668701172
1043.28109634397	1010
1044.99911951262	1010
1046.71681027324	1017.66668701172
1048.43416870476	1012.66668701172
1050.15119488606	1015.33331298828
1051.86788889603	1010
1053.58425081349	1013.66668701172
1055.30028071728	1009
1057.0159786862	1007.33331298828
1058.73134479901	1005.66668701172
1060.44637913446	1028.66662597656
1062.16108177129	1012.66668701172
1063.87545278818	1007.66668701172
1065.58949226382	1002.33331298828
1067.30320027685	999.666687011719
1069.01657690591	997.666687011719
1070.7296222296	1012
1072.44233632649	1018.66668701172
1074.15471927514	1004.66668701172
1075.86677115408	1008.66668701172
1077.57849204182	1005
1079.28988201683	994
1081.00094115758	1008.33331298828
1082.71166954249	1007.66668701172
1084.42206724999	1000.33331298828
1086.13213435844	998.666687011719
1087.84187094622	995.666687011719
1089.55127709166	1000.33331298828
1091.26035287306	999
1092.96909836873	998.666687011719
1094.67751365691	1002
1096.38559881587	1002.66668701172
1098.0933539238	1013.33331298828
1099.80077905889	999.666687011719
1101.50787429933	989.666687011719
1103.21463972324	995.333312988281
1104.92107540876	995.333312988281
1106.62718143397	991.333312988281
1108.33295787695	985.333312988281
1110.03840481574	996.333312988281
1111.74352232836	1000
1113.44831049282	1005
1115.15276938709	1002
1116.85689908912	999.333312988281
1118.56069967683	987.333312988281
1120.26417122814	997
1121.96731382092	1003.66668701172
1123.67012753301	1012
1125.37261244226	1001.66668701172
1127.07476862648	999.666687011719
1128.77659616344	1005.66668701172
1130.4780951309	1004.33331298828
1132.17926560659	1008.66668701172
1133.88010766824	1004.66668701172
1135.58062139353	1006.66668701172
1137.28080686011	1021.66668701172
1138.98066414563	1017
1140.6801933277	1011.66668701172
1142.37939448393	1014.33331298828
1144.07826769186	1016.66668701172
1145.77681302905	1010.33331298828
1147.47503057301	1013.33331298828
1149.17292040125	1019.66668701172
1150.87048259124	1015.66668701172
1152.56771722042	1007.66668701172
1154.26462436621	1007.66668701172
1155.96120410603	1007.33331298828
1157.65745651724	1012.33331298828
1159.3533816772	1014.33331298828
1161.04897966324	1018.33331298828
1162.74425055267	1017.66668701172
1164.43919442276	999
1166.13381135077	997.666687011719
1167.82810141394	1008
1169.52206468948	1017.66668701172
1171.21570125458	1008.33331298828
1172.90901118639	993.333312988281
1174.60199456207	1005.33331298828
1176.29465145871	998.333312988281
1177.98698195343	1000.66668701172
1179.67898612328	1003.66668701172
1181.37066404531	996.333312988281
1183.06201579654	992.333312988281
1184.75304145396	996.333312988281
1186.44374109456	1009.66668701172
1188.13411479528	1004.33331298828
1189.82416263305	981
1191.51388468477	985.666687011719
1193.20328102732	980
1194.89235173756	976
1196.58109689231	996.333312988281
1198.26951656839	998.333312988281
1199.95761084259	988.333312988281
1201.64537979165	987.333312988281
1203.33282349233	986.666687011719
1205.01994202133	985
1206.70673545535	993.666687011719
1208.39320387105	990.333312988281
1210.07934734508	994.333312988281
1211.76516595405	990.333312988281
1213.45065977458	991.333312988281
1215.13582888321	990.333312988281
1216.82067335651	985
1218.50519327101	994
1220.1893887032	1003
1221.87325972957	989.333312988281
1223.55680642657	996.666687011719
1225.24002887063	997
1226.92292713817	1005
1228.60550130556	995.666687011719
1230.28775144918	996
1231.96967764535	1008
1233.6512799704	1005.66668701172
1235.33255850062	1000
1237.01351331227	1002.33331298828
1238.69414448161	1019.66668701172
1240.37445208484	1027.33337402344
1242.05443619818	1015.33331298828
1243.7340968978	1024.33337402344
1245.41343425985	1022.66668701172
1247.09244836045	1016.66668701172
1248.77113927572	1019.66668701172
1250.44950708174	1023.66668701172
1252.12755185455	1037.66662597656
1253.80527367021	1039
1255.48267260473	1038.66662597656
1257.15974873408	1035.66662597656
1258.83650213425	1041
1260.51293288115	1032.66662597656
1262.18904105073	1043.33337402344
1263.86482671888	1053.66662597656
1265.54028996147	1061.66662597656
1267.21543085434	1061.33337402344
1268.89024947333	1051
1270.56474589423	1053
1272.23892019284	1064.66662597656
1273.91277244489	1063.66662597656
1275.58630272614	1073
1277.25951111228	1072.33337402344
1278.93239767902	1070.33337402344
1280.604962502	1092.33337402344
1282.27720565688	1083.66662597656
1283.94912721927	1086.66662597656
1285.62072726476	1082.33337402344
1287.29200586893	1073
1288.96296310733	1069.33337402344
1290.63359905548	1067.66662597656
1292.30391378889	1078.66662597656
1293.97390738303	1063.66662597656
1295.64357991337	1071.66662597656
1297.31293145532	1065.33337402344
1298.98196208431	1072.33337402344
1300.65067187573	1058.66662597656
1302.31906090493	1048
1303.98712924727	1035
1305.65487697805	1039
1307.32230417258	1021
1308.98941090612	1012.33331298828
1310.65619725392	1022
1312.32266329122	1024.66662597656
1313.98880909322	1005.33331298828
1315.65463473508	994.333312988281
1317.32014029199	983.333312988281
1318.98532583906	987
1320.65019145142	987
1322.31473720414	976
1323.9789631723	971.666687011719
1325.64286943095	980.333312988281
1327.30645605509	982
1328.96972311972	967
1330.63267069984	954.333312988281
1332.29529887037	963
1333.95760770626	959.333312988281
1335.6195972824	962
1337.28126767369	968
1338.94261895498	962.666687011719
1340.60365120112	958.333312988281
1342.2643644869	953.333312988281
1343.92475888713	957
1345.58483447659	959
1347.24459133	953
1348.9040295221	952.333312988281
1350.56314912759	951.666687011719
1352.22195022115	942
1353.88043287743	954
1355.53859717106	953.666687011719
1357.19644317666	948
1358.85397096881	946
1360.51118062207	939.333312988281
1362.168072211	948
1363.8246458101	948.333312988281
1365.48090149388	948.333312988281
1367.13683933681	943.666687011719
1368.79245941333	942.333312988281
1370.44776179789	941.333312988281
1372.10274656488	936
1373.75741378869	935
1375.41176354367	930.666687011719
1377.06579590418	937
1378.71951094451	937.333312988281
1380.37290873897	937
1382.02598936183	939.333312988281
1383.67875288733	937.666687011719
1385.3311993897	934.666687011719
1386.98332894314	938.333312988281
1388.63514162183	937
1390.28663749993	935.666687011719
1391.93781665157	932
1393.58867915087	926.333312988281
1395.23922507192	929.333312988281
1396.88945448878	933.666687011719
1398.5393674755	935
1400.1889641061	928
1401.83824445458	934
1403.48720859493	936.666687011719
1405.13585660108	928.333312988281
1406.78418854698	928.333312988281
1408.43220450654	938.333312988281
1410.07990455364	931
1411.72728876215	928
1413.37435720592	930.333312988281
1415.02110995876	929.333312988281
1416.66754709446	934.666687011719
1418.31366868682	930.666687011719
1419.95947480957	927.666687011719
1421.60496553646	931.333312988281
1423.25014094118	931
1424.89500109743	933.666687011719
1426.53954607887	939.333312988281
1428.18377595914	932.666687011719
1429.82769081186	930
1431.47129071063	933.666687011719
1433.11457572901	927.666687011719
1434.75754594057	929
1436.40020141884	927
1438.04254223731	930.333312988281
1439.68456846948	929.333312988281
1441.32628018881	923.333312988281
1442.96767746874	927.666687011719
1444.60876038268	932.333312988281
1446.24952900404	928.333312988281
1447.8899834062	930
1449.53012366249	929
1451.16994984625	926
1452.80946203078	921
1454.44866028938	923.333312988281
1456.08754469531	930.666687011719
1457.7261153218	929.333312988281
1459.36437224208	924.666687011719
1461.00231552934	920
1462.63994525675	916.333312988281
1464.27726149747	925
1465.91426432463	923.333312988281
1467.55095381133	917.666687011719
1469.18733003067	927.333312988281
1470.82339305569	923.333312988281
1472.45914295946	921.666687011719
1474.09457981498	915.333312988281
1475.72970369525	915.666687011719
1477.36451467325	918
1478.99901282193	918.666687011719
1480.63319821423	920.666687011719
1482.26707092304	923
1483.90063102127	917.666687011719
1485.53387858176	909.333312988281
1487.16681367737	916
1488.79943638092	919
1490.43174676521	913
1492.063744903	916.666687011719
1493.69543086706	917.333312988281
1495.32680473012	915.333312988281
1496.95786656489	919.666687011719
1498.58861644407	924.666687011719
1500.21905444031	912.666687011719
1501.84918062626	909.666687011719
1503.47899507454	912.333312988281
1505.10849785776	914
1506.73768904849	914.333312988281
1508.3665687193	911.666687011719
1509.99513694271	912.333312988281
1511.62339379124	916.333312988281
1513.25133933739	907.333312988281
1514.87897365362	918
1516.50629681237	914
1518.13330888608	916.333312988281
1519.76000994715	910.333312988281
1521.38640006796	908
1523.01247932087	913.333312988281
1524.63824777822	912.666687011719
1526.26370551233	914.333312988281
1527.88885259549	914
1529.51368909997	915.333312988281
1531.13821509803	911
1532.76243066189	913
1534.38633586377	908.333312988281
1536.00993077584	908
1537.63321547027	904
1539.25619001921	911.666687011719
1540.87885449478	914
1542.50120896906	916.666687011719
1544.12325351415	906.333312988281
1545.7449882021	911.666687011719
1547.36641310493	919.666687011719
1548.98752829467	910.666687011719
1550.60833384329	916.333312988281
1552.22882982278	912
1553.84901630507	916
1555.4688933621	916.666687011719
1557.08846106576	921.666687011719
1558.70771948794	921.666687011719
1560.32666870049	919.333312988281
1561.94530877527	925.666687011719
1563.56363978407	945
1565.1816617987	945.666687011719
1566.79937489093	941
1568.41677913252	950.666687011719
1570.03387459519	970.333312988281
1571.65066135065	975
1573.26713947059	977.333312988281
1574.88330902668	1003.33331298828
1576.49917009055	1034.33337402344
1578.11472273384	1049.33337402344
1579.72996702814	1070
1581.34490304503	1080.66662597656
1582.95953085607	1058
1584.5738505328	1075.66662597656
1586.18786214673	1046.33337402344
1587.80156576935	1016
1589.41496147214	995.333312988281
1591.02804932655	976.666687011719
1592.640829404	954.333312988281
1594.2533017759	948.666687011719
1595.86546651364	929.666687011719
1597.47732368859	927.666687011719
1599.08887337208	923
1600.70011563543	922.666687011719
1602.31105054996	909
1603.92167818692	909
1605.5319986176	914.666687011719
1607.14201191321	912.666687011719
1608.75171814497	910.666687011719
1610.36111738408	909.666687011719
1611.97020970171	909.666687011719
1613.578995169	904.666687011719
1615.18747385709	905.333312988281
1616.79564583708	912.333312988281
1618.40351118007	908.666687011719
1620.01106995711	907.333312988281
1621.61832223925	907.666687011719
1623.2252680975	908.666687011719
1624.83190760288	907.333312988281
1626.43824082636	909.666687011719
1628.0442678389	908.333312988281
1629.64998871144	904.666687011719
1631.25540351488	905
1632.86051232013	902.666687011719
1634.46531519806	904.333312988281
1636.06981221952	904.333312988281
1637.67400345534	903.666687011719
1639.27788897633	906
1640.88146885328	900.666687011719
1642.48474315695	905
1644.08771195809	901
1645.69037532742	902
1647.29273333566	900.666687011719
1648.89478605347	904.666687011719
1650.49653355152	902.666687011719
1652.09797590046	903
1653.69911317089	899
1655.29994543341	897.333312988281
1656.90047275861	906
1658.50069521703	901.666687011719
1660.10061287922	901.333312988281
1661.70022581567	905
1663.29953409689	902.333312988281
1664.89853779334	902.666687011719
1666.49723697548	895.666687011719
1668.09563171373	902.333312988281
1669.69372207849	899.333312988281
1671.29150814016	906
1672.8889899691	903
1674.48616763566	902.333312988281
1676.08304121015	895.333312988281
1677.67961076287	903.666687011719
1679.27587636412	901.333312988281
1680.87183808414	899
1682.46749599318	899
1684.06285016145	903.666687011719
1685.65790065915	900.666687011719
1687.25264755646	902.666687011719
1688.84709092353	902.666687011719
1690.44123083049	896.333312988281
1692.03506734747	901.333312988281
1693.62860054453	899.666687011719
1695.22183049177	904
1696.81475725923	897.666687011719
1698.40738091693	898.666687011719
1699.99970153489	895.333312988281
1701.59171918308	900.666687011719
1703.18343393149	905.333312988281
1704.77484585005	900.333312988281
1706.36595500868	901.333312988281
1707.9567614773	901.666687011719
1709.54726532577	896
1711.13746662398	898
1712.72736544174	899
1714.31696184889	902.333312988281
1715.90625591522	901.333312988281
1717.49524771051	898
1719.08393730451	897.666687011719
1720.67232476698	902.666687011719
1722.2604101676	895.333312988281
1723.8481935761	900
1725.43567506213	898.666687011719
1727.02285469535	906.333312988281
1728.6097325454	901.333312988281
1730.19630868187	899.666687011719
1731.78258317438	900.666687011719
1733.36855609247	898.666687011719
1734.95422750571	898
1736.53959748362	893.333312988281
1738.12466609571	897.333312988281
1739.70943341147	900
1741.29389950036	899.333312988281
1742.87806443182	899.333312988281
1744.46192827529	901
1746.04549110016	903.333312988281
1747.62875297583	900.666687011719
1749.21171397164	901.333312988281
1750.79437415695	895.333312988281
1752.37673360107	900.333312988281
1753.9587923733	902.666687011719
1755.54055054294	898.666687011719
1757.12200817922	901
1758.7031653514	898.333312988281
1760.28402212869	897
1761.86457858029	902.333312988281
1763.44483477536	893.333312988281
1765.02479078309	894.333312988281
1766.60444667258	898
1768.18380251297	897.666687011719
1769.76285837334	901.333312988281
1771.34161432276	900.333312988281
1772.92007043031	898.333312988281
1774.49822676499	890.666687011719
1776.07608339583	895.333312988281
1777.65364039181	899.333312988281
1779.23089782192	901.666687011719
1780.80785575509	897
1782.38451426026	897.333312988281
1783.96087340633	893
1785.5369332622	894.666687011719
1787.11269389674	895.666687011719
1788.68815537878	900
1790.26331777717	902
1791.8381811607	901.333312988281
1793.41274559816	901
1794.98701115832	897.333312988281
1796.56097790992	891.333312988281
1798.13464592168	898.666687011719
1799.70801526232	898.666687011719
1801.28108600052	895.666687011719
1802.85385820494	897.666687011719
1804.42633194421	897.666687011719
1805.99850728698	897.333312988281
1807.57038430183	895.333312988281
1809.14196305735	897.666687011719
1810.71324362209	894
1812.28422606462	892.666687011719
1813.85491045343	896.333312988281
1815.42529685704	892.666687011719
1816.99538534392	897.666687011719
1818.56517598253	894.333312988281
1820.13466884132	895.666687011719
1821.7038639887	897.666687011719
1823.27276149307	897
1824.8413614228	900.333312988281
1826.40966384627	900.333312988281
1827.97766883179	895.666687011719
1829.5453764477	895
1831.11278676228	897.333312988281
1832.67989984383	900
1834.24671576058	898
1835.81323458078	896
1837.37945637265	897.333312988281
1838.94538120437	894
1840.51100914413	898
1842.07634026009	896.666687011719
1843.64137462037	894.333312988281
1845.20611229309	898
1846.77055334635	895
1848.33469784822	903.333312988281
1849.89854586675	894.333312988281
1851.46209746998	893.333312988281
1853.02535272592	896
1854.58831170257	890.666687011719
1856.1509744679	898
1857.71334108986	898.333312988281
1859.27541163639	891.666687011719
1860.8371861754	896.666687011719
1862.39866477478	900
1863.95984750241	898.333312988281
1865.52073442614	893.333312988281
1867.0813256138	893
1868.6416211332	895.333312988281
1870.20162105213	894
1871.76132543837	897.333312988281
1873.32073435968	892.666687011719
1874.87984788378	894
1876.43866607838	896
1877.99718901118	898
1879.55541674985	899.666687011719
1881.11334936203	893.666687011719
1882.67098691537	895
1884.22832947748	898.333312988281
1885.78537711594	897
1887.34212989833	896
1888.8985878922	897
1890.45475116508	898
1892.01061978448	899
1893.5661938179	901.333312988281
1895.12147333281	895
1896.67645839666	892.333312988281
1898.23114907688	899
1899.78554544088	897.333312988281
1901.33964755605	896.333312988281
1902.89345548978	891
1904.4469693094	901.666687011719
1906.00018908226	900.666687011719
1907.55311487566	897
1909.1057467569	901
1910.65808479324	896.333312988281
1912.21012905195	897
1913.76187960025	893.333312988281
1915.31333650537	889.333312988281
1916.86449983448	897.666687011719
1918.41536965476	890.333312988281
1919.96594603337	900.333312988281
1921.51622903745	897.333312988281
1923.06621873409	900
1924.61591519041	893
1926.16531847346	897
1927.71442865032	895
1929.263245788	894.333312988281
1930.81176995353	891.333312988281
1932.36000121389	897.333312988281
1933.90793963607	898.666687011719
1935.45558528702	897.666687011719
1937.00293823368	893
1938.54999854296	895.666687011719
1940.09676628175	888.333312988281
1941.64324151694	889
1943.18942431537	894.666687011719
1944.73531474389	894.666687011719
1946.28091286932	895
1947.82621875844	891.333312988281
1949.37123247804	898
1950.91595409488	894.333312988281
1952.46038367568	891.666687011719
1954.00452128718	890
1955.54836699607	891
1957.09192086903	896.333312988281
1958.63518297272	894.333312988281
1960.17815337377	890.666687011719
1961.72083213882	892.333312988281
1963.26321933445	898
1964.80531502725	892.666687011719
1966.34711928378	894.666687011719
1967.88863217059	891.333312988281
1969.42985375419	893
1970.97078410108	894.666687011719
1972.51142327775	889.666687011719
1974.05177135067	890.666687011719
1975.59182838627	895.333312988281
1977.13159445098	895
1978.6710696112	888.666687011719
1980.21025393333	892.333312988281
1981.74914748371	894.333312988281
1983.2877503287	894.333312988281
1984.82606253463	887.666687011719
1986.36408416781	889.666687011719
1987.90181529451	889
1989.439255981	888.333312988281
1990.97640629354	888
1992.51326629836	891
1994.04983606165	894
1995.58611564962	892
1997.12210512843	889
1998.65780456424	889.666687011719
2000.19321402316	890.333312988281
2001.72833357132	893
2003.26316327481	889.666687011719
2004.7977031997	888
2006.33195341204	890
2007.86591397787	891
2009.3995849632	896.333312988281
2010.93296643402	889
2012.46605845632	890.666687011719
2013.99886109605	886.333312988281
2015.53137441914	893
2017.06359849151	891
2018.59553337907	890
2020.12717914768	888.333312988281
2021.65853586322	890
2023.18960359151	889.666687011719
2024.72038239838	886.666687011719
2026.25087234963	889.666687011719
2027.78107351104	889
2029.31098594838	887
2030.84060972739	889.333312988281
2032.36994491378	890.666687011719
2033.89899157328	888
2035.42774977156	891.666687011719
2036.95621957428	891.333312988281
2038.4844010471	894.333312988281
2040.01229425564	893
2041.53989926552	889.666687011719
2043.06721614231	887
2044.59424495159	891.333312988281
2046.12098575891	895.333312988281
2047.6474386298	891.333312988281
2049.17360362977	894
2050.69948082432	890.666687011719
2052.22507027892	891
2053.75037205902	892
2055.27538623006	889
2056.80011285745	891.666687011719
2058.32455200659	890.333312988281
2059.84870374287	888.333312988281
2061.37256813162	891.666687011719
2062.89614523821	891.333312988281
2064.41943512794	888.333312988281
2065.94243786612	893
2067.46515351802	893.666687011719
2068.98758214891	893.666687011719
2070.50972382404	891
2072.03157860863	889.333312988281
2073.55314656788	894.333312988281
2075.07442776698	890.333312988281
2076.5954222711	890.666687011719
2078.11613014538	892.333312988281
2079.63655145495	890.333312988281
2081.15668626493	889.333312988281
2082.6765346404	885.666687011719
2084.19609664644	887.666687011719
2085.71537234809	888.333312988281
2087.23436181039	892
2088.75306509836	895
2090.27148227699	890
2091.78961341125	889
2093.30745856611	884
2094.82501780651	890.333312988281
2096.34229119735	888.666687011719
2097.85927880354	888
2099.37598068996	889.333312988281
2100.89239692149	890
2102.40852756295	894.333312988281
2103.92437267917	893.333312988281
2105.43993233495	889.333312988281
2106.9552065951	891
2108.47019552436	893.666687011719
2109.98489918749	885.666687011719
2111.49931764922	888.666687011719
2113.01345097427	890
2114.52729922731	888.333312988281
2116.04086247302	889.666687011719
2117.55414077607	890.333312988281
2119.06713420108	891.666687011719
2120.57984281267	889
2122.09226667542	886.333312988281
2123.60440585394	889
2125.11626041277	895
2126.62783041645	894
2128.1391159295	886.333312988281
2129.65011701644	887.666687011719
2131.16083374173	890.333312988281
2132.67126616985	889.333312988281
2134.18141436525	891
2135.69127839234	886.666687011719
2137.20085831554	888
2138.71015419925	887.333312988281
2140.21916610782	889.333312988281
2141.72789410561	888.333312988281
2143.23633825696	887.666687011719
2144.74449862617	888
2146.25237527755	892
2147.75996827537	888.666687011719
2149.2672776839	892
2150.77430356736	891.333312988281
2152.28104598998	888
2153.78750501597	889
2155.2936807095	888.666687011719
2156.79957313473	887.666687011719
2158.30518235583	892.333312988281
2159.81050843691	884.333312988281
2161.31555144208	889.666687011719
2162.82031143543	883
2164.32478848103	886.333312988281
2165.82898264294	888.666687011719
2167.33289398518	889
2168.83652257177	886
2170.33986846672	892.333312988281
2171.84293173399	895.666687011719
2173.34571243754	886.666687011719
2174.84821064132	885
2176.35042640925	888.333312988281
2177.85235980522	892.666687011719
2179.35401089313	890.666687011719
2180.85537973685	892
2182.3564664002	889.666687011719
2183.85727094704	887.333312988281
2185.35779344116	888.333312988281
2186.85803394635	890.333312988281
2188.3579925264	885
2189.85766924505	889.666687011719
2191.35706416604	891.333312988281
2192.85617735308	886.333312988281
2194.35500886988	888
2195.85355878012	889.666687011719
2197.35182714745	895.333312988281
2198.84981403552	889.666687011719
2200.34751950795	886.333312988281
2201.84494362836	887.333312988281
2203.34208646031	893
2204.8389480674	889
2206.33552851316	890
2207.83182786113	890.333312988281
2209.32784617482	890.333312988281
2210.82358351773	888.333312988281
2212.31903995332	889.666687011719
2213.81421554507	891.333312988281
2215.3091103564	889.333312988281
2216.80372445075	889.666687011719
2218.29805789151	888.333312988281
2219.79211074207	888.666687011719
2221.28588306578	889.666687011719
2222.77937492601	890.666687011719
2224.27258638608	894.666687011719
2225.76551750929	885.333312988281
2227.25816835895	888
2228.75053899832	893
2230.24262949066	890.666687011719
2231.7344398992	894.333312988281
2233.22597028717	891.333312988281
2234.71722071777	891
2236.20819125417	893
2237.69888195955	891
2239.18929289704	888
2240.67942412976	884.333312988281
2242.16927572085	887
2243.65884773337	892
2245.1481402304	888.666687011719
2246.63715327499	889
2248.12588693019	889.333312988281
2249.614341259	888.666687011719
2251.10251632443	883.666687011719
2252.59041218946	887.666687011719
2254.07802891704	892
2255.56536657012	893.333312988281
2257.05242521163	888.666687011719
2258.53920490447	888.666687011719
2260.02570571153	892
2261.51192769569	889.666687011719
2262.99787091979	888.333312988281
2264.48353544667	888.333312988281
2265.96892133915	891.333312988281
2267.45402866001	894
2268.93885747205	895
2270.42340783802	886
2271.90767982068	891.666687011719
2273.39167348273	888
2274.87538888688	887.666687011719
2276.35882609584	885.333312988281
2277.84198517226	890.333312988281
2279.3248661788	894.333312988281
2280.80746917809	892.333312988281
2282.28979423275	892
2283.77184140537	892.333312988281
2285.25361075854	892
2286.73510235482	885
2288.21631625675	887.666687011719
2289.69725252685	886.333312988281
2291.17791122763	893.666687011719
2292.65829242159	887
2294.13839617119	887
2295.61822253888	890.666687011719
2297.09777158711	891
2298.57704337827	889.333312988281
2300.05603797479	889.666687011719
2301.53475543903	891.666687011719
2303.01319583335	885.333312988281
2304.49135922011	891
2305.96924566162	895.666687011719
2307.4468552202	892.333312988281
2308.92418795814	888.333312988281
2310.4012439377	891.333312988281
2311.87802322115	886.333312988281
2313.35452587071	888.333312988281
2314.83075194862	893.333312988281
2316.30670151706	887.333312988281
2317.78237463821	892.666687011719
2319.25777137426	892
2320.73289178733	890.333312988281
2322.20773593956	892.666687011719
2323.68230389306	891.666687011719
2325.15659570991	892
2326.6306114522	894.666687011719
2328.10435118198	895
2329.57781496129	894.666687011719
2331.05100285215	894
2332.52391491657	892.666687011719
2333.99655121652	895
2335.46891181397	894.666687011719
2336.94099677088	888.333312988281
2338.41280614917	896.666687011719
2339.88434001075	888.666687011719
2341.35559841754	889.333312988281
2342.82658143138	888.333312988281
2344.29728911416	885.666687011719
2345.7677215277	890.333312988281
2347.23787873384	893.666687011719
2348.70776079438	895
2350.17736777111	892.333312988281
2351.64669972579	891.333312988281
2353.11575672018	887.666687011719
2354.58453881603	888
2356.05304607502	890.333312988281
2357.52127855888	896
2358.98923632928	894
2360.45691944789	892
2361.92432797634	888.333312988281
2363.39146197628	890.333312988281
2364.8583215093	890.333312988281
2366.32490663699	893.666687011719
2367.79121742095	892
2369.25725392271	893
2370.72301620382	894
2372.1885043258	890
2373.65371835016	890.333312988281
2375.11865833837	893.666687011719
2376.58332435192	894
2378.04771645224	892.666687011719
2379.51183470077	893
2380.97567915892	893.333312988281
2382.43924988809	892.333312988281
2383.90254694967	890.666687011719
2385.36557040501	894.333312988281
2386.82832031545	894
2388.29079674233	894.333312988281
2389.75299974695	895.666687011719
2391.21492939061	890
2392.67658573456	896.666687011719
2394.13796884008	888.333312988281
2395.5990787684	895.666687011719
2397.05991558074	893.666687011719
2398.5204793383	888.333312988281
2399.98077010226	891.333312988281
2401.44078793381	892.666687011719
2402.90053289408	893.333312988281
2404.3600050442	892
2405.81920444529	895
2407.27813115846	897.333312988281
2408.73678524478	896.666687011719
2410.1951667653	901.333312988281
2411.65327578108	893.333312988281
2413.11111235315	893
2414.5686765425	898.333312988281
2416.02596841013	896.333312988281
2417.48298801703	898.666687011719
2418.93973542413	898.666687011719
2420.39621069238	899.333312988281
2421.85241388272	902
2423.30834505603	903
2424.76400427321	899
2426.21939159511	904.666687011719
2427.67450708261	901.333312988281
2429.12935079652	901
2430.58392279767	899.333312988281
2432.03822314685	900.666687011719
2433.49225190485	904.333312988281
2434.94600913243	899
2436.39949489034	902.333312988281
2437.8527092393	903.333312988281
2439.30565224003	898.666687011719
2440.75832395322	899.666687011719
2442.21072443956	901.666687011719
2443.66285375969	898.333312988281
2445.11471197425	897.333312988281
2446.56629914389	900.666687011719
2448.0176153292	898.333312988281
2449.46866059077	896.666687011719
2450.91943498918	902
2452.36993858497	900.666687011719
2453.82017143869	894.666687011719
2455.27013361086	894.666687011719
2456.71982516198	896.666687011719
2458.16924615254	902.666687011719
2459.618396643	903.333312988281
2461.06727669381	894.666687011719
2462.51588636541	898.666687011719
2463.96422571822	900.666687011719
2465.41229481263	897.333312988281
2466.86009370902	895.666687011719
2468.30762246776	897
2469.7548811492	896
2471.20186981366	892
2472.64858852145	897.333312988281
2474.09503733289	898.666687011719
2475.54121630822	898.666687011719
2476.98712550773	894
2478.43276499165	895
2479.87813482022	895
2481.32323505362	896.333312988281
2482.76806575206	894.666687011719
2484.21262697572	894.333312988281
2485.65691878475	893
2487.10094123928	897
2488.54469439945	896
2489.98817832535	898.333312988281
2491.43139307707	890
2492.87433871469	897.666687011719
2494.31701529826	896.333312988281
2495.75942288781	896.666687011719
2497.20156154336	901.666687011719
2498.64343132492	891.333312988281
2500.08503229247	894
2501.52636450597	899.666687011719
2502.96742802538	896
2504.40822291064	894
2505.84874922164	893.333312988281
2507.28900701831	896.333312988281
2508.72899636051	893
2510.16871730811	894
2511.60816992096	892.333312988281
2513.04735425889	892
2514.48627038171	889.333312988281
2515.92491834923	894.666687011719
2517.36329822121	894.666687011719
2518.80141005741	896.666687011719
2520.2392539176	900
2521.67682986148	892
2523.11413794877	895.333312988281
2524.55117823917	893.666687011719
2525.98795079236	896
2527.42445566799	896.333312988281
2528.8606929257	890.666687011719
2530.29666262512	898
2531.73236482585	894.666687011719
2533.1677995875	894
2534.60296696963	891.333312988281
2536.0378670318	893.666687011719
2537.47249983355	891.333312988281
2538.9068654344	892.666687011719
2540.34096389386	891.333312988281
2541.77479527142	892.666687011719
2543.20835962655	890.666687011719
2544.64165701872	893.666687011719
2546.07468750733	887
2547.50745115185	890
2548.93994801164	891.666687011719
2550.37217814612	900
2551.80414161464	893.333312988281
2553.23583847656	895.666687011719
2554.66726879122	895.666687011719
2556.09843261793	894.333312988281
2557.52933001601	896.666687011719
2558.95996104472	891
2560.39032576336	894.666687011719
2561.82042423115	895
2563.25025650735	888.666687011719
2564.67982265116	897
2566.10912272179	893
2567.53815677843	887.333312988281
2568.96692488024	893.333312988281
2570.39542708636	895.333312988281
2571.82366345595	893.333312988281
2573.2516340481	893.333312988281
2574.67933892193	892.333312988281
2576.1067781365	897.333312988281
2577.5339517509	898
2578.96085982417	888.666687011719
2580.38750241534	891.333312988281
2581.81387958342	893
2583.23999138743	894
2584.66583788633	894.666687011719
2586.09141913909	898.333312988281
2587.51673520467	894
2588.94178614199	894.333312988281
2590.36657200997	891
2591.7910928675	891
2593.21534877348	896.333312988281
2594.63933978675	896
2596.06306596618	892.333312988281
2597.48652737058	896
2598.90972405879	895.333312988281
2600.33265608958	897.666687011719
2601.75532352174	900.666687011719
2603.17772641405	890.666687011719
2604.59986482524	890.666687011719
2606.02173881404	891.666687011719
2607.44334843917	896.666687011719
2608.86469375933	895.333312988281
2610.2857748332	896.666687011719
2611.70659171943	895.666687011719
2613.12714447668	891.666687011719
2614.54743316358	895.333312988281
2615.96745783874	894
2617.38721856076	899
2618.80671538822	896.666687011719
2620.22594837968	896.333312988281
2621.64491759369	894.333312988281
2623.06362308877	894.666687011719
2624.48206492346	893.666687011719
2625.90024315623	892.333312988281
2627.31815784557	895
2628.73580904994	893
2630.1531968278	897
2631.57032123757	896
2632.98718233767	895
2634.40378018649	894
2635.82011484241	898
2637.2361863638	894
2638.65199480901	899
2640.06754023636	901.666687011719
2641.48282270418	904.333312988281
2642.89784227076	906.666687011719
2644.31259899437	903.666687011719
2645.7270929333	902.333312988281
2647.14132414577	902.333312988281
2648.55529269003	903.333312988281
2649.9689986243	910.666687011719
2651.38244200676	910.333312988281
2652.7956228956	906
2654.20854134899	908.666687011719
2655.62119742508	911
2657.033591182	918.333312988281
2658.44572267785	917.333312988281
2659.85759197076	922.666687011719
2661.26919911879	919.666687011719
2662.68054418002	924.666687011719
2664.09162721249	935.666687011719
2665.50244827423	931.666687011719
2666.91300742327	932
2668.32330471762	937.666687011719
2669.73334021523	944
2671.1431139741	948.666687011719
2672.55262605217	956
2673.96187650737	961.666687011719
2675.37086539762	965
2676.77959278083	969.666687011719
2678.18805871488	975.333312988281
2679.59626325764	982
2681.00420646696	991.666687011719
2682.41188840068	998.666687011719
2683.81930911662	997.666687011719
2685.22646867259	1007.33331298828
2686.63336712637	1015
2688.04000453573	1017.66668701172
2689.44638095843	1019.66668701172
2690.8524964522	1023.33331298828
2692.25835107476	1032
2693.66394488383	1043.66662597656
2695.06927793709	1042.66662597656
2696.47435029222	1040.33337402344
2697.87916200687	1037.66662597656
2699.28371313867	1025.33337402344
2700.68800374527	1026.66662597656
2702.09203388425	1028.33337402344
2703.49580361322	1033.33337402344
2704.89931298975	1016.33331298828
2706.30256207139	1019.33331298828
2707.7055509157	1013.66668701172
2709.10827958019	1000.66668701172
2710.51074812238	996.333312988281
2711.91295659976	994
2713.3149050698	991.666687011719
2714.71659358998	990
2716.11802221772	989.666687011719
2717.51919101047	976
2718.92010002563	967.333312988281
2720.3207493206	968
2721.72113895276	961.666687011719
2723.12126897948	958.666687011719
2724.52113945809	944.333312988281
2725.92075044593	942.666687011719
2727.32010200032	935.333312988281
2728.71919417856	940.333312988281
2730.11802703793	932.666687011719
2731.51660063568	930.333312988281
2732.91491502909	925.666687011719
2734.31297027537	929.333312988281
2735.71076643175	926.333312988281
2737.10830355543	927
2738.50558170359	919.666687011719
2739.9026009334	920
2741.29936130202	915
2742.69586286658	909.666687011719
2744.09210568421	916
2745.488089812	908
2746.88381530705	914.333312988281
2748.27928222644	908.333312988281
2749.67449062721	904
2751.06944056641	902.666687011719
2752.46413210106	910.333312988281
2753.85856528816	903
2755.25274018472	903.666687011719
2756.64665684771	902.333312988281
2758.04031533408	903.666687011719
2759.43371570079	900.333312988281
2760.82685800475	898
2762.21974230289	897.666687011719
2763.61236865209	903.666687011719
2765.00473710924	904.333312988281
2766.39684773119	895.666687011719
2767.78870057481	898
2769.1802956969	894.333312988281
2770.57163315431	891.666687011719
2771.96271300382	895.333312988281
2773.35353530221	903.666687011719
2774.74410010626	898
2776.13440747271	896.333312988281
2777.52445745831	906.333312988281
2778.91425011976	897.666687011719
2780.30378551378	900
2781.69306369705	897.333312988281
2783.08208472624	901
2784.47084865801	900.333312988281
2785.859355549	898
2787.24760545582	894.666687011719
2788.6355984351	898.333312988281
2790.02333454342	901
2791.41081383735	898
2792.79803637346	902.333312988281
2794.18500220829	900
2795.57171139836	898.666687011719
2796.9581640002	898.333312988281
2798.34436007029	895.333312988281
2799.73029966512	895.333312988281
2801.11598284115	898.666687011719
2802.50140965482	900.333312988281
2803.88658016258	901
2805.27149442084	897.333312988281
2806.656152486	896.666687011719
2808.04055441444	899.333312988281
2809.42470026253	898.666687011719
2810.80859008663	897.666687011719
2812.19222394307	895
2813.57560188818	896.333312988281
2814.95872397826	897.333312988281
2816.3415902696	897
2817.72420081847	900.333312988281
2819.10655568113	898.666687011719
2820.48865491383	902.333312988281
2821.87049857279	902
2823.25208671423	900.333312988281
2824.63341939433	901.666687011719
2826.01449666927	902.333312988281
2827.39531859523	893.333312988281
2828.77588522834	898.666687011719
2830.15619662474	901.666687011719
2831.53625284055	894.666687011719
2832.91605393186	897.666687011719
2834.29559995476	896
2835.67489096532	895
2837.05392701958	905.333312988281
2838.4327081736	901
2839.81123448339	901.333312988281
2841.18950600495	901.333312988281
2842.56752279428	897.666687011719
2843.94528490734	898.666687011719
2845.32279240011	894.333312988281
2846.70004532851	898.333312988281
2848.07704374849	900.666687011719
2849.45378771594	897.666687011719
2850.83027728677	897.333312988281
2852.20651251686	896.666687011719
2853.58249346206	900.666687011719
2854.95822017823	903.333312988281
2856.33369272121	901
2857.7089111468	899.333312988281
2859.08387551082	900.333312988281
2860.45858586904	901.666687011719
2861.83304227724	905
2863.20724479117	905
2864.58119346656	899.333312988281
2865.95488835916	900.333312988281
2867.32832952466	899.666687011719
2868.70151701875	905
2870.07445089711	906
2871.44713121541	899
2872.81955802928	903
2874.19173139436	900.333312988281
2875.56365136627	901.666687011719
2876.93531800058	901
2878.30673135291	897
2879.6778914788	903
2881.04879843382	902.333312988281
