2.0000000000000004,4.125,0.0
1.997415681323802,4.119404632376414,0.05
1.9898814806056269,4.103527105872381,0.1
1.9774018273486327,4.077491980348596,0.15
1.9598661253854561,4.040883636984942,0.2
1.9374070801633674,3.994611601518672,0.25
1.9101424721876812,3.93928285794285,0.3
1.8780607740506199,3.874960679354989,0.35000000000000003
1.8411801235219105,3.8024257362974754,0.4
1.7997476922358306,3.7227818016749388,0.45
1.7538317610196288,3.636481061435816,0.5
1.703377676185198,3.544215852346186,0.55
1.6487066131171706,3.4473999089373955,0.6
1.5899813158314267,3.3468366234964697,0.65
1.527106067733785,3.243143043013639,0.7000000000000001
1.460428153297734,3.1378491151208117,0.75
1.390208649125082,3.0320335922328057,0.8
1.3163389593892767,2.9262322240783245,0.85
1.2391621711048446,2.821929721802121,0.9
1.1590256795694316,2.7203620535357707,0.9500000000000001
1.0758307820701665,2.621957918402196,1.0
0.9899034282833559,2.5280373262072797,1.05
0.9016549954838091,2.4398551323407607,1.1
0.811010394868005,2.3576864439721836,1.1500000000000001
0.7182798259641864,2.282610156666951,1.2
0.6239116320250845,2.215763264363445,1.25
0.5278584527778428,2.157207148683977,1.3
0.4304263619800712,2.107745000778882,1.35
0.3320713220846132,2.0682720755025934,1.4000000000000001
0.23277182292148635,2.038579010251441,1.45
0.13284721385687703,2.019199094527196,1.5
0.03272783795800556,2.0106717027774152,1.55
-0.06758107595708064,2.012493245891791,1.6
-0.16773144144633442,2.02496172933383,1.6500000000000001
-0.2673575178326913,2.048145496407057,1.7
-0.36640949665543854,2.0813091678602587,1.75
-0.46451652103208035,2.124521370759285,1.8
-0.5614082547614954,2.177298743003138,1.85
-0.6569522280490276,2.238852020711198,1.9000000000000001
-0.7508088921106685,2.3088856459379614,1.95
-0.842776518348928,2.386503083719539,2.0
-0.9326414444267865,2.4709396674142345,2.05
-1.0201484430462588,2.561418630886844,2.1
-1.1050936895654067,2.6569594621644494,2.15
-1.1872609702858148,2.7566293784960014,2.2
-1.266442149458759,2.8594238119859074,2.25
-1.3424390848037648,2.96430516367443,2.3000000000000003
-1.415060804314276,3.0702196146333596,2.35
-1.4841248039046762,3.176102509884985,2.4
-1.549457546593972,3.2808894784297205,2.45
-1.6108949776848878,3.383527049756556,2.5
-1.668283495669789,3.4829879350616046,2.5500000000000003
-1.7214769051090675,3.5782722523977792,2.6
-1.77034121795834,3.668400797818728,2.65
-1.814766817158684,3.7525383708972493,2.7
-1.8546094918197031,3.8297380903429485,2.75
-1.8898086088561141,3.8992903726008836,2.8000000000000003
-1.9202661574568354,3.9605659245055196,2.85
-1.9458507516276502,4.01271409698421,2.9
-1.9666111780531952,4.0555275309788525,2.95
-1.9823870753171053,4.088364485702588,3.0
-1.993161183726054,4.110857560153946,3.0500000000000003
-1.9990004869494316,4.12305612286855,3.1
-1.9997395597617633,4.124516134520717,3.15
-1.995470976250063,4.115361604421663,3.2
-1.9862425721777948,4.095818718204184,3.25
-1.9719396763874337,4.06580022910233,3.3000000000000003
-1.9527209927983902,4.025803577286086,3.35
-1.9286292188966623,3.9762685049742297,3.4
-1.8996140175716065,3.9174749823108312,3.45
-1.865872564284193,3.8502034834666383,3.5
-1.827463371497612,3.775127600811292,3.5500000000000003
-1.7843899671793504,3.6928266714950917,3.6
-1.7368873296216063,3.6043066519581295,3.65
-1.6850237172865377,3.510427295101141,3.7
-1.628869564254335,3.4120022174309366,3.75
-1.5686716593697754,3.3101649543947063,3.8000000000000003
-1.504525716272213,3.2059193917237105,3.85
-1.436561010109512,3.1001999328889855,3.9
-1.3650199771538951,2.994177802413082,3.95
-1.290044132105386,2.8889548907129745,4.0
-1.2118033765604839,2.7854098886538217,4.05
-1.130528501858297,2.684744949094057,4.1
-1.046422059490412,2.5880154500184784,4.15
-0.9596692782648818,2.495921081437972,4.2
-0.8704918226382001,2.4097078818697053,4.25
-0.779163030701079,2.330149839418702,4.3
-0.6858485897383134,2.2577913728445878,4.3500000000000005
-0.5907868285589502,2.1938206775722295,4.4
-0.49430405148431933,2.1385494806343077,4.45
-0.39652051680769224,2.0924970154154447,4.5
-0.29774456428791374,2.05648436599922,4.55
-0.19826744528856288,2.030506908650233,4.6000000000000005
-0.09823294971124087,2.014907145225835,4.65
0.0020172009816855647,2.0100821837709963,4.7
0.10226058481478763,2.015755040632373,4.75
0.20226423228519427,2.0320113741415176,4.8
0.30173526909749054,2.058802059896639,4.8500000000000005
0.4004808732841946,2.0956076155527836,4.9
0.49817904856856365,2.14228776245273,4.95
0.5946476019299728,2.1982273840150923,5.0
0.6896370906488141,2.262886148726388,5.05
0.7828387799313063,2.335788444539137,5.1000000000000005
0.874132526331285,2.415780596288038,5.15
0.9631835123309181,2.5025589141784117,5.2
1.04983706707759,2.5950114372183037,5.25
1.1338436045066747,2.6919536045043406,5.3
1.2149725170333279,2.7929589939417276,5.3500000000000005
1.2931189911088885,2.8966805367243156,5.4
1.367925241626485,3.0018617755995236,5.45
1.4393223307176612,3.1079486154538043,5.5
1.5071762374204785,3.213692619884888,5.55
1.5711088916833298,3.317586505530191,5.6000000000000005
1.631155614179253,3.4192572753716135,5.65
1.68718367269766,3.517523398812291,5.7
1.7388038152899314,3.610767184447745,5.75
1.7861489651403784,3.6989416990983037,5.8
1.8290712941654945,3.7808549357188754,5.8500000000000005
1.8672343809144252,3.8551216204656322,5.9
1.90080000348419,3.9218788851545043,5.95
1.9296388392351838,3.980058010277355,6.0
1.953510598978851,4.028765916093522,6.05
1.9725066227041583,4.068010601667074,6.1000000000000005
1.986643054607328,4.097358105924713,6.15
1.9956578391374,4.1160449446713345,6.2
1.9996782858423097,4.124311333610842,6.25
1.9987808475815132,4.1222012826062535,6.3
1.9927322486054824,4.109145825608691,6.3500000000000005
1.9817064831276754,4.085756366127206,6.4
1.965766793645425,4.052326584301291,6.45
1.9448157059155255,4.008724558461992,6.5
1.9189809885740226,3.9557731530528906,6.55
1.888355965498557,3.894007652863068,6.6000000000000005
1.8529857782184704,3.8237828823761784,6.65
1.8129124438086668,3.746004270967102,6.7
1.7683000946565164,3.6614382611300567,6.75
1.719310657807857,3.5709102896429243,6.8
1.6658897902140632,3.4752395271223744,6.8500000000000005
1.6083153806704347,3.3755015172000205,6.9
1.5467962357585339,3.272768928688647,6.95
1.4812368435592214,3.167789329003277,7.0
1.4120085312879322,3.0618565938594493,7.05
1.339333900430246,2.9561198282806775,7.1000000000000005
1.2631249060351195,2.8512764829495025,7.15
1.1838036258168996,2.7486645404802332,7.2
1.101614388901591,2.649423725109402,7.25
1.0164679829776084,2.5541549507619927,7.3
0.9288648961904072,2.4640665426328523,7.3500000000000005
0.8389900952623837,2.3802933826873125,7.4
0.7468539005224059,2.303120997089002,7.45
0.6529312841100537,2.2337066787100315,7.5
0.5574090719725661,2.172926034964732,7.55
0.46036162231971656,2.1207993589500513,7.6000000000000005
0.362241627807585,2.0783149354416985,7.65
0.2632324373564128,2.0460136603096077,7.7
0.1634617550612879,2.0236060154786215,7.75
0.06336778886735081,2.011907258450666,7.8
-0.03689571763267654,2.0109824030763273,7.8500000000000005
-0.13713489461821324,2.0203119098314173,7.9
-0.2369345688647632,2.0404723682239627,7.95
-0.3361980416728897,2.0709807121849826,8.0
-0.43462799509247796,2.11123490537396,8.05
-0.5318845320673287,2.161423766985622,8.1
-0.6279105209804928,2.220603821149234,8.15
-0.7222876085429492,2.2882030716559325,8.2
-0.8148301534025642,2.3638259019100833,8.25
-0.9054271374063482,2.4464199085362073,8.3
-0.9936243110645521,2.5352324900622865,8.35
-1.0793765312713959,2.629475111352773,8.4
-1.1624726352911718,2.7280934913023627,8.45
-1.242518513565908,2.83006227388379,8.5
-1.3195398922514385,2.934493998107756,8.55
-1.3932436519348044,3.040246638316157,8.6
-1.4633550876472856,3.1461864155661834,8.65
-1.529885662625459,3.2514507924857545,8.700000000000001
-1.592543433537,3.3547983599806646,8.75
-1.6511364190036395,3.4552089809154176,8.8
-1.7056747204202023,3.5518508752663447,8.85
-1.7558679262785073,3.6434955614351097,8.9
-1.801627675979264,3.7293808966373727,8.950000000000001
-1.8429410795933974,3.8087238627106634,9.0
-1.8795261136051233,3.8804167589001652,9.05
-1.9114459661198446,3.9441243093041005,9.1
-1.9385716426473483,3.9989936399159474,9.15
-1.9607449637164942,4.044344857652868,9.200000000000001
-1.9781051792859583,4.080167257673718,9.25
-1.9904075369815883,4.105596628781564,9.3
-1.9977069878415017,4.120616711930102,9.35
-2.0000810227517,4.125272881672427,9.4
-1.99730121814698,4.119026372876306,9.450000000000001
-1.9895639226877562,4.1023655469244185,9.5
-1.976884432047433,4.075414413125753,9.55
-1.959097263195275,4.038082579284393,9.6
-1.9364983723288591,3.9912190625394146,9.65
-1.9090361628088905,3.935061766666956,9.700000000000001
-1.876664448172196,3.8700304513332426,9.75
-1.8396971544624428,3.7971131208602373,9.8
-1.7980740094390024,3.716824084544581,9.85
-1.751860223759021,3.62990955720098,9.9
-1.7013374194050277,3.537459869274765,9.950000000000001
-1.6465123034067506,3.440276575386148,10.0
