0.9999999999999997,1.5000000000000004,0.0
0.9986731763468212,1.497355958444988,0.05
0.9948939751411972,1.4898449977171166,0.1
0.9886978125048876,1.477595045143516,0.15
0.9798854368383015,1.460298378976543,0.2
0.9686358642443673,1.4384447945981786,0.25
0.955047793726267,1.4123957935349143,0.3
0.9389526756199567,1.3819986312064756,0.35000000000000003
0.9204936904355251,1.3477769426133115,0.4
0.8998132524796544,1.310266662306954,0.45
0.876798454069043,1.2694921135652528,0.5
0.8515553227451843,1.2259892600851947,0.55
0.8242458198028094,1.1803910477052126,0.6
0.7948276073820574,1.1328914721482781,0.65
0.7633775379587843,1.084024412096841,0.7000000000000001
0.730056049122118,1.0344437025691702,0.75
0.6948940675466243,0.9844762651572692,0.8
0.6579516062944364,0.9346378057468859,0.85
0.6193741708994339,0.8855407579098644,0.9
0.5792580446431591,0.8375872174656555,0.9500000000000001
0.53765883027117,0.7912521126857992,1.0
0.49470185648006815,0.747061485592674,1.05
0.4505341231597206,0.7054259142781146,1.1
0.4052168508775526,0.6667512544683758,1.1500000000000001
0.35885585268821385,0.6314469836325868,1.2
0.3116317555780688,0.5998683706328901,1.25
0.263618047335821,0.5723225742145217,1.3
0.21490459580616697,0.5490832938781114,1.35
0.16568948119533577,0.5303987469267842,1.4000000000000001
0.1160616518062435,0.5164515648216691,1.45
0.06609917074590743,0.5073691221964685,1.5
0.01600419992716264,0.5032583282129146,1.55
-0.034118703467107034,0.5041595735552596,1.6
-0.0841998529809588,0.5100517690271932,1.6500000000000001
-0.13404303726382064,0.5208856643710289,1.7
-0.18353030226654282,0.5365528358508176,1.75
-0.2325980790271315,0.5568907622377707,1.8
-0.28106312078734813,0.5816978855260884,1.85
-0.3287978560355284,0.6107231262904743,1.9000000000000001
-0.3757437477775588,0.6436793158835709,1.95
-0.4217351813676353,0.6802327907310225,2.0
-0.4666395634455346,0.7200087991470888,2.05
-0.5104032970837605,0.7626217331362792,2.1
-0.5528814066022352,0.807639062914229,2.15
-0.5939410800170511,0.8545927897168778,2.2
-0.6335343302260301,0.9030330420311685,2.25
-0.6715387148990594,0.9524708142254239,2.3000000000000003
-0.70782578227947,1.0023840519331533,2.35
-0.7423543552143385,1.0522982952558144,2.4
-0.775025685389285,1.1017153756048383,2.45
-0.8057197647672273,1.1501035016687884,2.5
-0.8344037456845824,1.1970056003444762,2.5500000000000003
-0.8610032319428172,1.2419622136916777,2.6
-0.8854101004484122,1.2844770773851852,2.65
-0.9076014898233542,1.3241512088312564,2.7
-0.9275276308530283,1.3606080425454856,2.75
-0.945095024573206,1.3934287760790505,2.8000000000000003
-0.960292439716661,1.4223083840829163,2.85
-0.9730946666008505,1.4469898121896836,2.9
-0.983424867696217,1.4671663937615798,2.95
-0.991284952229388,1.4826548910718091,3.0
-0.9966738505625325,1.4933436039414028,3.0500000000000003
-0.9995327655358305,1.499062213858343,3.1
-0.9998780249301733,1.4997665405747451,3.15
-0.9977318921316645,1.4955030084690089,3.2
-0.9930544074214879,1.4862492399751783,3.25
-0.985877272813706,1.4721052009084412,3.3000000000000003
-0.976244854788935,1.4532739664407361,3.35
-0.9641363442669225,1.4298791572193397,3.4
-0.9495993568077208,1.4021572087794556,3.45
-0.9326987025602106,1.3704522217828994,3.5
-0.9134326536294554,1.3350187179880821,3.5500000000000003
-0.8918647553382949,1.2962096742521654,3.6
-0.8680782220946401,1.2544818171852117,3.65
-0.8420900462074594,1.2101938871718196,3.7
-0.8139790596502252,1.1637848867797616,3.75
-0.7838445759434907,1.1157854983244655,3.8000000000000003
-0.7517217819117973,1.066622868140511,3.85
-0.7177032672978322,1.0167838608459587,3.9
-0.6819020037986622,0.9668274972290015,3.95
-0.6443710167116338,0.9172072210965977,4.0
-0.6052138198237011,0.8684161864095671,4.05
-0.5645544784996764,0.8209931619106843,4.1
-0.522464404017114,0.7753721458497201,4.15
-0.4790533266299622,0.7320125078241096,4.2
-0.43445345166094984,0.6913861214076907,4.25
-0.38875696539147264,0.6538604678172131,4.3
-0.34207304094214525,0.6198265643879348,4.3500000000000005
-0.2945380527519842,0.5896508964488747,4.4
-0.24626951188940718,0.563588557173765,4.45
-0.19736830471785433,0.541934739469899,4.5
-0.14796907990463254,0.5249266459903403,4.55
-0.09822023207990686,0.5126663499458654,4.6000000000000005
-0.04820840360610006,0.5053320443489183,4.65
0.0019420086447840125,0.5030261673946657,4.7
0.052047754415090484,0.5056689505108208,4.75
0.10203749521511693,0.5133051834317001,4.8
0.15180779503434433,0.5259141136764766,4.8500000000000005
0.20114123882778326,0.5432252188006063,4.9
0.24997647803710582,0.5651380814031793,4.95
0.2982416519539971,0.5915312989154091,5.0
0.3456928143984055,0.6219606757989532,5.05
0.39226821944714924,0.6561757891674249,5.1000000000000005
0.4379346227898097,0.6939804932101666,5.15
0.4824365122238584,0.7348002445673096,5.2
0.5256998203312843,0.7782413059901435,5.25
0.5677304574836718,0.8240564938586241,5.3
0.6082816348133423,0.871603790682559,5.3500000000000005
0.6472577110592262,0.9203686624227251,5.4
0.6846969590658465,0.9700726448567423,5.45
0.720382997574865,1.0200772995095053,5.5
0.7541953100052445,1.069787148238206,5.55
0.7861920250447433,1.11890983978372,5.6000000000000005
0.816205750748954,1.166877683526342,5.65
0.844095080182834,1.213068610816903,5.7
0.8699230156351057,1.2571943261432896,5.75
0.8935831161667798,1.2988118864176317,5.8
0.9149235411267721,1.3373346719038557,5.8500000000000005
0.9339982778400896,1.3724989702309007,5.9
0.9507656370997929,1.4040225786280414,5.95
0.9650778116120701,1.4314150582591598,6.0
0.9769697843793623,1.4544602126667014,6.05
0.9864608233408142,1.4730539537804739,6.1000000000000005
0.9934224233843112,1.486852549539575,6.15
0.9978659506750422,1.4957101678254814,6.2
0.9998623395326113,1.4997018213757556,6.25
0.9993154188568546,1.4986638748797778,6.3
0.996213828708784,1.4925397135150207,6.3500000000000005
0.9906681283127012,1.4815714739709993,6.4
0.9826230685883136,1.4657879408621386,6.45
0.9720500760210161,1.4452325772414407,6.5
0.9590870921700936,1.4202930283459327,6.55
0.9437228752595613,1.3911810266099531,6.6000000000000005
0.9259203574679885,1.3580401390413561,6.65
0.905834194525481,1.3213747632158706,6.7
0.8834948485531867,1.2815504717416275,6.75
0.8588671286204888,1.2387991679079435,6.8
0.8321140948654638,1.1937076286736463,6.8500000000000005
0.8033013298114321,1.146751028204091,6.9
0.7724060467125516,1.098226976293053,6.95
0.7395937038158314,1.0487655985015008,7.0
0.7049559032668397,0.9988984423770891,7.05
0.668491550813205,0.9489575756568066,7.1000000000000005
0.6303643180556354,0.899573979423263,7.15
0.5906821441571131,0.8512801711143277,7.2
0.5494724377687612,0.8044057181694784,7.25
0.506894245448184,0.7595386790376794,7.3
0.4630631537140567,0.7171612281518611,7.3500000000000005
0.41803851542179243,0.6775611199063988,7.4
0.3719730178762441,0.6412417908763878,7.45
0.3249830409004353,0.608592491471235,7.5
0.2771596316112619,0.5798213554835283,7.55
0.2286484307920459,0.5553116054272664,7.6000000000000005
0.17956168996853006,0.5353284598447108,7.65
0.13001853010406028,0.5199682965143165,7.7
0.08015780960002772,0.5094683443907971,7.75
0.030084286463269327,0.5039514614687,7.8
-0.020060944700157495,0.5033797922705924,7.8500000000000005
-0.07014495936071748,0.5078311768619987,7.9
-0.12007278399948129,0.517280757177677,7.95
-0.16968873728229536,0.5315470258723999,8.0
-0.21886503611468783,0.5505485248010321,8.05
-0.2675179475479699,0.5741194993871773,8.1
-0.3154849631702282,0.6019407320006247,8.15
-0.36264318546842045,0.6337845579923042,8.2
-0.4089207193553541,0.6693622227324258,8.25
-0.45415610970099674,0.7082383069419002,8.3
-0.4982314921020682,0.7500631222513463,8.35
-0.5410867242615497,0.7944531729800608,8.4
-0.5825693166775413,0.8408913645898516,8.45
-0.6225665233571137,0.8889386721431515,8.5
-0.661029848789506,0.9381543807598377,8.55
-0.6978230464413706,0.9879827834053121,8.6
-0.732838445821432,1.037934323453926,8.65
-0.7660397545692815,1.0875547408699653,8.700000000000001
-0.7973125988781641,1.1362966302509352,8.75
-0.826554661793533,1.1836627136810376,8.8
-0.8537431141962831,1.2292297402925645,8.85
-0.8787890369885482,1.2725053758242215,8.9
-0.9015964460495565,1.3130288122324631,8.950000000000001
-0.9221572796763857,1.3504477687723098,9.0
-0.9404101701345583,1.3843679197222742,9.05
-0.9562671005051151,1.4144067118327415,9.1
-0.969735303227488,1.4403145490748908,9.15
-0.9807824080154132,1.4618304499654995,9.200000000000001
-0.9893304184024542,1.4786848695860784,9.25
-0.9954012387757428,1.4907527074607267,9.3
-0.9989925327719924,1.4979307071766457,9.35
-1.000038630991765,1.5000857741396132,9.4
-0.998574721387487,1.4972283220595202,9.450000000000001
-0.9946286348811642,1.489424085315525,9.5
-0.9881493290160077,1.4766859099702292,9.55
-0.9791841243624528,1.4591589753322967,9.6
-0.9677896232603118,1.4370752889898109,9.65
-0.9539310501269653,1.410588821016293,9.700000000000001
-0.937668033825397,1.3799663927476897,9.75
-0.9190829566953344,1.34558946500542,9.8
-0.8981573627510804,1.3077356175583015,9.85
-0.874965161008542,1.266768737984793,9.9
-0.849610604106721,1.2231890781675734,9.950000000000001
-0.8220894612992401,1.1773702502216112,10.0
