0.9999999999999997,1.5000000000000004,0.0
0.9949036205479178,1.4860801452882344,0.05
0.9798658880050798,1.4452754300752833,0.1
0.9550547855908843,1.3792598425234368,0.15
0.9205224789700138,1.2902814072831907,0.2
0.8767881897187749,1.1822699389968148,0.25
0.8242879223453521,1.0595442335861431,0.3
0.7634477490117679,0.9267892301687253,0.35000000000000003
0.6949804096124579,0.789587407692921,0.4
0.6195190475987159,0.6532875972716815,0.45
0.5378717484781126,0.523404245361355,0.5
0.45080620388559567,0.4051194414349267,0.55
0.35921858351413577,0.30315101964365004,0.6
0.2640668517920399,0.22160952492117175,0.65
0.16623219697594263,0.1637122328179495,0.7000000000000001
0.0667406647098278,0.13179155594293998,0.75
-0.03339803090952635,0.12712280873279122,0.8
-0.1332281428797079,0.14988499009333547,0.85
-0.23171986782830886,0.19917366558607374,0.9
-0.3278751963599206,0.2730189778644551,0.9500000000000001
-0.420762938483186,0.36847742360872526,1.0
-0.5094342422713867,0.4817324186064796,1.05
-0.5929859717938034,0.6082510988626919,1.1
-0.6706031220420118,0.7429836779364534,1.1500000000000001
-0.7414957188459657,0.8805339141023424,1.2
-0.804935229255643,1.0153814945685,1.25
-0.8603019573610305,1.1421340618138653,1.3
-0.9070331749868122,1.2557069303645751,1.35
-0.9446404347769757,1.3515253085438934,1.4000000000000001
-0.9727610983505668,1.4257546557766128,1.45
-0.9911107040765612,1.475417956939766,1.5
-0.9994843284418964,1.4984964046278737,1.55
-0.997815243452054,1.4940764939658226,1.6
-0.986123717648521,1.4623501990257424,1.6500000000000001
-0.9645030962171037,1.4045585259871427,1.7
-0.9331966512126996,1.3230443865531278,1.75
-0.8925238706575092,1.2211066356969946,1.8
-0.8428608157132201,1.1027775287755825,1.85
-0.7847556439239648,0.9728644527084496,1.9000000000000001
-0.7187705456773198,0.8365662915785855,1.95
-0.6455542530138649,0.6992992704887762,2.0
-0.5658918641568982,0.5666374943049348,2.05
-0.4805350549083444,0.44382534546822777,2.1
-0.3903659504787507,0.33580121870096846,2.15
-0.2962959997962974,0.24688840797440667,2.2
-0.1992463879015179,0.18062076927938767,2.25
-0.10020638535052459,0.13965508103621643,2.3000000000000003
-0.0001671555783914553,0.12562510915209835,2.35
0.09987859791303702,0.13908670511479287,2.4
0.19892209076466777,0.17950562743431714,2.45
0.29597348415977826,0.24527089256638526,2.5
0.39005098973801633,0.33373813330516455,2.5500000000000003
0.48023267093025596,0.44140165640099216,2.6
0.5656068375076382,0.5639607618577388,2.65
0.6452637358326339,0.6964296678381788,2.7
0.7185098194264928,0.8336523962228914,2.75
0.7845263558644151,0.9700429995488071,2.8000000000000003
0.8426143028661591,1.1000695801184441,2.85
0.8923158825568073,1.2186806277190996,2.9
0.9330352173703252,1.3210345902505536,2.95
0.9643202396253437,1.4029216687193529,3.0
0.9859767008713884,1.4612171324403316,3.0500000000000003
0.9977252251586383,1.4935432805570776,3.1
0.9993771230784655,1.4984580914806687,3.15
0.9910305700273219,1.4759233879206601,3.2
0.9727403951722755,1.4268469430409902,3.25
0.9446075935094728,1.3530362196299126,3.3000000000000003
0.9070237250219363,1.2576244636169915,3.35
0.860340263714058,1.1444244514857154,3.4
0.8049686869116229,1.0178500226186564,3.45
0.7415524378769631,0.8831475209973493,3.5
0.6706834924195526,0.7456178373901607,3.5500000000000003
0.5930787523306837,0.6107814207716826,3.6
0.5095339538165271,0.4840657349637347,3.65
0.4208798257704648,0.3705227331600953,3.7
0.3280014807904434,0.27468177336851063,3.75
0.231849149052653,0.2003897200167265,3.8000000000000003
0.13336191355257734,0.15061105323588045,3.85
0.03353841611626565,0.12731990045595784,3.9
-0.06660110079736557,0.13145532922401493,3.95
-0.1661025628571331,0.16286267797029907,4.0
-0.26393000910129777,0.2202695752327936,4.05
-0.35909165158344,0.30138133761066543,4.1
-0.45069767793873894,0.40299897105505783,4.15
-0.5377620686086316,0.5210105132208914,4.2
-0.6194197442510367,0.6507090191951304,4.25
-0.6949120966361743,0.786962509101546,4.3
-0.763392647501106,0.9242203150247754,4.3500000000000005
-0.8242163994931612,1.0570525481815836,4.4
-0.8767907799622574,1.1801303937993846,4.45
-0.920531491450267,1.2884698887225021,4.5
-0.9550274089737928,1.3777620258437133,4.55
-0.9799415776186405,1.4444153852099426,4.6000000000000005
-0.994992770819232,1.4857352691497716,4.65
-1.0000348538256798,1.5000621371132334,4.7
-0.9950405171324249,1.4868383965532084,4.75
-0.9800375833540375,1.4465878350332553,4.8
-0.95516572543652,1.3808994460635915,4.8500000000000005
-0.9207198202519028,1.292458621874453,4.9
-0.8770194053623712,1.1848123503064942,4.95
-0.8244785680647791,1.062215426586448,5.0
-0.763707169784334,0.9296956403737052,5.05
-0.6952443778998079,0.7924972175788046,5.1000000000000005
-0.6197875839381711,0.6560903725156991,5.15
-0.5381685354049837,0.5260459751631287,5.2
-0.4511043713918541,0.40744946145886024,5.25
-0.35953405285721485,0.3051024032330712,5.3
-0.26438621695284725,0.22310234715953228,5.3500000000000005
-0.16655553714353974,0.1646866704997289,5.4
-0.06707327613029193,0.1322118274002365,5.45
0.033067612175075325,0.1269724885266851,5.5
0.13290161425150498,0.14917185830997381,5.55
0.231390930770189,0.19792104429524102,5.6000000000000005
0.32754937317503413,0.2712723283992484,5.65
0.42045538413825057,0.36631954824723195,5.7
0.5091299516315629,0.4792342007597766,5.75
0.5926805761437213,0.6054916834711392,5.8
0.6703348203097271,0.7401133147629071,5.8500000000000005
0.7412343084702505,0.8776383280070834,5.9
0.8046706882643845,1.0125396422941448,5.95
0.8600842581739442,1.139519395401388,6.0
0.9068335253995377,1.2533976025442308,6.05
0.9444324441909254,1.3495519187242055,6.1000000000000005
0.9726045742980078,1.4242746868555727,6.15
0.9909824058187893,1.4744645336067888,6.2
0.9993456835893302,1.4980359940700865,6.25
0.9977250298844917,1.4942036211519543,6.3
0.9860696059805215,1.4630467339279958,6.3500000000000005
0.9644375113738526,1.4057129091790894,6.4
0.9331751641619189,1.3246884525373326,6.45
0.892536676638771,1.2231594269410335,6.5
0.8428644423215335,1.1050799278656518,6.55
0.7847997857922078,0.9754075485581584,6.6000000000000005
0.7188353619678881,0.8392029240938741,6.65
0.6456200670685082,0.7018995868767439,6.7
0.5659860780750495,0.5691387355375446,6.75
0.48063956373099254,0.4460970603773089,6.8
0.39047668911705574,0.3377474900790026,6.8500000000000005
0.2964231445396404,0.24844695035795603,6.9
0.19937489590887528,0.1817160411025345,6.95
0.10034192061454474,0.14024361501311947,7.0
0.0003068948742250551,0.12568624310396037,7.05
-0.09974187151101609,0.13861661044600304,7.1000000000000005
-0.1987859076624591,0.17852470078505525,7.15
-0.29583768099985197,0.24381252447154386,7.2
-0.38992707640985047,0.33187233738268396,7.25
-0.4801211982958499,0.4392092534033047,7.3
-0.5654827267982576,0.5614872398377404,7.3500000000000005
-0.6451839872100826,0.6938530812871795,7.4
-0.7184378686953621,0.831037957053742,7.45
-0.7844307064953887,0.9674332437933045,7.5
-0.8425980360252115,1.097726693558078,7.55
-0.8922959642295591,1.216594884041699,7.6000000000000005
-0.9329939839158495,1.319247031916648,7.65
-0.964366495030072,1.4016688727237756,7.7
-0.9860278175515962,1.4604551278158395,7.75
-0.9977517993361049,1.4932431552923933,7.8
-0.9994869687555417,1.498791151180302,7.8500000000000005
-0.9911590385362966,1.4768129191704282,7.9
-0.9728400534750938,1.4281717307977724,7.95
-0.9447840338651599,1.354905476390347,8.0
-0.9072197881227264,1.259900627347147,8.05
-0.8605136923478046,1.1469396402314371,8.1
-0.8052100139987828,1.0206637148649351,8.15
-0.7417962887560009,0.8860405409977911,8.2
-0.6709320795482294,0.7484930513425394,8.25
-0.593361489075866,0.6135746364674876,8.3
-0.5098245272967994,0.48662427415854986,8.35
-0.4211767843330433,0.3727610482798215,8.4
-0.32831555625814823,0.27652044987984586,8.45
-0.23217067531865507,0.2017523838777492,8.5
-0.13368421032113584,0.15144071725112565,8.55
-0.033870911031109105,0.12759143978450976,8.6
0.06627135379669993,0.1311585630041262,8.65
0.16577272030393628,0.16200129820472364,8.700000000000001
0.2635975189131513,0.2188792602523499,8.75
0.3587748669646026,0.2995286776696819,8.8
0.45038003830223255,0.40073657884186786,8.85
0.5374483971986719,0.5184245788288402,8.9
0.6191335796997215,0.6479276221723748,8.950000000000001
0.6946309275164205,0.7840709107014608,9.0
0.7631113550482431,0.9213016589844155,9.05
0.82398060223921,1.0542924560156925,9.1
0.87656228323517,1.177581294449779,9.15
0.9203020968014486,1.2862078160961683,9.200000000000001
0.9548525057939915,1.375947597956258,9.25
0.9797776743963537,1.44306110734649,9.3
0.994831418487073,1.4848800732673855,9.35
0.9999270085033392,1.4997884862889805,9.4
0.9949493971646446,1.4871115247968105,9.450000000000001
0.9799463355265436,1.4473749996120826,9.5
0.9551294832532795,1.3822242381128511,9.55
0.9207023798487673,1.294218281942806,9.6
0.8769943434486611,1.1869002745877058,9.65
0.8245102651352041,1.0646298076326397,9.700000000000001
0.763751540899632,0.9322710972260032,9.75
0.695283469027086,0.7951092144880576,9.8
0.619874380852762,0.6587039693137308,9.85
0.5382570213408105,0.5284905690760145,9.9
0.45119929201510545,0.4096377003730482,9.950000000000001
0.35965545275194466,0.30696689293768353,10.0
