2,786451E+2	6,153637E+0
2,780915E+2	6,156505E+0
2,775104E+2	6,159435E+0
2,769545E+2	6,162337E+0
2,763749E+2	6,165558E+0
2,758044E+2	6,168649E+0
2,752519E+2	6,171640E+0
2,746877E+2	6,174433E+0
2,741374E+2	6,177511E+0
2,736182E+2	6,179670E+0
2,730744E+2	6,182348E+0
2,725648E+2	6,185294E+0
2,720421E+2	6,188166E+0
2,715460E+2	6,191438E+0
2,710278E+2	6,194481E+0
2,705215E+2	6,197396E+0
2,700383E+2	6,200412E+0
2,695590E+2	6,203325E+0
2,690357E+2	6,206386E+0
2,685545E+2	6,209011E+0
2,680667E+2	6,211960E+0
2,675568E+2	6,215264E+0
2,670557E+2	6,217860E+0
2,665667E+2	6,220741E+0
2,660568E+2	6,223395E+0
2,655422E+2	6,226502E+0
2,650587E+2	6,229146E+0
2,645732E+2	6,232248E+0
2,640469E+2	6,234875E+0
2,635549E+2	6,238114E+0
2,630679E+2	6,240632E+0
2,625633E+2	6,243379E+0
2,620715E+2	6,246201E+0
2,615633E+2	6,248883E+0
2,610974E+2	6,251929E+0
2,606010E+2	6,254558E+0
2,601357E+2	6,257179E+0
2,596498E+2	6,260390E+0
2,591740E+2	6,262855E+0
2,587087E+2	6,265646E+0
2,582335E+2	6,268453E+0
2,577734E+2	6,271375E+0
2,573133E+2	6,273758E+0
2,568549E+2	6,276846E+0
2,563923E+2	6,279074E+0
2,559204E+2	6,281324E+0
2,554847E+2	6,284752E+0
2,550363E+2	6,287529E+0
2,545776E+2	6,289940E+0
2,541099E+2	6,292846E+0
2,536801E+2	6,295380E+0
2,532173E+2	6,298142E+0
2,527906E+2	6,300801E+0
2,523278E+2	6,303488E+0
2,519142E+2	6,306135E+0
2,514646E+2	6,308781E+0
2,510467E+2	6,311208E+0
2,505968E+2	6,313912E+0
2,501780E+2	6,316335E+0
2,497511E+2	6,319061E+0
2,493438E+2	6,321451E+0
2,489015E+2	6,324368E+0
2,484841E+2	6,326937E+0
2,480621E+2	6,329716E+0
2,476506E+2	6,332166E+0
2,472266E+2	6,334779E+0
2,468106E+2	6,337285E+0
2,463932E+2	6,339609E+0
2,459895E+2	6,341981E+0
2,455725E+2	6,344552E+0
2,451733E+2	6,347019E+0
2,447444E+2	6,349588E+0
2,443612E+2	6,352032E+0
2,439545E+2	6,354646E+0
2,435402E+2	6,356979E+0
2,431352E+2	6,359381E+0
2,427605E+2	6,361586E+0
2,423438E+2	6,364255E+0
2,419577E+2	6,366596E+0
2,415573E+2	6,369148E+0
2,411761E+2	6,371240E+0
2,407631E+2	6,373861E+0
2,403985E+2	6,376407E+0
2,400056E+2	6,379037E+0
2,396267E+2	6,381428E+0
2,392152E+2	6,383989E+0
2,388558E+2	6,386837E+0
2,384465E+2	6,389639E+0
2,380833E+2	6,392576E+0
2,376900E+2	6,396944E+0
2,373186E+2	6,402306E+0
2,369137E+2	6,408863E+0
2,365556E+2	6,418518E+0
2,361451E+2	6,431209E+0
2,357822E+2	6,448799E+0
2,353938E+2	6,468257E+0
2,350489E+2	6,492183E+0
2,346214E+2	6,515732E+0
2,342248E+2	6,537335E+0
2,335629E+2	6,553622E+0
2,325537E+2	6,564367E+0
2,312794E+2	6,571341E+0
2,300424E+2	6,578049E+0
2,288077E+2	6,580932E+0
2,275711E+2	6,574670E+0
2,264968E+2	6,563828E+0
2,255670E+2	6,554602E+0
2,245953E+2	6,546879E+0
2,238413E+2	6,537622E+0
2,231211E+2	6,539450E+0
2,224896E+2	6,538264E+0
2,218863E+2	6,538085E+0
2,213825E+2	6,538167E+0
2,208615E+2	6,538706E+0
2,204145E+2	6,539354E+0
2,199694E+2	6,540032E+0
2,195806E+2	6,540974E+0
2,191637E+2	6,541733E+0
2,188229E+2	6,542567E+0
2,184539E+2	6,543907E+0
2,181220E+2	6,544766E+0
2,177569E+2	6,545560E+0
2,174632E+2	6,546711E+0
2,171167E+2	6,547729E+0
2,168251E+2	6,548477E+0
2,164964E+2	6,549329E+0
2,162074E+2	6,550569E+0
2,158713E+2	6,551704E+0
2,155984E+2	6,552428E+0
2,152744E+2	6,553892E+0
2,149934E+2	6,554915E+0
2,146859E+2	6,555719E+0
2,144328E+2	6,556807E+0
2,140962E+2	6,557989E+0
2,138359E+2	6,558589E+0
2,135365E+2	6,560020E+0
2,132726E+2	6,560594E+0
2,129634E+2	6,561978E+0
2,127110E+2	6,562664E+0
2,124080E+2	6,563837E+0
2,121442E+2	6,564947E+0
2,118547E+2	6,565633E+0
2,116188E+2	6,566628E+0
2,113008E+2	6,567472E+0
2,110605E+2	6,568441E+0
2,107802E+2	6,569622E+0
2,105340E+2	6,570413E+0
2,102440E+2	6,571556E+0
2,100074E+2	6,572689E+0
2,097360E+2	6,573262E+0
2,094722E+2	6,574458E+0
2,092003E+2	6,575294E+0
2,089746E+2	6,576124E+0
2,086866E+2	6,576906E+0
2,084402E+2	6,578027E+0
2,081727E+2	6,578843E+0
2,079316E+2	6,579644E+0
2,076608E+2	6,580694E+0
2,074257E+2	6,581319E+0
2,071608E+2	6,582278E+0
2,069199E+2	6,583271E+0
2,066536E+2	6,584054E+0
2,064231E+2	6,584698E+0
2,061529E+2	6,585959E+0
2,059355E+2	6,586721E+0
2,056847E+2	6,587271E+0
2,054518E+2	6,588391E+0
2,051880E+2	6,589302E+0
2,049771E+2	6,589906E+0
2,047128E+2	6,590786E+0
2,044834E+2	6,591888E+0
2,042339E+2	6,592813E+0
2,040286E+2	6,593409E+0
2,037605E+2	6,594117E+0
2,035472E+2	6,595269E+0
2,033037E+2	6,595838E+0
2,030805E+2	6,596559E+0
2,028295E+2	6,597373E+0
2,026225E+2	6,598062E+0
2,023669E+2	6,599258E+0
2,021545E+2	6,600101E+0
2,019147E+2	6,601191E+0
2,017004E+2	6,602037E+0
2,014541E+2	6,602465E+0
2,012530E+2	6,603544E+0
2,010052E+2	6,603976E+0
2,007862E+2	6,604849E+0
2,005567E+2	6,605759E+0
2,003585E+2	6,606360E+0
2,001114E+2	6,607284E+0
1,998994E+2	6,607874E+0
1,996750E+2	6,608875E+0
1,994647E+2	6,609338E+0
1,992362E+2	6,610315E+0
1,990404E+2	6,611168E+0
1,988000E+2	6,612097E+0
1,985909E+2	6,612812E+0
1,983646E+2	6,613746E+0
1,981564E+2	6,614649E+0
1,979278E+2	6,615120E+0
1,977276E+2	6,615896E+0
1,975028E+2	6,616694E+0
1,972948E+2	6,617312E+0
1,970744E+2	6,618220E+0
1,968776E+2	6,619023E+0
1,966479E+2	6,619783E+0
1,964386E+2	6,620616E+0
1,962275E+2	6,621354E+0
1,960346E+2	6,621619E+0
1,958064E+2	6,622478E+0
1,956100E+2	6,623374E+0
1,953942E+2	6,624001E+0
1,951879E+2	6,624844E+0
1,949746E+2	6,625396E+0
1,947781E+2	6,626350E+0
1,945608E+2	6,626917E+0
1,943633E+2	6,627544E+0
1,941541E+2	6,628202E+0
1,939491E+2	6,628913E+0
1,937428E+2	6,629832E+0
1,935489E+2	6,630622E+0
1,933348E+2	6,631072E+0
1,931262E+2	6,632074E+0
1,929294E+2	6,632545E+0
1,927375E+2	6,633346E+0
1,925265E+2	6,634093E+0
1,923251E+2	6,634833E+0
1,921232E+2	6,635726E+0
1,919140E+2	6,636205E+0
1,917168E+2	6,636906E+0
1,915241E+2	6,637616E+0
1,913151E+2	6,637948E+0
1,911125E+2	6,638984E+0
1,909213E+2	6,639699E+0
1,907316E+2	6,640208E+0
1,905308E+2	6,640939E+0
1,903356E+2	6,641430E+0
1,901417E+2	6,642351E+0
1,899422E+2	6,642985E+0
1,897532E+2	6,643565E+0
1,895560E+2	6,644367E+0
1,893674E+2	6,645123E+0
1,891760E+2	6,645701E+0
1,889865E+2	6,646364E+0
1,887836E+2	6,647114E+0
1,886018E+2	6,647503E+0
1,884077E+2	6,648081E+0
1,882207E+2	6,648564E+0
1,880160E+2	6,649243E+0
1,878466E+2	6,650137E+0
1,876539E+2	6,650481E+0
1,874723E+2	6,651462E+0
1,872733E+2	6,652004E+0
1,870938E+2	6,652928E+0
1,868872E+2	6,653258E+0
1,867184E+2	6,654102E+0
1,865289E+2	6,654420E+0
1,863527E+2	6,655441E+0
1,861570E+2	6,656024E+0
1,859875E+2	6,656793E+0
1,857846E+2	6,657402E+0
1,856218E+2	6,657734E+0
1,854293E+2	6,658284E+0
1,852560E+2	6,659114E+0
1,850677E+2	6,659875E+0
1,849306E+2	6,660588E+0
1,847485E+2	6,660933E+0
1,845961E+2	6,661646E+0
1,844032E+2	6,662296E+0
1,842468E+2	6,662970E+0
1,840590E+2	6,663646E+0
1,838914E+2	6,664225E+0
1,836978E+2	6,664698E+0
1,835350E+2	6,665375E+0
1,833396E+2	6,666105E+0
1,831785E+2	6,666631E+0
1,829841E+2	6,667243E+0
1,828272E+2	6,668034E+0
1,826349E+2	6,668541E+0
1,824728E+2	6,668968E+0
1,822772E+2	6,669569E+0
1,821214E+2	6,670071E+0
1,819275E+2	6,671004E+0
1,817749E+2	6,671700E+0
1,816420E+2	6,672025E+0
1,815202E+2	6,673045E+0
1,813405E+2	6,673461E+0
1,811961E+2	6,673741E+0
1,810018E+2	6,674403E+0
1,808613E+2	6,675100E+0
1,806628E+2	6,674823E+0
1,805191E+2	6,676352E+0
1,803233E+2	6,676778E+0
1,801731E+2	6,677283E+0
1,799709E+2	6,677930E+0
1,798278E+2	6,678359E+0
1,796246E+2	6,679049E+0
1,794822E+2	6,679434E+0
1,792885E+2	6,680169E+0
1,791523E+2	6,680707E+0
1,789593E+2	6,681341E+0
1,788128E+2	6,681842E+0
1,786215E+2	6,682442E+0
1,784840E+2	6,683047E+0
1,782902E+2	6,683716E+0
1,781480E+2	6,684250E+0
1,779489E+2	6,685012E+0
1,778044E+2	6,685461E+0
1,776096E+2	6,685570E+0
1,774737E+2	6,686467E+0
1,772690E+2	6,687305E+0
1,771296E+2	6,687925E+0
1,769377E+2	6,688321E+0
1,768006E+2	6,688421E+0
1,765977E+2	6,689770E+0
1,764688E+2	6,690263E+0
1,762724E+2	6,690895E+0
1,761362E+2	6,691611E+0
1,759423E+2	6,691973E+0
1,758072E+2	6,692839E+0
1,756076E+2	6,693191E+0
1,754727E+2	6,693931E+0
1,752705E+2	6,694607E+0
1,751354E+2	6,695166E+0
1,749485E+2	6,695493E+0
1,748327E+2	6,695911E+0
1,746393E+2	6,696600E+0
1,744992E+2	6,697408E+0
1,743107E+2	6,697692E+0
1,741787E+2	6,698360E+0
1,739894E+2	6,699029E+0
1,738654E+2	6,699358E+0
1,736728E+2	6,699948E+0
1,735381E+2	6,700775E+0
1,733528E+2	6,701556E+0
1,732264E+2	6,701636E+0
1,730360E+2	6,702251E+0
1,729091E+2	6,702657E+0
1,727254E+2	6,703339E+0
1,725989E+2	6,704209E+0
1,724091E+2	6,704548E+0
1,722929E+2	6,705186E+0
1,721002E+2	6,705735E+0
1,719727E+2	6,706094E+0
1,717883E+2	6,706849E+0
1,716598E+2	6,707254E+0
1,714718E+2	6,707828E+0
1,713535E+2	6,708645E+0
1,711749E+2	6,709054E+0
1,710472E+2	6,709784E+0
1,708726E+2	6,710116E+0
1,707647E+2	6,710905E+0
1,705695E+2	6,711463E+0
1,704425E+2	6,712118E+0
1,702631E+2	6,712542E+0
1,701337E+2	6,713160E+0
1,700043E+2	6,713607E+0
1,698781E+2	6,714066E+0
1,697055E+2	6,714479E+0
1,695619E+2	6,715252E+0
1,693892E+2	6,715605E+0
1,692714E+2	6,716355E+0
1,690783E+2	6,716695E+0
1,689490E+2	6,717334E+0
1,687736E+2	6,717810E+0
1,686423E+2	6,718284E+0
1,684607E+2	6,718711E+0
1,683454E+2	6,719427E+0
1,681586E+2	6,719967E+0
1,680267E+2	6,720659E+0
1,678517E+2	6,720882E+0
1,677241E+2	6,721342E+0
1,675434E+2	6,721965E+0
1,674246E+2	6,722721E+0
1,672619E+2	6,722904E+0
1,671344E+2	6,723523E+0
1,669599E+2	6,723802E+0
1,668490E+2	6,724651E+0
1,666737E+2	6,725041E+0
1,665492E+2	6,725646E+0
1,663818E+2	6,726116E+0
1,662565E+2	6,726759E+0
1,660851E+2	6,727151E+0
1,659696E+2	6,727754E+0
1,658006E+2	6,728349E+0
1,656608E+2	6,728986E+0
1,655014E+2	6,729805E+0
1,653857E+2	6,730135E+0
1,652092E+2	6,730439E+0
1,650905E+2	6,731005E+0
1,649230E+2	6,731161E+0
1,647892E+2	6,731918E+0
1,646276E+2	6,732311E+0
1,645102E+2	6,733080E+0
1,643342E+2	6,733372E+0
1,642004E+2	6,733984E+0
1,640389E+2	6,734714E+0
1,639241E+2	6,735250E+0
1,637491E+2	6,735735E+0
1,636212E+2	6,736466E+0
1,634596E+2	6,736902E+0
1,633287E+2	6,737506E+0
1,631697E+2	6,738098E+0
1,630446E+2	6,738383E+0
1,628805E+2	6,738719E+0
1,627516E+2	6,739044E+0
1,625933E+2	6,739997E+0
1,624660E+2	6,740401E+0
1,623062E+2	6,740992E+0
1,621837E+2	6,741275E+0
1,620227E+2	6,741810E+0
1,618860E+2	6,742226E+0
1,617428E+2	6,743009E+0
1,616252E+2	6,743444E+0
1,614662E+2	6,743777E+0
1,613368E+2	6,744422E+0
1,611904E+2	6,744796E+0
1,610568E+2	6,745420E+0
1,609146E+2	6,746157E+0
1,607939E+2	6,746334E+0
1,606364E+2	6,746925E+0
1,604995E+2	6,747360E+0
1,603600E+2	6,747920E+0
1,602414E+2	6,748650E+0
1,600926E+2	6,749282E+0
1,599610E+2	6,749344E+0
1,598124E+2	6,749882E+0
1,596755E+2	6,749965E+0
1,595336E+2	6,750783E+0
1,594016E+2	6,751497E+0
1,592525E+2	6,752067E+0
1,591215E+2	6,752290E+0
1,589796E+2	6,752681E+0
1,588464E+2	6,753419E+0
1,587168E+2	6,753857E+0
1,585854E+2	6,754281E+0
1,584369E+2	6,754735E+0
1,582951E+2	6,755301E+0
1,581682E+2	6,755620E+0
1,580343E+2	6,756611E+0
1,578960E+2	6,757000E+0
1,577564E+2	6,757312E+0
1,576228E+2	6,757834E+0
1,574794E+2	6,758475E+0
1,573547E+2	6,758916E+0
1,572160E+2	6,759636E+0
1,570724E+2	6,759879E+0
1,569316E+2	6,760367E+0
1,568002E+2	6,760950E+0
1,566582E+2	6,761602E+0
1,565325E+2	6,762118E+0
1,563940E+2	6,762722E+0
1,562567E+2	6,763408E+0
1,561156E+2	6,763670E+0
1,559953E+2	6,764289E+0
1,558525E+2	6,764893E+0
1,557296E+2	6,765259E+0
1,555928E+2	6,765662E+0
1,554644E+2	6,766179E+0
1,553214E+2	6,766634E+0
1,552023E+2	6,766888E+0
1,550629E+2	6,767466E+0
1,549345E+2	6,768138E+0
1,547832E+2	6,768057E+0
1,546719E+2	6,768973E+0
1,545317E+2	6,769178E+0
1,544127E+2	6,769266E+0
1,542655E+2	6,770039E+0
1,541462E+2	6,770446E+0
1,539976E+2	6,770913E+0
1,539001E+2	6,771936E+0
1,537485E+2	6,772113E+0
1,536479E+2	6,772680E+0
1,535042E+2	6,773168E+0
1,533942E+2	6,773726E+0
1,532389E+2	6,773940E+0
1,531400E+2	6,774510E+0
1,529948E+2	6,775083E+0
1,528819E+2	6,775464E+0
1,527375E+2	6,775951E+0
1,526373E+2	6,776098E+0
1,524869E+2	6,776612E+0
1,523908E+2	6,777206E+0
1,522440E+2	6,777774E+0
1,521330E+2	6,778359E+0
1,519807E+2	6,779062E+0
1,518859E+2	6,779849E+0
1,517353E+2	6,779883E+0
1,516369E+2	6,780390E+0
1,514870E+2	6,780728E+0
1,513944E+2	6,781266E+0
1,512450E+2	6,781415E+0
1,511504E+2	6,781796E+0
1,509941E+2	6,782396E+0
1,508986E+2	6,782533E+0
1,507387E+2	6,783096E+0
1,506515E+2	6,783928E+0
1,505023E+2	6,784189E+0
1,504057E+2	6,784671E+0
1,502499E+2	6,785135E+0
1,501542E+2	6,785560E+0
1,499916E+2	6,785975E+0
1,499067E+2	6,787012E+0
1,497491E+2	6,787302E+0
1,496605E+2	6,787563E+0
1,495066E+2	6,788358E+0
1,494144E+2	6,788396E+0
1,492566E+2	6,788181E+0
1,491717E+2	6,772900E+0
1,490193E+2	6,772437E+0
1,489303E+2	6,758010E+0
1,487707E+2	6,731201E+0
1,486765E+2	6,729821E+0
1,485110E+2	6,725254E+0
1,484262E+2	6,713256E+0
1,481808E+2	6,653252E+0
1,480259E+2	6,653483E+0
1,479403E+2	6,642183E+0
1,477773E+2	6,595379E+0
1,477026E+2	6,518044E+0
1,475455E+2	6,475402E+0
1,474681E+2	6,378970E+0
1,473142E+2	6,313945E+0
1,472375E+2	6,305758E+0
1,470795E+2	6,254160E+0
1,470019E+2	6,160297E+0
1,468527E+2	6,140799E+0
1,467646E+2	6,075445E+0
1,466122E+2	5,960681E+0
1,465451E+2	5,883235E+0
1,463885E+2	5,851654E+0
1,463039E+2	5,739177E+0
1,461522E+2	5,661494E+0
1,460745E+2	5,532541E+0
1,459192E+2	5,495753E+0
1,458484E+2	5,422299E+0
1,456934E+2	5,386236E+0
1,456093E+2	5,327572E+0
1,454527E+2	5,261551E+0
1,453773E+2	5,230673E+0
1,452231E+2	4,979844E+0
1,451427E+2	4,914395E+0
1,449895E+2	4,790878E+0
1,449141E+2	4,698159E+0
1,447567E+2	4,635581E+0
1,446869E+2	4,525881E+0
1,445354E+2	4,441286E+0
1,444547E+2	4,376769E+0
1,442997E+2	4,304636E+0
1,442214E+2	4,248760E+0
1,440660E+2	4,097193E+0
1,439920E+2	3,955014E+0
1,438427E+2	3,852413E+0
1,437598E+2	3,803360E+0
1,436160E+2	3,711279E+0
1,435570E+2	3,639427E+0
1,433983E+2	3,463806E+0
1,433108E+2	3,426703E+0
1,431656E+2	3,338908E+0
1,430927E+2	3,269623E+0
1,429486E+2	3,216365E+0
1,428834E+2	2,990501E+0
1,427332E+2	2,969223E+0
1,426487E+2	2,887262E+0
1,425079E+2	2,882419E+0
1,424426E+2	2,882788E+0
1,422824E+2	2,785224E+0
1,422061E+2	2,659295E+0
1,420687E+2	2,645874E+0
1,419741E+2	2,513225E+0
1,418369E+2	2,504694E+0
1,417727E+2	2,487676E+0
1,416268E+2	2,404567E+0
1,415482E+2	2,358289E+0
1,414071E+2	2,328537E+0
1,413351E+2	2,263041E+0
1,411912E+2	2,243187E+0
1,411224E+2	2,075585E+0
1,409824E+2	1,993648E+0
1,408913E+2	1,778229E+0
1,407561E+2	1,698301E+0
1,406898E+2	1,580378E+0
1,405401E+2	1,507823E+0
1,404582E+2	1,403635E+0
1,403268E+2	1,366892E+0
1,402471E+2	1,238428E+0
1,401117E+2	1,198885E+0
1,400469E+2	1,040467E+0
1,399121E+2	9,664792E-1
1,398198E+2	7,959887E-1
1,396948E+2	7,656399E-1
1,396266E+2	6,836739E-1
1,394816E+2	6,296696E-1
1,394002E+2	5,842574E-1
1,392769E+2	5,124355E-1
1,391941E+2	4,873027E-1
1,390644E+2	4,173742E-1
1,389875E+2	3,820636E-1
1,388591E+2	2,134957E-1
1,387734E+2	1,661625E-1
1,386408E+2	1,232537E-1
1,385624E+2	5,688099E-2
1,384346E+2	4,583596E-2
1,383583E+2	4,021224E-2
1,382361E+2	3,955345E-2
1,381402E+2	2,925312E-2
1,380356E+2	1,193043E-2
1,379597E+2	1,109153E-2
1,378384E+2	8,915515E-3
1,377584E+2	3,537273E-3
1,376395E+2	1,289216E-3
1,375539E+2	-2,141421E-3
1,374394E+2	-1,002022E-3
1,373588E+2	1,871001E-3
1,372325E+2	2,017742E-3
1,371367E+2	2,045649E-3
1,370318E+2	1,626391E-3
1,369551E+2	1,768931E-3
1,368284E+2	1,910269E-3
1,367354E+2	1,696648E-3
1,366234E+2	1,477528E-3
1,365272E+2	1,465613E-3
1,364230E+2	-5,803841E-4
1,363428E+2	-7,833909E-4
1,362178E+2	-8,076021E-4
1,361204E+2	-7,449265E-4
1,360167E+2	-7,051152E-4
1,359219E+2	-9,736538E-4
1,358166E+2	-1,049261E-3
1,357232E+2	-9,288147E-4
1,356079E+2	-8,792659E-4
1,355150E+2	-6,728440E-4
1,354147E+2	-1,162793E-3
1,353235E+2	-1,238458E-3
1,352155E+2	-8,801026E-4
1,351265E+2	-1,194514E-3
1,350236E+2	-1,291660E-3
1,349291E+2	-1,361886E-3
1,348407E+2	-1,516839E-3
1,347480E+2	-1,587019E-3
1,346347E+2	-1,641538E-3
1,345335E+2	-1,683685E-3
1,344456E+2	-1,538630E-3
1,343528E+2	-1,709757E-3
1,342560E+2	-1,587205E-3
1,341658E+2	-1,985633E-3
1,340617E+2	-1,597391E-3
1,339556E+2	-1,814399E-3
1,338751E+2	-1,814821E-3
1,337830E+2	-1,769913E-3
1,336893E+2	-1,697369E-3
1,335828E+2	-1,755062E-3
1,334950E+2	-1,778811E-3
1,333974E+2	-1,805731E-3
1,333142E+2	-1,907953E-3
1,332086E+2	-1,769429E-3
1,331120E+2	-1,897501E-3
1,330006E+2	-2,152389E-3
1,329349E+2	-1,867159E-3
1,328284E+2	-1,874570E-3
1,327500E+2	-2,321203E-3
1,326464E+2	-2,067753E-3
1,325557E+2	-2,048975E-3
1,324439E+2	-2,173140E-3
1,323709E+2	-2,180773E-3
1,322652E+2	-2,458448E-3
1,321860E+2	-2,397178E-3
1,320683E+2	-2,565962E-3
1,320013E+2	-2,566949E-3
1,318938E+2	-2,695427E-3
1,318182E+2	-2,781147E-3
1,317054E+2	-2,389136E-3
1,316275E+2	-2,558007E-3
1,315128E+2	-2,580164E-3
1,314468E+2	-2,754608E-3
1,313406E+2	-2,520174E-3
1,312748E+2	-2,885832E-3
1,311599E+2	-2,626733E-3
1,310928E+2	-2,634600E-3
1,309803E+2	-3,072057E-3
1,309183E+2	-2,818975E-3
1,308035E+2	-3,049899E-3
1,307278E+2	-3,375114E-3
1,306134E+2	-3,248588E-3
1,305545E+2	-3,592090E-3
1,304313E+2	-3,228279E-3
1,303773E+2	-3,220560E-3
1,302616E+2	-3,192187E-3
1,301850E+2	-3,495695E-3
1,300633E+2	-3,303431E-3
1,300093E+2	-3,489309E-3
1,298860E+2	-3,385639E-3
1,298235E+2	-3,247090E-3
1,297015E+2	-3,421984E-3
1,296473E+2	-3,719830E-3
1,295263E+2	-3,284137E-3
1,294698E+2	-3,632574E-3
1,293445E+2	-3,456851E-3
1,292855E+2	-3,781505E-3
1,291522E+2	-3,497541E-3
1,291097E+2	-3,931794E-3
1,289821E+2	-3,962243E-3
1,289304E+2	-3,838266E-3
1,288103E+2	-3,829754E-3
1,287535E+2	-4,202547E-3
1,286214E+2	-4,136337E-3
1,285789E+2	-4,038322E-3
1,284544E+2	-4,151048E-3
1,284074E+2	-4,048134E-3
1,282828E+2	-4,367121E-3
1,282311E+2	-4,221614E-3
1,280965E+2	-4,122255E-3
1,280561E+2	-4,067726E-3
1,279237E+2	-3,491727E-3
1,278628E+2	-3,285827E-3
1,277279E+2	-3,637012E-3
1,276841E+2	-3,384377E-3
1,275501E+2	-3,540285E-3
1,273816E+2	-3,614108E-3
1,273414E+2	-3,482137E-3
1,272071E+2	-3,435523E-3
1,271665E+2	-3,982707E-3
1,270279E+2	-3,674677E-3
1,269948E+2	-3,490804E-3
1,268620E+2	-3,722344E-3
1,268271E+2	-3,837053E-3
1,266975E+2	-3,886252E-3
1,266609E+2	-4,080081E-3
1,265299E+2	-3,877634E-3
1,264919E+2	-4,137139E-3
1,263633E+2	-4,154107E-3
1,263160E+2	-4,001394E-3
1,261867E+2	-3,787758E-3
1,261576E+2	-3,967894E-3
1,260225E+2	-3,966901E-3
1,259708E+2	-4,228632E-3
1,258297E+2	-4,249590E-3
1,257844E+2	-3,875798E-3
1,256493E+2	-4,249026E-3
1,256139E+2	-4,438378E-3
1,254831E+2	-4,325272E-3
1,254368E+2	-4,111430E-3
1,253050E+2	-4,370190E-3
1,252695E+2	-4,378739E-3
1,251393E+2	-4,378499E-3
1,251000E+2	-4,228689E-3
1,249687E+2	-4,690369E-3
1,249369E+2	-4,693353E-3
1,248047E+2	-4,279463E-3
1,247757E+2	-4,575744E-3
1,246504E+2	-4,818428E-3
1,246115E+2	-5,126272E-3
1,244834E+2	-4,608571E-3
1,244445E+2	-4,924584E-3
1,243117E+2	-4,900698E-3
1,242787E+2	-5,183746E-3
1,241616E+2	-5,174613E-3
1,241119E+2	-4,963469E-3
1,239920E+2	-5,203046E-3
1,239679E+2	-5,098625E-3
1,237882E+2	-5,280824E-3
1,236631E+2	-5,308351E-3
1,236286E+2	-5,179177E-3
1,235036E+2	-5,218586E-3
1,234775E+2	-5,232891E-3
1,233514E+2	-5,374688E-3
1,233049E+2	-5,557557E-3
1,231855E+2	-5,522628E-3
1,231501E+2	-5,492323E-3
1,230286E+2	-5,549727E-3
1,229899E+2	-5,612408E-3
1,228751E+2	-5,686355E-3
1,228329E+2	-5,779111E-3
1,227100E+2	-5,501245E-3
1,226860E+2	-5,377352E-3
1,225637E+2	-5,729424E-3
1,225181E+2	-5,738351E-3
1,223946E+2	-5,927476E-3
1,223616E+2	-5,968385E-3
1,222345E+2	-5,839850E-3
1,221967E+2	-5,847921E-3
1,220871E+2	-5,838190E-3
1,220398E+2	-5,613338E-3
1,219320E+2	-5,933934E-3
1,219036E+2	-5,944290E-3
1,217735E+2	-5,846240E-3
1,217180E+2	-6,286617E-3
1,216065E+2	-5,985441E-3
1,215578E+2	-6,380137E-3
1,214427E+2	-6,065283E-3
1,214108E+2	-5,496325E-3
1,212960E+2	-6,142788E-3
1,212460E+2	-6,129179E-3
1,211430E+2	-6,316670E-3
1,211119E+2	-6,113904E-3
1,209896E+2	-6,285590E-3
1,209441E+2	-6,333407E-3
1,208497E+2	-6,299483E-3
1,208049E+2	-6,670732E-3
1,206992E+2	-6,232199E-3
1,206687E+2	-6,611236E-3
1,205540E+2	-6,477425E-3
1,204999E+2	-6,312697E-3
1,203954E+2	-6,766580E-3
1,203628E+2	-7,185486E-3
1,202509E+2	-6,983204E-3
1,201981E+2	-6,794550E-3
1,200981E+2	-6,838795E-3
1,200437E+2	-6,941250E-3
1,199484E+2	-6,711730E-3
1,199002E+2	-6,932320E-3
1,197956E+2	-7,005981E-3
1,197455E+2	-7,171942E-3
1,196565E+2	-7,315228E-3
1,196069E+2	-6,954216E-3
1,195097E+2	-6,849268E-3
1,194679E+2	-7,127236E-3
1,193749E+2	-7,390058E-3
1,193089E+2	-7,399620E-3
1,192217E+2	-7,274951E-3
1,191782E+2	-7,321259E-3
1,190817E+2	-7,193317E-3
1,190092E+2	-7,194161E-3
1,189210E+2	-7,232533E-3
1,188569E+2	-7,544187E-3
1,187810E+2	-7,456108E-3
1,187247E+2	-7,177297E-3
1,186252E+2	-7,326222E-3
1,185571E+2	-7,675065E-3
1,184853E+2	-7,755781E-3
1,184303E+2	-7,445721E-3
1,183419E+2	-7,849252E-3
1,182775E+2	-7,683574E-3
1,181957E+2	-7,644522E-3
1,181263E+2	-7,823281E-3
1,180517E+2	-8,061977E-3
1,179988E+2	-7,905656E-3
1,179052E+2	-8,096426E-3
1,178349E+2	-7,952167E-3
1,177595E+2	-7,975321E-3
1,176878E+2	-8,298247E-3
1,176240E+2	-8,023305E-3
1,175574E+2	-8,147329E-3
1,174781E+2	-8,302818E-3
1,174107E+2	-8,006662E-3
1,173496E+2	-8,166309E-3
1,172823E+2	-8,428353E-3
1,172091E+2	-8,517273E-3
1,171404E+2	-8,382843E-3
1,170631E+2	-8,579951E-3
1,169881E+2	-8,290345E-3
1,169366E+2	-8,631426E-3
1,168658E+2	-8,504644E-3
1,167856E+2	-8,414583E-3
1,167155E+2	-8,643398E-3
1,166558E+2	-8,546063E-3
1,165810E+2	-8,457114E-3
1,165270E+2	-9,007478E-3
1,164536E+2	-8,758581E-3
1,163755E+2	-8,747036E-3
1,162957E+2	-8,987125E-3
1,162439E+2	-8,711492E-3
1,161554E+2	-8,788001E-3
1,161036E+2	-8,753762E-3
1,160268E+2	-8,855170E-3
1,159650E+2	-8,826919E-3
1,158830E+2	-9,026712E-3
1,158392E+2	-8,994324E-3
1,157571E+2	-9,019611E-3
1,157043E+2	-8,895323E-3
1,156047E+2	-8,994491E-3
1,155619E+2	-9,225079E-3
1,154734E+2	-9,472024E-3
1,154293E+2	-9,368969E-3
1,153406E+2	-9,084707E-3
1,152893E+2	-9,266850E-3
1,151916E+2	-9,428466E-3
1,151554E+2	-9,336391E-3
1,150679E+2	-9,344311E-3
1,150286E+2	-9,477492E-3
1,149305E+2	-9,284843E-3
1,148895E+2	-9,178003E-3
1,147951E+2	-9,368292E-3
1,147601E+2	-9,534123E-3
1,146670E+2	-9,698384E-3
1,146177E+2	-9,605652E-3
1,145282E+2	-9,620864E-3
1,145001E+2	-9,651386E-3
1,143962E+2	-9,792667E-3
1,143726E+2	-1,005000E-2
1,142761E+2	-9,655839E-3
1,142420E+2	-1,002474E-2
1,141370E+2	-9,537533E-3
1,141147E+2	-9,732760E-3
1,140128E+2	-9,923683E-3
1,139892E+2	-1,000490E-2
1,138823E+2	-9,633901E-3
1,138553E+2	-9,804782E-3
1,137510E+2	-1,001383E-2
1,137257E+2	-9,831674E-3
1,136213E+2	-9,975502E-3
1,135905E+2	-9,943406E-3
1,134777E+2	-9,958651E-3
1,134607E+2	-1,021754E-2
1,133566E+2	-1,000932E-2
1,133404E+2	-1,038015E-2
1,132279E+2	-1,030782E-2
1,132054E+2	-1,044548E-2
1,130873E+2	-1,030664E-2
1,130772E+2	-1,005230E-2
1,129618E+2	-1,024589E-2
1,129419E+2	-1,035351E-2
1,128361E+2	-1,059197E-2
1,128144E+2	-1,038352E-2
1,126959E+2	-1,065495E-2
1,126881E+2	-1,071428E-2
1,125805E+2	-1,039305E-2
1,125571E+2	-1,046917E-2
1,124423E+2	-1,077902E-2
1,124293E+2	-1,073054E-2
1,123119E+2	-1,047002E-2
1,123060E+2	-1,029777E-2
1,121937E+2	-1,069652E-2
1,121776E+2	-1,060971E-2
1,120576E+2	-1,071332E-2
1,120563E+2	-1,070243E-2
1,119396E+2	-1,064618E-2
1,119360E+2	-1,063787E-2
1,118233E+2	-1,086454E-2
1,118047E+2	-1,093249E-2
1,116906E+2	-1,097849E-2
1,116869E+2	-1,110639E-2
1,115720E+2	-1,122544E-2
1,115680E+2	-1,101900E-2
1,114516E+2	-1,129486E-2
1,114392E+2	-1,139476E-2
1,113257E+2	-1,097655E-2
1,113273E+2	-1,134011E-2
1,112088E+2	-1,130618E-2
1,111974E+2	-1,127586E-2
1,110812E+2	-1,129100E-2
1,110697E+2	-1,163256E-2
1,109589E+2	-1,142641E-2
1,109571E+2	-1,142625E-2
1,108494E+2	-1,141018E-2
1,108342E+2	-1,154096E-2
1,107172E+2	-1,176133E-2
1,107167E+2	-1,126551E-2
1,106005E+2	-1,173237E-2
1,105875E+2	-1,130936E-2
1,104744E+2	-1,168346E-2
1,104628E+2	-1,165754E-2
1,103530E+2	-1,155179E-2
1,103644E+2	-1,146397E-2
1,102444E+2	-1,150906E-2
1,102217E+2	-1,161688E-2
1,101077E+2	-1,211940E-2
1,099931E+2	-1,161659E-2
1,099911E+2	-1,195890E-2
1,098852E+2	-1,210064E-2
1,098670E+2	-1,197332E-2
1,097588E+2	-1,212688E-2
1,097580E+2	-1,204682E-2
1,096390E+2	-1,214206E-2
1,096205E+2	-1,235699E-2
1,095154E+2	-1,206544E-2
1,095036E+2	-1,198218E-2
1,093944E+2	-1,208964E-2
1,093984E+2	-1,215788E-2
1,092896E+2	-1,189883E-2
1,092743E+2	-1,210063E-2
1,092390E+2	-1,201535E-2
1,091649E+2	-1,204216E-2
1,090555E+2	-1,235095E-2
1,090435E+2	-1,221660E-2
1,089426E+2	-1,206784E-2
1,089189E+2	-1,198628E-2
1,088199E+2	-1,238531E-2
1,088229E+2	-1,207460E-2
1,087175E+2	-1,222405E-2
1,086993E+2	-1,256017E-2
1,086069E+2	-1,224470E-2
1,085985E+2	-1,249081E-2
1,085000E+2	-1,234696E-2
1,085037E+2	-1,258925E-2
1,083927E+2	-1,233050E-2
1,083659E+2	-1,276461E-2
1,082657E+2	-1,240072E-2
1,082603E+2	-1,247058E-2
1,081632E+2	-1,267129E-2
1,081528E+2	-1,274057E-2
1,080676E+2	-1,259404E-2
1,080531E+2	-1,239606E-2
1,079571E+2	-1,287908E-2
1,079453E+2	-1,282588E-2
1,078478E+2	-1,293634E-2
1,078266E+2	-1,291717E-2
1,077316E+2	-1,283111E-2
1,077119E+2	-1,283412E-2
1,076172E+2	-1,280618E-2
1,076076E+2	-1,293724E-2
1,075107E+2	-1,302156E-2
1,074720E+2	-1,328815E-2
1,073959E+2	-1,273005E-2
1,073839E+2	-1,283640E-2
1,072807E+2	-1,331828E-2
1,072475E+2	-1,299433E-2
1,071623E+2	-1,288985E-2
1,071223E+2	-1,271098E-2
1,070371E+2	-1,319141E-2
1,070269E+2	-1,294783E-2
1,069309E+2	-1,282526E-2
1,068957E+2	-1,271852E-2
1,068225E+2	-1,291981E-2
1,068154E+2	-1,329189E-2
1,067342E+2	-1,302963E-2
1,067050E+2	-1,324479E-2
1,066274E+2	-1,350783E-2
1,065989E+2	-1,335415E-2
1,065292E+2	-1,330453E-2
1,064972E+2	-1,320292E-2
1,064084E+2	-1,332242E-2
1,063616E+2	-1,346956E-2
1,062798E+2	-1,346660E-2
1,062395E+2	-1,334822E-2
1,061733E+2	-1,332926E-2
1,061398E+2	-1,341443E-2
1,060636E+2	-1,337354E-2
1,060126E+2	-1,329276E-2
1,059522E+2	-1,347782E-2
1,059318E+2	-1,330167E-2
1,058563E+2	-1,350609E-2
1,058190E+2	-1,345359E-2
1,057608E+2	-1,362874E-2
1,057181E+2	-1,372946E-2
1,056628E+2	-1,361344E-2
1,056342E+2	-1,370469E-2
1,055578E+2	-1,391954E-2
1,055031E+2	-1,392095E-2
1,054514E+2	-1,367156E-2
1,054166E+2	-1,373867E-2
1,053526E+2	-1,380071E-2
1,053191E+2	-1,401899E-2
1,052527E+2	-1,396786E-2
1,051949E+2	-1,379719E-2
1,051498E+2	-1,399283E-2
1,051078E+2	-1,402237E-2
1,050515E+2	-1,395239E-2
1,050042E+2	-1,415495E-2
1,049509E+2	-1,422273E-2
1,048893E+2	-1,422237E-2
1,048468E+2	-1,407396E-2
1,048069E+2	-1,396867E-2
1,047512E+2	-1,435348E-2
1,046918E+2	-1,433112E-2
1,046558E+2	-1,387179E-2
1,046027E+2	-1,398080E-2
1,045691E+2	-1,435868E-2
1,045062E+2	-1,425273E-2
1,044504E+2	-1,420900E-2
1,043944E+2	-1,430561E-2
1,043677E+2	-1,441746E-2
1,042999E+2	-1,441624E-2
1,042728E+2	-1,449742E-2
1,042113E+2	-1,432416E-2
1,041675E+2	-1,455113E-2
1,041007E+2	-1,465142E-2
1,040841E+2	-1,447735E-2
1,040180E+2	-1,464323E-2
1,039670E+2	-1,470577E-2
1,038990E+2	-1,474431E-2
1,038785E+2	-1,476140E-2
1,038094E+2	-1,464336E-2
1,037793E+2	-1,441750E-2
1,037090E+2	-1,465494E-2
1,036800E+2	-1,466595E-2
1,035974E+2	-1,440248E-2
1,035857E+2	-1,462963E-2
1,035150E+2	-1,453415E-2
1,034987E+2	-1,488342E-2
1,034236E+2	-1,489502E-2
1,034027E+2	-1,478065E-2
1,033244E+2	-1,469542E-2
1,033124E+2	-1,481726E-2
1,032310E+2	-1,511473E-2
1,032013E+2	-1,530092E-2
1,031122E+2	-1,507689E-2
1,031184E+2	-1,492174E-2
1,030313E+2	-1,489974E-2
1,030329E+2	-1,494094E-2
1,029532E+2	-1,497885E-2
1,029258E+2	-1,543698E-2
1,028448E+2	-1,536585E-2
1,028401E+2	-1,532703E-2
1,027531E+2	-1,541010E-2
1,027490E+2	-1,505030E-2
1,026576E+2	-1,510977E-2
1,026516E+2	-1,537189E-2
1,025619E+2	-1,526089E-2
1,025585E+2	-1,542062E-2
1,024705E+2	-1,546110E-2
1,024631E+2	-1,500857E-2
1,023608E+2	-1,553011E-2
1,023655E+2	-1,533524E-2
1,022719E+2	-1,549194E-2
1,022758E+2	-1,559008E-2
1,021811E+2	-1,542885E-2
1,021777E+2	-1,525088E-2
1,020857E+2	-1,536206E-2
1,020899E+2	-1,551275E-2
1,019906E+2	-1,549213E-2
1,019991E+2	-1,556862E-2
1,019076E+2	-1,535312E-2
1,019084E+2	-1,555579E-2
1,018014E+2	-1,563214E-2
1,018130E+2	-1,557112E-2
1,017182E+2	-1,551282E-2
1,017150E+2	-1,561218E-2
1,016173E+2	-1,535470E-2
1,016326E+2	-1,555302E-2
1,015275E+2	-1,556730E-2
1,015503E+2	-1,562499E-2
1,014455E+2	-1,546230E-2
1,014549E+2	-1,545279E-2
1,013464E+2	-1,543452E-2
1,013583E+2	-1,564087E-2
1,012542E+2	-1,551846E-2
1,012764E+2	-1,534241E-2
1,011814E+2	-1,555364E-2
1,011987E+2	-1,556210E-2
1,010985E+2	-1,519902E-2
1,011163E+2	-1,545124E-2
1,010184E+2	-1,563900E-2
1,010323E+2	-1,579953E-2
1,009146E+2	-1,583554E-2
1,009382E+2	-1,574262E-2
1,008296E+2	-1,577280E-2
1,008504E+2	-1,565882E-2
1,007496E+2	-1,588645E-2
1,007554E+2	-1,555972E-2
1,006523E+2	-1,584412E-2
1,006733E+2	-1,593127E-2
1,005707E+2	-1,609432E-2
1,005916E+2	-1,586328E-2
1,004918E+2	-1,604390E-2
1,005032E+2	-1,623811E-2
1,004022E+2	-1,600288E-2
1,004274E+2	-1,618834E-2
1,003280E+2	-1,590529E-2
1,003350E+2	-1,591369E-2
1,002278E+2	-1,608314E-2
1,002544E+2	-1,615709E-2
1,001489E+2	-1,610282E-2
1,001696E+2	-1,598180E-2
1,000769E+2	-1,634795E-2
1,000844E+2	-1,609523E-2
9,997603E+1	-1,636246E-2
9,998919E+1	-1,601218E-2
9,987879E+1	-1,625736E-2
9,989161E+1	-1,621179E-2
9,979435E+1	-1,636065E-2
9,979780E+1	-1,588556E-2
9,970552E+1	-1,641627E-2
9,973838E+1	-1,638914E-2
9,963600E+1	-1,623804E-2
9,963761E+1	-1,619578E-2
9,954211E+1	-1,653988E-2
9,956119E+1	-1,596246E-2
9,946834E+1	-1,639071E-2
9,949162E+1	-1,607977E-2
9,939844E+1	-1,626506E-2
9,939672E+1	-1,643832E-2
9,929987E+1	-1,646220E-2
9,931598E+1	-1,621336E-2
9,920843E+1	-1,644844E-2
9,921260E+1	-1,654534E-2
9,912495E+1	-1,657393E-2
9,913159E+1	-1,652194E-2
9,903612E+1	-1,675326E-2
9,905960E+1	-1,667412E-2
9,896547E+1	-1,647534E-2
9,896906E+1	-1,654739E-2
9,887352E+1	-1,675036E-2
9,889417E+1	-1,679183E-2
9,880440E+1	-1,670754E-2
9,881894E+1	-1,669131E-2
9,873901E+1	-1,651412E-2
9,873345E+1	-1,675130E-2
9,863671E+1	-1,638760E-2
9,864531E+1	-1,696572E-2
9,855407E+1	-1,686434E-2
9,856458E+1	-1,664087E-2
9,849053E+1	-1,648682E-2
9,849484E+1	-1,669195E-2
9,840930E+1	-1,699312E-2
9,842300E+1	-1,680241E-2
9,833996E+1	-1,683746E-2
9,833591E+1	-1,699019E-2
9,825243E+1	-1,692286E-2
9,825663E+1	-1,726705E-2
9,817484E+1	-1,683497E-2
9,818916E+1	-1,710512E-2
9,810201E+1	-1,695490E-2
9,809433E+1	-1,702090E-2
9,800084E+1	-1,710230E-2
9,800821E+1	-1,696282E-2
9,792526E+1	-1,712826E-2
9,791912E+1	-1,736062E-2
9,784650E+1	-1,704163E-2
9,783799E+1	-1,707993E-2
9,776598E+1	-1,704272E-2
9,776516E+1	-1,693048E-2
9,760573E+1	-1,702076E-2
9,760703E+1	-1,725336E-2
9,752847E+1	-1,724631E-2
9,753728E+1	-1,729407E-2
9,746027E+1	-1,711657E-2
9,743477E+1	-1,732419E-2
9,737820E+1	-1,714917E-2
9,738433E+1	-1,714328E-2
9,730512E+1	-1,739429E-2
9,728446E+1	-1,693888E-2
9,723148E+1	-1,715855E-2
9,721039E+1	-1,710820E-2
9,716205E+1	-1,732983E-2
9,715629E+1	-1,747546E-2
9,708664E+1	-1,722868E-2
9,706179E+1	-1,710662E-2
9,701213E+1	-1,734611E-2
9,701287E+1	-1,721562E-2
9,695964E+1	-1,729445E-2
9,693214E+1	-1,756328E-2
9,686518E+1	-1,731681E-2
9,683130E+1	-1,721453E-2
9,678476E+1	-1,750115E-2
9,676377E+1	-1,735589E-2
9,670407E+1	-1,745926E-2
9,667353E+1	-1,761414E-2
9,662344E+1	-1,761043E-2
9,659882E+1	-1,776300E-2
9,657078E+1	-1,747572E-2
9,654614E+1	-1,748943E-2
9,648244E+1	-1,747995E-2
9,645286E+1	-1,766245E-2
9,642635E+1	-1,775658E-2
9,639709E+1	-1,753279E-2
9,637597E+1	-1,791456E-2
9,633781E+1	-1,782605E-2
9,630117E+1	-1,766062E-2
9,626189E+1	-1,776750E-2
9,624193E+1	-1,771513E-2
9,620273E+1	-1,778452E-2
9,614250E+1	-1,796847E-2
9,610293E+1	-1,771857E-2
9,608317E+1	-1,764635E-2
9,604327E+1	-1,795486E-2
9,602861E+1	-1,807161E-2
9,597516E+1	-1,770030E-2
9,594786E+1	-1,801888E-2
9,589801E+1	-1,792818E-2
9,588014E+1	-1,790489E-2
9,585273E+1	-1,803421E-2
9,582302E+1	-1,832235E-2
9,577611E+1	-1,802063E-2
9,575345E+1	-1,835709E-2
9,570960E+1	-1,803227E-2
9,568597E+1	-1,802636E-2
9,564685E+1	-1,787444E-2
9,561905E+1	-1,806314E-2
9,555392E+1	-1,808236E-2
9,555160E+1	-1,793923E-2
9,550576E+1	-1,811059E-2
9,549461E+1	-1,804895E-2
9,544029E+1	-1,816350E-2
9,541864E+1	-1,822758E-2
9,534990E+1	-1,814879E-2
9,534296E+1	-1,818048E-2
9,528661E+1	-1,806863E-2
9,527912E+1	-1,810548E-2
9,522080E+1	-1,818365E-2
9,521498E+1	-1,807401E-2
9,515504E+1	-1,815862E-2
9,514918E+1	-1,817689E-2
9,509738E+1	-1,803514E-2
9,509280E+1	-1,836567E-2
9,502035E+1	-1,797022E-2
9,502603E+1	-1,823983E-2
9,496059E+1	-1,876027E-2
9,496304E+1	-1,824199E-2
9,489286E+1	-1,822057E-2
9,488756E+1	-1,848027E-2
9,480985E+1	-1,864357E-2
9,481977E+1	-1,871171E-2
9,474811E+1	-1,851679E-2
9,475781E+1	-1,859054E-2
9,468267E+1	-1,879141E-2
9,469107E+1	-1,878010E-2
9,461299E+1	-1,878019E-2
9,462332E+1	-1,847515E-2
9,454937E+1	-1,863916E-2
9,456580E+1	-1,876461E-2
9,448036E+1	-1,880065E-2
9,449392E+1	-1,857930E-2
9,441233E+1	-1,883065E-2
9,442988E+1	-1,887235E-2
9,435077E+1	-1,893181E-2
9,436337E+1	-1,889047E-2
9,427343E+1	-1,891303E-2
9,429926E+1	-1,897816E-2
9,421757E+1	-1,901101E-2
9,424469E+1	-1,890062E-2
9,415980E+1	-1,868621E-2
9,417718E+1	-1,893062E-2
9,408995E+1	-1,949151E-2
9,411429E+1	-1,904905E-2
9,403041E+1	-1,893507E-2
9,406219E+1	-1,894699E-2
9,397361E+1	-1,899574E-2
9,399989E+1	-1,878787E-2
9,391112E+1	-1,895814E-2
9,393653E+1	-1,926494E-2
9,384688E+1	-1,905071E-2
9,387706E+1	-1,909551E-2
9,378060E+1	-1,917608E-2
9,380423E+1	-1,917097E-2
9,370091E+1	-1,900860E-2
9,373768E+1	-1,911802E-2
9,364864E+1	-1,903972E-2
9,367647E+1	-1,917975E-2
9,357187E+1	-1,940692E-2
9,361927E+1	-1,924026E-2
9,352246E+1	-1,920349E-2
9,356333E+1	-1,916681E-2
9,347474E+1	-1,928033E-2
9,349959E+1	-1,922784E-2
9,340986E+1	-1,934819E-2
9,345231E+1	-1,931780E-2
9,335791E+1	-1,926997E-2
9,339523E+1	-1,890645E-2
9,330211E+1	-1,928791E-2
9,333169E+1	-1,934435E-2
9,323658E+1	-1,929937E-2
9,327576E+1	-1,903909E-2
9,318493E+1	-1,900149E-2
9,321409E+1	-1,927313E-2
9,311242E+1	-1,951032E-2
9,314730E+1	-1,932188E-2
9,305267E+1	-1,920137E-2
9,309918E+1	-1,947162E-2
9,300122E+1	-1,942807E-2
9,302233E+1	-1,964242E-2
9,293056E+1	-1,918673E-2
9,296546E+1	-1,924434E-2
9,287004E+1	-1,934624E-2
9,289645E+1	-1,949236E-2
9,281340E+1	-1,945292E-2
9,283726E+1	-1,939844E-2
9,274407E+1	-1,956791E-2
9,278052E+1	-1,950222E-2
9,269398E+1	-1,973268E-2
9,271651E+1	-1,970984E-2
9,261700E+1	-1,955392E-2
9,264760E+1	-1,962737E-2
9,256350E+1	-1,970511E-2
9,260200E+1	-1,968416E-2
9,251849E+1	-1,971110E-2
9,254039E+1	-1,976999E-2
9,245560E+1	-1,965021E-2
9,249160E+1	-1,969036E-2
9,240899E+1	-1,974939E-2
9,243809E+1	-1,988312E-2
9,234149E+1	-1,982693E-2
9,236877E+1	-1,987198E-2
9,228183E+1	-1,967758E-2
9,230487E+1	-2,009414E-2
9,223144E+1	-2,007173E-2
9,225407E+1	-1,993951E-2
9,216554E+1	-2,009784E-2
9,220466E+1	-2,009958E-2
9,211989E+1	-1,993856E-2
9,213629E+1	-1,984001E-2
9,205084E+1	-1,980515E-2
9,208795E+1	-1,991715E-2
9,200294E+1	-1,988589E-2
9,203222E+1	-1,998987E-2
9,195872E+1	-2,014875E-2
9,197788E+1	-1,996657E-2
9,189944E+1	-1,972116E-2
9,192422E+1	-1,991454E-2
9,184898E+1	-1,994118E-2
9,186374E+1	-1,980382E-2
9,177710E+1	-1,991538E-2
9,181746E+1	-2,014959E-2
9,173527E+1	-2,025201E-2
9,175262E+1	-1,995016E-2
9,168822E+1	-2,008399E-2
9,168880E+1	-2,010721E-2
9,162102E+1	-2,002197E-2
9,165714E+1	-2,014869E-2
9,157788E+1	-2,000968E-2
9,158582E+1	-2,006935E-2
9,150782E+1	-2,010825E-2
9,154113E+1	-1,999029E-2
9,146642E+1	-2,007681E-2
9,148577E+1	-2,003540E-2
9,141753E+1	-2,020380E-2
9,142317E+1	-2,031313E-2
9,135432E+1	-2,022003E-2
9,137425E+1	-2,009626E-2
9,131279E+1	-2,036254E-2
9,131950E+1	-2,011955E-2
9,125305E+1	-2,026493E-2
9,127530E+1	-2,053437E-2
9,121267E+1	-2,054912E-2
9,120951E+1	-2,006274E-2
9,115389E+1	-2,028489E-2
9,116426E+1	-2,024091E-2
9,110342E+1	-2,022985E-2
9,112120E+1	-2,033127E-2
9,105289E+1	-2,028592E-2
9,104047E+1	-2,027796E-2
9,098979E+1	-2,046949E-2
9,100390E+1	-2,058640E-2
9,094942E+1	-2,044097E-2
9,094381E+1	-2,023551E-2
9,090293E+1	-2,022271E-2
9,090591E+1	-2,035921E-2
9,084848E+1	-2,065353E-2
9,084872E+1	-2,047034E-2
9,079414E+1	-2,043067E-2
9,078538E+1	-2,062608E-2
9,075367E+1	-2,080900E-2
9,075054E+1	-2,037970E-2
9,069426E+1	-2,042002E-2
9,067317E+1	-2,051261E-2
9,064209E+1	-2,049774E-2
9,063310E+1	-2,064232E-2
9,060782E+1	-2,058280E-2
9,060161E+1	-2,061402E-2
9,051217E+1	-2,050677E-2
9,050571E+1	-2,074343E-2
9,045868E+1	-2,058078E-2
9,043581E+1	-2,065964E-2
9,041997E+1	-2,068836E-2
9,039926E+1	-2,087413E-2
9,038135E+1	-2,052255E-2
9,034449E+1	-2,090964E-2
9,031114E+1	-2,071973E-2
9,028627E+1	-2,074935E-2
9,027348E+1	-2,088440E-2
9,025514E+1	-2,074238E-2
9,021998E+1	-2,109323E-2
9,018422E+1	-2,075792E-2
9,016905E+1	-2,083489E-2
9,014446E+1	-2,069921E-2
9,014049E+1	-2,059150E-2
9,011102E+1	-2,064427E-2
9,007896E+1	-2,061382E-2
9,005695E+1	-2,068696E-2
9,004346E+1	-2,100924E-2
9,001256E+1	-2,094912E-2
8,998448E+1	-2,085219E-2
8,994991E+1	-2,126699E-2
8,994601E+1	-2,077169E-2
8,991259E+1	-2,101691E-2
8,989494E+1	-2,081117E-2
8,985683E+1	-2,115480E-2
8,984512E+1	-2,114512E-2
8,980465E+1	-2,078506E-2
8,981287E+1	-2,092466E-2
8,977382E+1	-2,082058E-2
8,976128E+1	-2,097081E-2
8,970186E+1	-2,078595E-2
8,970858E+1	-2,095487E-2
8,966226E+1	-2,077348E-2
8,965624E+1	-2,087612E-2
8,962049E+1	-2,102929E-2
8,963280E+1	-2,078329E-2
8,957106E+1	-2,104477E-2
8,958245E+1	-2,103910E-2
8,953723E+1	-2,122067E-2
8,953329E+1	-2,139166E-2
8,947701E+1	-2,100853E-2
8,949707E+1	-2,126269E-2
8,944957E+1	-2,107690E-2
8,945509E+1	-2,120506E-2
8,939203E+1	-2,096640E-2
8,940800E+1	-2,145978E-2
8,934674E+1	-2,124506E-2
8,937866E+1	-2,126495E-2
8,931219E+1	-2,103137E-2
8,930407E+1	-2,103735E-2
8,924565E+1	-2,096090E-2
8,926592E+1	-2,126999E-2
8,921180E+1	-2,086940E-2
8,923069E+1	-2,099924E-2
8,916236E+1	-2,114293E-2
8,918623E+1	-2,121998E-2
8,912148E+1	-2,117580E-2
8,915614E+1	-2,113836E-2
8,908522E+1	-2,128790E-2
8,909793E+1	-2,137934E-2
8,902605E+1	-2,121499E-2
8,906478E+1	-2,149541E-2
8,899013E+1	-2,121806E-2
8,902811E+1	-2,113327E-2
8,895141E+1	-2,129163E-2
8,898126E+1	-2,148320E-2
8,890820E+1	-2,152274E-2
8,894917E+1	-2,125666E-2
8,887410E+1	-2,120427E-2
8,889904E+1	-2,153816E-2
8,881670E+1	-2,135549E-2
8,885949E+1	-2,146792E-2
8,877381E+1	-2,121750E-2
8,881855E+1	-2,150874E-2
8,874785E+1	-2,134625E-2
8,877869E+1	-2,129723E-2
8,868720E+1	-2,138146E-2
8,873051E+1	-2,144640E-2
8,865517E+1	-2,145266E-2
8,869419E+1	-2,162229E-2
8,860985E+1	-2,154234E-2
8,865219E+1	-2,163145E-2
8,856754E+1	-2,168050E-2
8,861235E+1	-2,141646E-2
8,853241E+1	-2,147590E-2
8,857313E+1	-2,165183E-2
8,847627E+1	-2,170993E-2
8,853403E+1	-2,142422E-2
8,844341E+1	-2,176211E-2
8,849306E+1	-2,158786E-2
8,840923E+1	-2,155167E-2
8,845222E+1	-2,179624E-2
8,835935E+1	-2,172360E-2
8,840717E+1	-2,152037E-2
8,832419E+1	-2,135846E-2
8,836433E+1	-2,178339E-2
8,827757E+1	-2,149041E-2
8,832427E+1	-2,171024E-2
8,823285E+1	-2,190889E-2
8,829061E+1	-2,171783E-2
8,820331E+1	-2,163374E-2
8,824444E+1	-2,195804E-2
8,815571E+1	-2,161741E-2
8,820214E+1	-2,185761E-2
8,811805E+1	-2,186060E-2
8,816013E+1	-2,184995E-2
8,808505E+1	-2,187975E-2
8,812804E+1	-2,178400E-2
8,803887E+1	-2,191924E-2
8,809463E+1	-2,186246E-2
8,801037E+1	-2,186606E-2
8,804818E+1	-2,159602E-2
8,795418E+1	-2,181867E-2
8,800339E+1	-2,173577E-2
8,792081E+1	-2,163977E-2
8,796844E+1	-2,164014E-2
8,788876E+1	-2,168965E-2
8,792444E+1	-2,180903E-2
8,784178E+1	-2,191723E-2
8,788989E+1	-2,167167E-2
8,781460E+1	-2,180628E-2
8,785197E+1	-2,196186E-2
8,775911E+1	-2,184569E-2
8,780109E+1	-2,196084E-2
8,772297E+1	-2,208517E-2
8,777285E+1	-2,196134E-2
8,769476E+1	-2,213543E-2
8,772272E+1	-2,178960E-2
8,764780E+1	-2,196103E-2
8,769341E+1	-2,209638E-2
8,761982E+1	-2,197640E-2
8,765703E+1	-2,207937E-2
8,757969E+1	-2,181155E-2
8,761302E+1	-2,227461E-2
8,753834E+1	-2,215447E-2
8,759061E+1	-2,215253E-2
8,750882E+1	-2,219948E-2
8,754333E+1	-2,224589E-2
8,745732E+1	-2,180514E-2
8,751001E+1	-2,200482E-2
8,742367E+1	-2,178492E-2
8,746497E+1	-2,208860E-2
8,739575E+1	-2,213169E-2
8,742155E+1	-2,206549E-2
8,735038E+1	-2,206948E-2
8,740030E+1	-2,200428E-2
8,732409E+1	-2,192419E-2
8,735166E+1	-2,200601E-2
8,727296E+1	-2,210022E-2
8,731854E+1	-2,207757E-2
8,724453E+1	-2,194903E-2
8,728791E+1	-2,220918E-2
8,721714E+1	-2,250596E-2
8,724093E+1	-2,218786E-2
8,716570E+1	-2,236133E-2
8,720865E+1	-2,210927E-2
8,713262E+1	-2,191549E-2
8,716801E+1	-2,233848E-2
8,710543E+1	-2,220156E-2
8,712193E+1	-2,245379E-2
8,706309E+1	-2,226696E-2
8,710918E+1	-2,226630E-2
8,703896E+1	-2,229223E-2
8,705027E+1	-2,199371E-2
8,698139E+1	-2,226430E-2
8,701809E+1	-2,189793E-2
8,695990E+1	-2,250858E-2
8,698255E+1	-2,220420E-2
8,693021E+1	-2,233821E-2
8,693232E+1	-2,256388E-2
8,689661E+1	-2,226370E-2
8,692418E+1	-2,242233E-2
8,685894E+1	-2,243433E-2
8,687853E+1	-2,250769E-2
8,682167E+1	-2,239581E-2
8,685424E+1	-2,225556E-2
8,679128E+1	-2,236029E-2
8,681293E+1	-2,220972E-2
8,676520E+1	-2,247237E-2
8,677445E+1	-2,240102E-2
8,672770E+1	-2,216986E-2
8,676072E+1	-2,219640E-2
8,670470E+1	-2,221404E-2
8,670398E+1	-2,245573E-2
8,666309E+1	-2,251161E-2
8,667415E+1	-2,275638E-2
8,664022E+1	-2,244482E-2
8,665119E+1	-2,252305E-2
8,661092E+1	-2,227711E-2
8,656318E+1	-2,252379E-2
8,658913E+1	-2,251963E-2
8,653728E+1	-2,247103E-2
8,654989E+1	-2,262560E-2
8,650961E+1	-2,272813E-2
8,649924E+1	-2,260989E-2
8,647383E+1	-2,264193E-2
8,648912E+1	-2,274585E-2
8,643697E+1	-2,263403E-2
8,643651E+1	-2,256968E-2
8,640313E+1	-2,264799E-2
8,640530E+1	-2,263386E-2
8,639563E+1	-2,290460E-2
8,638857E+1	-2,266150E-2
8,634738E+1	-2,246365E-2
8,633173E+1	-2,239333E-2
8,631825E+1	-2,263776E-2
8,632236E+1	-2,272093E-2
8,628583E+1	-2,285533E-2
8,626203E+1	-2,278929E-2
8,624969E+1	-2,264146E-2
8,623302E+1	-2,259638E-2
8,623685E+1	-2,265160E-2
8,621650E+1	-2,244327E-2
8,618702E+1	-2,276680E-2
8,616687E+1	-2,272410E-2
8,615549E+1	-2,262074E-2
8,614478E+1	-2,276379E-2
8,613818E+1	-2,285374E-2
8,611773E+1	-2,286586E-2
8,609592E+1	-2,265627E-2
8,607018E+1	-2,280458E-2
8,608142E+1	-2,259082E-2
8,606051E+1	-2,290282E-2
8,604737E+1	-2,261066E-2
8,600418E+1	-2,269269E-2
8,601615E+1	-2,290626E-2
8,598865E+1	-2,281922E-2
8,599065E+1	-2,266441E-2
8,597016E+1	-2,268231E-2
8,596174E+1	-2,260032E-2
8,591703E+1	-2,298046E-2
8,593016E+1	-2,327467E-2
8,590402E+1	-2,274240E-2
8,590796E+1	-2,302426E-2
8,587076E+1	-2,315615E-2
8,587556E+1	-2,289397E-2
8,582747E+1	-2,318175E-2
8,586110E+1	-2,252061E-2
8,581254E+1	-2,279311E-2
8,580138E+1	-2,258299E-2
8,575404E+1	-2,283283E-2
8,579216E+1	-2,293485E-2
8,574008E+1	-2,309210E-2
8,576426E+1	-2,294971E-2
8,572311E+1	-2,305328E-2
8,574259E+1	-2,299341E-2
8,568105E+1	-2,296523E-2
8,569976E+1	-2,286612E-2
8,566225E+1	-2,304327E-2
8,567064E+1	-2,293514E-2
8,561593E+1	-2,293160E-2
8,564272E+1	-2,293976E-2
8,559173E+1	-2,282004E-2
8,563305E+1	-2,263477E-2
8,557028E+1	-2,287576E-2
8,558011E+1	-2,289777E-2
8,552545E+1	-2,278965E-2
8,557027E+1	-2,301614E-2
8,550446E+1	-2,298028E-2
8,554503E+1	-2,319562E-2
8,547839E+1	-2,309457E-2
8,551288E+1	-2,291616E-2
8,544845E+1	-2,318949E-2
8,548632E+1	-2,331346E-2
8,543170E+1	-2,281817E-2
8,545942E+1	-2,301677E-2
8,538254E+1	-2,296187E-2
8,543334E+1	-2,304949E-2
8,536493E+1	-2,299424E-2
8,541539E+1	-2,320196E-2
8,534518E+1	-2,283310E-2
8,538050E+1	-2,336214E-2
8,529742E+1	-2,316208E-2
8,535163E+1	-2,319025E-2
8,527701E+1	-2,344464E-2
8,531341E+1	-2,309744E-2
8,525397E+1	-2,301667E-2
8,529065E+1	-2,303798E-2
8,521211E+1	-2,321064E-2
8,527034E+1	-2,290162E-2
8,520120E+1	-2,295531E-2
8,524471E+1	-2,283792E-2
8,515750E+1	-2,321616E-2
8,521677E+1	-2,318363E-2
8,513959E+1	-2,307529E-2
8,519901E+1	-2,327396E-2
8,511875E+1	-2,300993E-2
8,516923E+1	-2,318397E-2
8,508755E+1	-2,297411E-2
8,514473E+1	-2,314370E-2
8,506536E+1	-2,332190E-2
8,503660E+1	-2,310929E-2
8,509207E+1	-2,285349E-2
8,500600E+1	-2,328983E-2
8,507620E+1	-2,306256E-2
8,499215E+1	-2,305358E-2
8,504360E+1	-2,295153E-2
8,495730E+1	-2,301761E-2
8,501517E+1	-2,302483E-2
8,493678E+1	-2,306877E-2
8,499614E+1	-2,314287E-2
8,491524E+1	-2,307416E-2
8,496524E+1	-2,289314E-2
8,488281E+1	-2,305296E-2
8,494452E+1	-2,316211E-2
8,486474E+1	-2,331598E-2
8,491195E+1	-2,320507E-2
8,482467E+1	-2,324668E-2
8,488677E+1	-2,307028E-2
8,479680E+1	-2,285562E-2
8,485072E+1	-2,318813E-2
8,477661E+1	-2,313902E-2
8,482848E+1	-2,331388E-2
8,474426E+1	-2,320404E-2
8,480889E+1	-2,350884E-2
8,473235E+1	-2,346155E-2
8,478162E+1	-2,338432E-2
8,470429E+1	-2,327533E-2
8,475284E+1	-2,373187E-2
8,467590E+1	-2,344038E-2
8,474871E+1	-2,351781E-2
8,466370E+1	-2,354380E-2
8,469795E+1	-2,348169E-2
8,462157E+1	-2,351532E-2
8,467827E+1	-2,358246E-2
8,460041E+1	-2,354422E-2
8,465809E+1	-2,379917E-2
8,458658E+1	-2,365425E-2
8,462339E+1	-2,350254E-2
8,455271E+1	-2,336569E-2
8,460675E+1	-2,347643E-2
8,453750E+1	-2,324023E-2
8,458040E+1	-2,351178E-2
8,450759E+1	-2,367201E-2
8,455079E+1	-2,350800E-2
8,448432E+1	-2,329594E-2
8,454640E+1	-2,350842E-2
8,447243E+1	-2,344298E-2
8,451362E+1	-2,349802E-2
8,443673E+1	-2,353767E-2
8,449658E+1	-2,344971E-2
8,441467E+1	-2,336159E-2
8,446421E+1	-2,368506E-2
8,439952E+1	-2,337563E-2
8,443622E+1	-2,347444E-2
8,436587E+1	-2,351462E-2
8,442052E+1	-2,347009E-2
8,434951E+1	-2,367313E-2
8,438394E+1	-2,350184E-2
8,431022E+1	-2,352065E-2
8,436233E+1	-2,352176E-2
8,429298E+1	-2,350519E-2
8,434352E+1	-2,327372E-2
8,428475E+1	-2,354623E-2
8,430788E+1	-2,348431E-2
8,424962E+1	-2,345957E-2
8,430331E+1	-2,369990E-2
8,423039E+1	-2,371781E-2
8,427110E+1	-2,345501E-2
8,421206E+1	-2,353574E-2
8,424318E+1	-2,347798E-2
8,418217E+1	-2,360669E-2
8,423744E+1	-2,358574E-2
8,417174E+1	-2,344216E-2
8,419456E+1	-2,345593E-2
8,413125E+1	-2,354382E-2
8,417759E+1	-2,379303E-2
8,412518E+1	-2,353519E-2
8,415265E+1	-2,344995E-2
8,410476E+1	-2,341264E-2
8,413044E+1	-2,360819E-2
8,411164E+1	-2,366662E-2
8,405823E+1	-2,367818E-2
8,408135E+1	-2,359188E-2
8,403368E+1	-2,376288E-2
8,406654E+1	-2,368369E-2
8,401069E+1	-2,349160E-2
8,405101E+1	-2,346770E-2
8,399219E+1	-2,356565E-2
8,400746E+1	-2,364378E-2
8,396495E+1	-2,350793E-2
8,400771E+1	-2,389226E-2
8,395587E+1	-2,347659E-2
8,395955E+1	-2,361565E-2
8,392333E+1	-2,387133E-2
8,393829E+1	-2,371659E-2
8,391135E+1	-2,362156E-2
8,392968E+1	-2,390605E-2
8,389554E+1	-2,381513E-2
8,388604E+1	-2,364062E-2
8,385961E+1	-2,386307E-2
8,388970E+1	-2,371223E-2
8,386418E+1	-2,393414E-2
8,385391E+1	-2,372459E-2
8,382693E+1	-2,384465E-2
8,383340E+1	-2,372167E-2
8,382305E+1	-2,372184E-2
8,383029E+1	-2,401278E-2
8,380115E+1	-2,395386E-2
8,378423E+1	-2,382986E-2
8,377132E+1	-2,366734E-2
8,378520E+1	-2,389999E-2
8,375664E+1	-2,389365E-2
8,375631E+1	-2,373665E-2
8,373736E+1	-2,413839E-2
8,372241E+1	-2,389884E-2
8,371146E+1	-2,383520E-2
8,372352E+1	-2,403150E-2
8,369284E+1	-2,392223E-2
8,367609E+1	-2,381581E-2
8,367086E+1	-2,375671E-2
8,366091E+1	-2,375016E-2
8,366893E+1	-2,424814E-2
8,365533E+1	-2,393867E-2
8,363240E+1	-2,386093E-2
8,360960E+1	-2,381755E-2
8,362418E+1	-2,389551E-2
8,361581E+1	-2,390179E-2
8,360401E+1	-2,389710E-2
8,359513E+1	-2,421437E-2
8,357756E+1	-2,379863E-2
8,356170E+1	-2,395562E-2
8,357640E+1	-2,399491E-2
8,356068E+1	-2,390179E-2
8,355211E+1	-2,424058E-2
8,351285E+1	-2,379834E-2
8,352667E+1	-2,381363E-2
8,350532E+1	-2,398059E-2
8,351062E+1	-2,401219E-2
8,349683E+1	-2,420822E-2
8,349418E+1	-2,398254E-2
8,345363E+1	-2,409109E-2
8,347018E+1	-2,415354E-2
8,345153E+1	-2,417604E-2
8,344846E+1	-2,425810E-2
8,342635E+1	-2,413701E-2
8,343428E+1	-2,423613E-2
8,340227E+1	-2,427993E-2
8,343045E+1	-2,431539E-2
8,339964E+1	-2,422907E-2
8,339299E+1	-2,420750E-2
8,335877E+1	-2,418602E-2
8,339125E+1	-2,413632E-2
8,335393E+1	-2,410744E-2
8,338083E+1	-2,415991E-2
8,334155E+1	-2,425531E-2
8,336417E+1	-2,427449E-2
8,330954E+1	-2,417815E-2
8,335475E+1	-2,415124E-2
8,330598E+1	-2,419921E-2
8,330843E+1	-2,408025E-2
8,326773E+1	-2,401926E-2
8,331264E+1	-2,430299E-2
8,325356E+1	-2,419597E-2
8,329580E+1	-2,425408E-2
8,324983E+1	-2,430564E-2
8,326230E+1	-2,403202E-2
8,321097E+1	-2,354816E-2
8,326040E+1	-2,366656E-2
8,319798E+1	-2,387023E-2
8,324604E+1	-2,390872E-2
8,322240E+1	-2,387629E-2
8,316638E+1	-2,411775E-2
8,321567E+1	-2,394194E-2
8,314964E+1	-2,395499E-2
8,318120E+1	-2,396408E-2
8,311703E+1	-2,385786E-2
8,317625E+1	-2,401490E-2
8,310626E+1	-2,385177E-2
8,316344E+1	-2,401338E-2
8,309296E+1	-2,394229E-2
8,313805E+1	-2,392610E-2
8,306985E+1	-2,383042E-2
8,312785E+1	-2,411171E-2
8,306138E+1	-2,390465E-2
8,309901E+1	-2,392255E-2
8,302863E+1	-2,358338E-2
8,308722E+1	-2,399623E-2
8,301370E+1	-2,384146E-2
8,307387E+1	-2,376326E-2
8,301493E+1	-2,392620E-2
8,305925E+1	-2,384209E-2
8,298176E+1	-2,410737E-2
8,304484E+1	-2,364472E-2
8,297118E+1	-2,423784E-2
8,302478E+1	-2,383626E-2
8,295370E+1	-2,379436E-2
8,301143E+1	-2,405675E-2
8,293324E+1	-2,396612E-2
8,299552E+1	-2,371607E-2
8,292315E+1	-2,431088E-2
8,297840E+1	-2,388708E-2
8,288686E+1	-2,402794E-2
8,296103E+1	-2,398496E-2
8,287963E+1	-2,429402E-2
8,294586E+1	-2,390817E-2
8,287338E+1	-2,365499E-2
8,292238E+1	-2,370914E-2
8,284560E+1	-2,412824E-2
8,291199E+1	-2,419688E-2
8,283546E+1	-2,415362E-2
8,289657E+1	-2,386033E-2
8,281755E+1	-2,397678E-2
8,287489E+1	-2,390286E-2
8,279153E+1	-2,371826E-2
8,286569E+1	-2,401710E-2
8,278503E+1	-2,415176E-2
8,283887E+1	-2,412320E-2
8,275543E+1	-2,397676E-2
8,281641E+1	-2,401211E-2
8,274128E+1	-2,424306E-2
8,280938E+1	-2,400989E-2
8,273685E+1	-2,399045E-2
8,279103E+1	-2,427398E-2
8,271389E+1	-2,399935E-2
8,278018E+1	-2,430337E-2
8,271289E+1	-2,413458E-2
8,276197E+1	-2,402758E-2
8,267617E+1	-2,406658E-2
8,273970E+1	-2,384814E-2
8,266572E+1	-2,391288E-2
8,272532E+1	-2,376176E-2
8,265885E+1	-2,366992E-2
8,270858E+1	-2,405630E-2
8,263176E+1	-2,389203E-2
8,269908E+1	-2,398682E-2
8,262321E+1	-2,396563E-2
8,267890E+1	-2,420871E-2
8,260925E+1	-2,415279E-2
8,266421E+1	-2,416402E-2
8,259215E+1	-2,411381E-2
8,266397E+1	-2,412441E-2
8,258688E+1	-2,403203E-2
8,263259E+1	-2,410353E-2
8,255743E+1	-2,427138E-2
8,261909E+1	-2,399332E-2
8,254568E+1	-2,410332E-2
8,259862E+1	-2,434475E-2
8,253916E+1	-2,420218E-2
8,257790E+1	-2,401101E-2
8,251656E+1	-2,413993E-2
8,257897E+1	-2,438725E-2
8,250949E+1	-2,420732E-2
8,255385E+1	-2,378785E-2
8,248305E+1	-2,418297E-2
8,253303E+1	-2,416554E-2
8,247019E+1	-2,397500E-2
8,253571E+1	-2,422993E-2
8,246606E+1	-2,401943E-2
8,250294E+1	-2,429927E-2
8,243188E+1	-2,426950E-2
8,249603E+1	-2,392521E-2
8,242414E+1	-2,421346E-2
8,247553E+1	-2,446065E-2
8,241888E+1	-2,404486E-2
8,245803E+1	-2,392850E-2
8,239671E+1	-2,421016E-2
8,245759E+1	-2,425771E-2
8,239136E+1	-2,416962E-2
8,242889E+1	-2,443266E-2
8,237082E+1	-2,432932E-2
8,241614E+1	-2,439701E-2
8,235821E+1	-2,440468E-2
8,241064E+1	-2,426943E-2
8,235317E+1	-2,405958E-2
8,237723E+1	-2,412986E-2
8,232963E+1	-2,429084E-2
8,238278E+1	-2,413497E-2
8,232964E+1	-2,439608E-2
8,234633E+1	-2,434971E-2
8,231022E+1	-2,422066E-2
8,234204E+1	-2,445271E-2
8,228918E+1	-2,434398E-2
8,233923E+1	-2,429132E-2
8,228434E+1	-2,433969E-2
8,230827E+1	-2,454998E-2
8,225284E+1	-2,451837E-2
8,229644E+1	-2,440905E-2
8,226027E+1	-2,425040E-2
8,228370E+1	-2,430625E-2
8,224522E+1	-2,435852E-2
8,225373E+1	-2,431325E-2
8,223797E+1	-2,445638E-2
8,226248E+1	-2,446714E-2
8,221750E+1	-2,524015E-2
8,223500E+1	-2,999110E-2
8,220181E+1	-3,851578E-2
8,222048E+1	-4,425660E-2
8,219780E+1	-4,429208E-2
8,221796E+1	-5,218765E-2
8,218886E+1	-4,804118E-2
8,218326E+1	-3,215977E-2
8,215981E+1	-3,047764E-2
8,219335E+1	-2,132208E-2
8,215497E+1	-1,564640E-2
8,217749E+1	-1,490240E-2
8,214890E+1	-1,341769E-2
8,214778E+1	-1,343404E-2
8,213345E+1	-1,146194E-2
8,215612E+1	-1,106314E-2
8,211668E+1	-1,158338E-2
8,211594E+1	-7,972866E-3
8,209937E+1	-3,974070E-3
8,210524E+1	-2,245125E-3
8,210568E+1	-1,938604E-3
8,210595E+1	-2,124805E-3
8,207626E+1	-1,518651E-3
8,207900E+1	-1,862576E-4
8,206373E+1	9,690174E-5
8,207948E+1	3,474551E-5
8,207127E+1	-1,361341E-4
8,206266E+1	4,603651E-5
8,204670E+1	-7,002526E-5
8,203980E+1	-3,265758E-4
8,205256E+1	-1,492339E-3
8,204378E+1	-1,861317E-3
8,202524E+1	-2,079185E-3
8,200326E+1	-6,399004E-4
8,201040E+1	-2,942145E-5
8,200303E+1	-5,291295E-5
8,200411E+1	1,183510E-4
8,199323E+1	-2,370919E-4
8,199434E+1	1,658222E-4
8,197174E+1	4,236772E-4
8,197714E+1	-1,558126E-4
8,198162E+1	7,939240E-5
8,196632E+1	1,861478E-4
8,195183E+1	4,008899E-5
8,195643E+1	7,989411E-5
8,193867E+1	-1,177818E-4
8,195862E+1	-2,040239E-4
8,194168E+1	3,073681E-4
8,192851E+1	8,608042E-5
8,190366E+1	2,200330E-5
8,193330E+1	-3,453956E-5
8,191308E+1	8,232592E-5
8,192783E+1	8,096283E-5
8,189929E+1	2,462992E-4
8,191428E+1	1,332356E-5
8,187840E+1	1,833912E-4
8,191796E+1	-2,311067E-4
8,188191E+1	1,619094E-4
8,188063E+1	-1,023478E-4
8,184949E+1	-1,940951E-5
8,188640E+1	-7,461564E-5
8,185288E+1	-9,404813E-5
8,188052E+1	1,350599E-4
8,184047E+1	1,136778E-5
8,186667E+1	2,912040E-4
8,181489E+1	1,119862E-4
8,186482E+1	-1,051513E-4
8,182151E+1	7,991658E-5
8,183013E+1	-5,018842E-5
8,179370E+1	1,438412E-4
8,183158E+1	5,209640E-4
8,178371E+1	-1,705787E-4
8,183677E+1	-1,892334E-4
8,178873E+1	-9,981677E-6
8,182527E+1	-3,367502E-4
8,176104E+1	1,251611E-4
8,180883E+1	-1,124242E-4
8,175626E+1	9,383105E-5
8,180213E+1	-8,383146E-5
8,174291E+1	6,868053E-5
8,178623E+1	-5,721743E-5
8,172782E+1	2,537260E-5
8,178378E+1	-2,123004E-5
8,172523E+1	9,355963E-5
8,175344E+1	-2,667876E-4
8,169350E+1	-1,177369E-4
8,175488E+1	-2,255392E-4
8,168921E+1	-1,922326E-4
8,173490E+1	-3,210558E-4
8,168465E+1	-2,203207E-4
8,173364E+1	-4,274951E-4
8,167034E+1	3,851890E-5
8,172318E+1	-9,526480E-5
8,166701E+1	-7,046076E-5
8,171894E+1	-2,675604E-4
8,164543E+1	-2,819454E-4
8,170364E+1	-1,261503E-4
8,163712E+1	-1,494900E-5
8,169960E+1	-1,494331E-4
8,163884E+1	-1,337153E-4
8,168746E+1	-2,890078E-4
8,161261E+1	-9,015899E-5
8,167534E+1	-1,328159E-4
8,160586E+1	-2,388167E-4
8,166890E+1	1,715416E-4
8,159928E+1	5,761940E-5
8,165540E+1	-2,793818E-4
8,158073E+1	-1,417526E-4
8,164544E+1	6,571325E-5
8,157449E+1	-1,417341E-4
8,163376E+1	-1,580345E-4
8,156050E+1	-3,589419E-4
8,162482E+1	-2,228221E-4
8,154797E+1	-6,500957E-5
8,161599E+1	-1,473664E-4
8,154542E+1	-1,597827E-4
8,160475E+1	1,794772E-5
8,152302E+1	2,909681E-5
8,159634E+1	-1,148846E-4
8,151547E+1	-2,534451E-4
8,158077E+1	-9,493289E-5
8,151217E+1	2,128826E-4
8,157569E+1	-1,551798E-4
8,149427E+1	-1,545922E-4
8,156354E+1	-1,200088E-4
8,149474E+1	-4,314597E-4
8,155159E+1	-2,989356E-5
8,148192E+1	1,060079E-5
8,154160E+1	-3,567678E-4
8,146671E+1	-2,082172E-4
8,154436E+1	-8,322920E-5
8,146807E+1	-2,210692E-4
8,151795E+1	-4,471362E-5
8,144470E+1	4,339316E-5
8,151244E+1	-1,274119E-4
8,143622E+1	3,166427E-5
8,150229E+1	-1,348338E-5
8,143518E+1	-3,118034E-4
8,149096E+1	-1,460699E-4
8,141666E+1	-5,572084E-5
8,148397E+1	-3,082137E-4
8,141965E+1	-3,921355E-4
8,147021E+1	-1,285601E-4
8,139118E+1	-1,688266E-4
8,145122E+1	-8,335580E-5
8,138764E+1	-5,486543E-6
8,145659E+1	-1,417860E-4
8,139383E+1	9,816891E-6
8,143721E+1	-1,249059E-4
8,136900E+1	9,854862E-5
8,143093E+1	-3,276969E-4
8,136841E+1	4,721820E-5
8,141871E+1	-9,906180E-5
8,135000E+1	8,488985E-5
8,141137E+1	-2,503037E-4
8,134037E+1	-1,048102E-4
8,141220E+1	-1,533916E-4
8,134367E+1	-2,771178E-4
8,138728E+1	-1,992316E-4
8,131554E+1	-1,247450E-4
8,138039E+1	-2,930238E-4
8,131326E+1	-2,810914E-4
8,136775E+1	-7,815691E-5
8,131429E+1	-2,096983E-4
8,135508E+1	-3,893260E-4
8,129786E+1	-2,098615E-4
8,136058E+1	-2,454838E-4
8,129281E+1	-1,241142E-4
8,132924E+1	-4,167849E-5
8,127405E+1	-3,807839E-4
8,132726E+1	-1,489977E-4
8,126721E+1	-2,958150E-4
8,133303E+1	-4,123484E-4
8,126923E+1	-5,071617E-4
8,130774E+1	-2,823019E-4
8,124618E+1	-3,154739E-4
8,130326E+1	-2,685657E-4
8,124164E+1	-1,104755E-4
8,128866E+1	-4,177553E-4
8,124294E+1	-1,568241E-4
8,128502E+1	-3,728808E-4
8,123789E+1	-4,026902E-4
8,127865E+1	-2,843833E-4
8,122714E+1	-2,212555E-4
8,126252E+1	-2,509197E-4
8,121282E+1	-2,370717E-4
8,126159E+1	-4,526774E-4
8,120249E+1	-3,247225E-4
8,125886E+1	-5,732147E-4
8,120274E+1	-3,912183E-4
8,122594E+1	-2,172821E-4
8,118630E+1	-3,295894E-4
8,123768E+1	-1,295501E-4
8,119227E+1	-6,280836E-4
8,120379E+1	-4,080022E-4
8,117380E+1	-8,409195E-5
8,120278E+1	-3,896845E-4
8,115974E+1	-1,168961E-4
8,120902E+1	-3,385789E-4
8,115684E+1	-4,410229E-4
8,117804E+1	-2,146924E-4
8,113567E+1	-4,367308E-4
8,117131E+1	-6,016067E-4
8,114576E+1	-3,959724E-4
8,116993E+1	-3,106418E-4
8,113238E+1	-5,460051E-4
8,115188E+1	-3,570844E-4
8,111843E+1	-3,375090E-4
8,115562E+1	-3,753920E-4
8,112250E+1	-2,994196E-4
8,113024E+1	-3,102890E-4
8,110783E+1	-3,303152E-4
8,112531E+1	-3,329847E-4
8,110594E+1	-5,684552E-4
8,113173E+1	-4,079666E-4
8,109416E+1	-3,472196E-4
8,110659E+1	-4,694167E-4
8,108173E+1	-2,036129E-4
8,110444E+1	-4,209027E-4
8,108875E+1	-5,978625E-4
8,110579E+1	-4,557681E-4
8,107328E+1	-3,403577E-4
8,107243E+1	3,963875E-3
8,107393E+1	-3,243931E-4
8,109364E+1	-3,186027E-4
8,106604E+1	-5,891803E-4
8,105704E+1	-5,764472E-4
8,105708E+1	-5,089380E-4
8,106692E+1	-4,045185E-4
8,106715E+1	-2,072975E-4
8,106042E+1	-3,974696E-4
8,104250E+1	-5,125897E-4
8,103740E+1	-2,836167E-4
8,103347E+1	-5,496284E-4
8,104008E+1	-2,839605E-4
8,103816E+1	-3,162618E-4
8,103002E+1	-2,270284E-4
8,102081E+1	-3,522940E-4
8,101394E+1	-7,787438E-4
8,102288E+1	-4,997694E-4
8,102078E+1	-3,189680E-4
8,101488E+1	-2,442874E-4
8,098707E+1	-3,642480E-4
8,100465E+1	-3,413018E-4
8,099678E+1	-5,014709E-4
8,100388E+1	-4,192598E-4
8,099320E+1	-4,876713E-4
8,099776E+1	-5,646869E-4
8,097284E+1	-4,749965E-4
8,098600E+1	-4,079594E-4
8,098100E+1	-5,070831E-4
8,097887E+1	-5,294932E-4
8,096364E+1	-4,218154E-4
8,097661E+1	-3,791596E-4
8,095132E+1	-3,213932E-4
8,098173E+1	-4,901041E-4
8,096063E+1	-6,008938E-4
8,095007E+1	-4,221973E-4
8,092441E+1	-5,276491E-4
8,095825E+1	-4,826545E-4
8,093006E+1	-3,730967E-4
8,095780E+1	-2,686514E-4
8,093128E+1	-4,426486E-4
8,094241E+1	-1,665431E-4
8,091051E+1	-4,757329E-4
8,094200E+1	-3,355941E-4
8,091829E+1	-6,051431E-4
8,094285E+1	-3,805410E-4
8,089731E+1	-2,828777E-4
8,093388E+1	-4,082385E-4
8,089321E+1	-2,064335E-4
8,093014E+1	-5,707749E-4
8,089849E+1	-6,234839E-4
8,091963E+1	-5,457143E-4
8,086645E+1	-4,962992E-4
8,091516E+1	-6,645754E-4
8,087115E+1	-6,155740E-4
8,090710E+1	-5,519270E-4
8,087063E+1	-4,731369E-4
8,090241E+1	-5,911961E-4
8,085070E+1	-4,810976E-4
8,090250E+1	-3,768503E-4
8,086087E+1	-5,619679E-4
8,090133E+1	-4,689454E-4
8,082942E+1	-4,441733E-4
8,088890E+1	-5,215678E-4
8,083301E+1	-6,188859E-4
8,089096E+1	-3,350232E-4
8,083215E+1	-5,208396E-4
8,087690E+1	-4,824935E-4
8,080656E+1	-3,692843E-4
8,087516E+1	-3,371905E-4
8,081713E+1	-5,194861E-4
8,085472E+1	-4,550606E-4
8,079548E+1	-6,099632E-4
8,086184E+1	-2,895534E-4
8,079151E+1	-5,970641E-4
8,085704E+1	-4,011268E-4
8,079965E+1	-6,715333E-4
8,085122E+1	-4,758786E-4
8,077779E+1	-3,632051E-4
8,083897E+1	-4,928902E-4
8,077293E+1	-5,376104E-4
8,083685E+1	-6,345510E-4
8,077004E+1	-6,396220E-4
8,082659E+1	-4,478915E-4
8,075637E+1	-5,813048E-4
8,082309E+1	-7,201951E-4
8,076027E+1	6,013735E-4
8,081673E+1	1,553808E-3
8,074271E+1	1,556110E-3
8,081075E+1	1,561666E-3
8,073447E+1	2,125839E-3
8,081423E+1	3,579905E-3
8,073873E+1	4,005119E-3
8,079930E+1	-1,412635E-3
8,072111E+1	-1,359506E-2
8,078913E+1	-1,214954E-2
8,071995E+1	-8,291823E-3
8,078505E+1	-7,459615E-3
8,071428E+1	-7,122330E-3
8,077725E+1	-7,538216E-3
8,070240E+1	-6,909924E-3
8,077988E+1	-3,173095E-3
8,070456E+1	-2,625973E-3
8,076673E+1	1,205490E-3
8,068761E+1	1,854235E-3
8,075465E+1	1,690415E-3
8,068366E+1	1,195001E-3
8,075242E+1	-4,737755E-3
8,068721E+1	-3,711485E-3
8,075187E+1	-1,076294E-3
8,067357E+1	-3,499256E-4
8,074485E+1	-8,748198E-4
8,067665E+1	-6,850453E-4
8,073473E+1	-4,850727E-4
8,065399E+1	-2,672904E-4
8,072479E+1	-5,868538E-4
8,065180E+1	-4,516225E-4
8,073218E+1	-7,978428E-4
8,065834E+1	-5,910864E-4
8,071409E+1	1,502933E-3
8,064099E+1	1,766063E-3
8,070899E+1	3,822892E-4
8,063830E+1	-3,935838E-4
8,070096E+1	-7,196681E-4
8,063870E+1	-6,124598E-4
8,068954E+1	-4,016331E-4
8,062082E+1	-6,858482E-4
8,069872E+1	-6,374868E-4
8,062645E+1	-1,314349E-3
8,067594E+1	-8,902458E-4
8,060858E+1	-7,349106E-4
8,067699E+1	-6,012618E-4
8,060532E+1	-5,051989E-4
8,066546E+1	1,122266E-3
8,060887E+1	3,801028E-3
8,065288E+1	1,247478E-3
8,059242E+1	-2,024783E-3
8,066657E+1	-2,036722E-3
8,060044E+1	-9,885764E-4
8,063762E+1	-4,844809E-4
8,057775E+1	-8,489124E-4
8,063539E+1	-4,579693E-4
8,057393E+1	-8,176535E-4
8,064318E+1	-6,127041E-4
8,057706E+1	-9,701466E-4
8,061909E+1	-6,994992E-4
8,055902E+1	-7,544664E-4
8,061896E+1	-7,003874E-4
8,055696E+1	-3,744398E-4
8,060975E+1	-6,218237E-3
8,056064E+1	1,567207E-3
8,060212E+1	1,352531E-3
8,055079E+1	1,082439E-3
8,061859E+1	-5,804231E-4
8,055804E+1	-7,658118E-4
8,058669E+1	-8,016000E-4
8,052856E+1	-1,133560E-3
8,058906E+1	-8,814833E-4
8,053406E+1	3,839362E-4
8,057735E+1	-5,919502E-4
8,053180E+1	-4,854843E-4
8,057777E+1	1,439360E-3
8,052354E+1	1,198287E-3
8,057751E+1	1,248771E-3
8,052482E+1	1,436569E-3
8,056336E+1	1,976591E-4
8,051661E+1	-2,007248E-4
8,056536E+1	-9,149593E-5
8,050762E+1	-1,602009E-4
8,056728E+1	9,587268E-5
8,051392E+1	4,355953E-5
8,053467E+1	6,528452E-5
8,050004E+1	2,496763E-5
8,055280E+1	6,182842E-5
8,050563E+1	-2,132475E-5
8,053142E+1	-3,524088E-5
8,049716E+1	-2,697833E-5
8,052911E+1	-1,263292E-4
8,049684E+1	-2,315267E-4
8,053251E+1	4,180057E-5
8,049612E+1	-1,497931E-4
8,050370E+1	-2,727721E-5
8,047927E+1	6,202466E-5
8,052347E+1	8,481787E-5
8,047779E+1	5,425161E-5
8,049463E+1	-9,840050E-5
8,047471E+1	1,577882E-5
8,048622E+1	-1,245905E-6
8,046970E+1	-1,926630E-4
8,050614E+1	-3,201067E-5
8,046262E+1	-1,053325E-4
8,047768E+1	-9,783585E-5
8,045329E+1	1,043881E-4
8,047314E+1	-1,315875E-4
8,046994E+1	-1,424495E-4
8,048365E+1	-1,650033E-4
8,044903E+1	-3,040471E-4
8,045825E+1	-7,344960E-5
8,045196E+1	-3,476484E-5
8,047946E+1	-3,073962E-4
8,044670E+1	-2,323301E-4
8,044916E+1	-3,188570E-4
8,044285E+1	-1,445718E-4
8,044737E+1	-1,894854E-4
8,045359E+1	1,180833E-4
8,045788E+1	-3,754132E-4
8,043323E+1	-1,030538E-4
8,043633E+1	7,450075E-6
8,042570E+1	-5,781655E-5
8,044516E+1	-6,264800E-6
8,043759E+1	-1,727455E-4
8,043555E+1	-1,289179E-4
8,042138E+1	1,231795E-4
8,042377E+1	-1,328389E-4
8,042856E+1	1,775089E-4
8,043399E+1	-1,522219E-4
8,042238E+1	-2,947970E-4
8,040301E+1	-3,226669E-4
8,041273E+1	-2,791191E-5
8,041029E+1	-3,737869E-4
8,042785E+1	-6,402913E-5
8,041115E+1	-3,371621E-4
8,040242E+1	-3,633863E-4
8,039217E+1	-2,888349E-4
8,039960E+1	-2,331705E-4
8,040545E+1	-2,948229E-4
8,040454E+1	-3,219353E-4
8,038852E+1	-5,156237E-4
8,040084E+1	-2,844655E-4
8,037613E+1	6,566076E-5
8,041303E+1	-2,881510E-4
8,038924E+1	-1,499338E-4
8,038180E+1	-3,074208E-4
8,036606E+1	-2,419259E-4
8,040651E+1	-1,869263E-4
8,036477E+1	-1,566852E-4
8,039779E+1	-2,021612E-4
8,037258E+1	-1,571142E-4
8,038096E+1	-2,197697E-4
8,035511E+1	-2,252192E-4
8,038177E+1	-4,630655E-4
8,036532E+1	-4,951671E-4
8,037684E+1	-5,016577E-5
8,033746E+1	-1,111055E-4
8,037293E+1	-2,574368E-4
8,034236E+1	-1,334842E-4
8,039101E+1	-3,125987E-4
8,034748E+1	-3,983249E-4
8,036286E+1	-2,882692E-4
8,032383E+1	-5,042827E-4
8,037336E+1	-3,635221E-4
8,032787E+1	-1,519371E-4
8,034686E+1	-8,411248E-5
8,031723E+1	-1,335432E-4
8,036166E+1	-1,590115E-4
8,031543E+1	-2,318774E-4
8,035925E+1	-1,228113E-4
8,031504E+1	-2,891556E-5
8,034726E+1	-1,467343E-4
8,029791E+1	-1,614421E-4
8,034940E+1	2,315654E-5
8,029675E+1	8,081543E-5
8,034084E+1	3,394382E-5
8,030679E+1	-4,773161E-4
8,034404E+1	-7,768576E-6
8,028807E+1	-2,102499E-4
8,034320E+1	-2,398697E-4
8,029801E+1	-2,106497E-4
8,032735E+1	-3,124228E-4
8,027367E+1	-2,513737E-4
8,033628E+1	-1,511146E-6
8,027707E+1	-1,457682E-4
8,033573E+1	-2,855626E-4
8,028414E+1	-2,533692E-4
8,032666E+1	-4,606664E-4
8,025972E+1	-2,486172E-4
8,033117E+1	-5,348987E-4
8,026730E+1	-3,253105E-4
8,031858E+1	-4,088929E-4
8,025905E+1	-3,079109E-4
8,032200E+1	-3,908645E-4
8,025306E+1	-2,923681E-4
8,032018E+1	-4,372331E-5
8,026440E+1	-4,209498E-4
8,031816E+1	-2,359085E-4
8,024253E+1	-2,451422E-4
8,030923E+1	-1,346147E-4
8,024108E+1	-3,247926E-4
8,030954E+1	-5,805887E-4
8,024324E+1	-6,044944E-4
8,030275E+1	-1,073403E-4
8,023108E+1	-2,273117E-4
8,030303E+1	-5,696971E-4
8,023382E+1	-5,411280E-4
8,029283E+1	-1,647319E-4
8,022276E+1	-7,413421E-5
8,029142E+1	-1,630167E-4
8,021546E+1	-2,343312E-4
8,025479E+1	7,966712E-5
8,022084E+1	-3,822014E-4
8,023434E+1	-3,603355E-4
8,022766E+1	-3,327863E-4
8,025276E+1	-4,233678E-4
8,022554E+1	-2,644454E-4
8,022145E+1	-1,014861E-4
8,022147E+1	-4,595887E-4
8,022213E+1	-3,686477E-4
8,021434E+1	-2,565201E-4
8,023165E+1	-2,030327E-4
8,021287E+1	-4,496233E-4
8,020598E+1	-4,598971E-4
8,021167E+1	-7,375764E-4
8,022720E+1	-6,539477E-4
8,021283E+1	-8,243110E-4
8,020043E+1	-9,655237E-4
8,020728E+1	-6,971551E-4
8,019702E+1	-2,027883E-4
8,022138E+1	1,048638E-3
8,021078E+1	1,264600E-3
8,019635E+1	1,168707E-3
8,018660E+1	1,325759E-3
8,019354E+1	1,838080E-4
8,019176E+1	-4,748014E-4
8,020900E+1	-1,285732E-4
8,019745E+1	-3,712603E-4
8,019279E+1	-5,246712E-4
8,017606E+1	-3,667792E-4
8,020388E+1	-3,724221E-4
8,019235E+1	-3,691500E-4
8,020019E+1	-2,935113E-4
8,016270E+1	-4,176119E-4
8,019397E+1	-4,081191E-4
8,017319E+1	-3,239627E-4
8,019036E+1	-1,714253E-4
8,017704E+1	-3,361507E-4
8,018659E+1	-5,036242E-4
8,014856E+1	-1,369474E-4
8,018062E+1	-3,589715E-4
8,015857E+1	-3,829866E-4
8,018588E+1	1,473556E-4
8,016279E+1	1,825706E-4
8,018436E+1	-1,495122E-4
8,014775E+1	1,470819E-4
8,017394E+1	2,898117E-5
8,015357E+1	-1,555646E-4
8,017048E+1	5,154456E-5
8,013152E+1	-1,080060E-4
8,016956E+1	4,535571E-6
8,013472E+1	1,002222E-4
8,018821E+1	-1,031664E-3
8,014068E+1	-1,249589E-3
8,015838E+1	-1,036992E-3
8,011774E+1	-9,594616E-4
8,017022E+1	-1,207555E-3
8,012059E+1	-7,034477E-4
8,016781E+1	-1,327723E-4
8,011809E+1	5,063518E-4
8,016215E+1	5,797965E-4
8,011302E+1	-3,295239E-4
8,015965E+1	-3,720529E-4
8,011212E+1	-2,223613E-4
8,015292E+1	-3,567914E-4
8,009164E+1	-3,837624E-4
8,015236E+1	1,845934E-4
8,009973E+1	8,473480E-4
8,015831E+1	-4,661528E-4
8,010289E+1	-5,301831E-4
8,014813E+1	-7,122631E-4
8,008279E+1	-1,351877E-3
8,014948E+1	-1,100713E-3
8,009344E+1	-9,219675E-4
8,013258E+1	-9,388548E-4
8,009112E+1	-9,310246E-4
8,014051E+1	-1,095422E-3
8,007815E+1	-1,106955E-3
8,014681E+1	-9,084211E-4
8,008869E+1	-1,007401E-3
8,012965E+1	-1,202507E-3
8,005994E+1	-1,124651E-3
8,013010E+1	-1,512899E-3
8,006172E+1	-1,281387E-3
8,013203E+1	-1,327866E-3
8,006419E+1	-1,142375E-3
8,012306E+1	-1,208187E-3
8,005574E+1	-1,317561E-3
8,012039E+1	-1,257553E-3
8,005273E+1	-1,250102E-3
8,011855E+1	-3,110668E-3
8,005183E+1	-5,434072E-4
8,011412E+1	7,977491E-4
8,004387E+1	9,136339E-4
8,011240E+1	8,023235E-4
8,005201E+1	-3,283411E-3
8,010751E+1	-3,265194E-3
8,003223E+1	-2,945578E-3
8,010621E+1	1,588539E-3
8,003509E+1	1,996297E-3
8,010107E+1	1,881804E-3
8,004298E+1	1,791471E-3
8,009957E+1	1,676620E-3
8,002580E+1	1,087206E-3
8,009642E+1	8,933670E-4
8,002472E+1	6,078398E-5
8,009425E+1	-4,678250E-4
8,002922E+1	9,618032E-4
8,008315E+1	9,732757E-4
8,001682E+1	-3,659796E-4
8,008985E+1	-5,403327E-3
8,002844E+1	-5,699888E-3
8,008736E+1	-5,722805E-3
8,001039E+1	-5,693756E-3
8,007205E+1	-5,760622E-3
8,001315E+1	-5,557648E-3
8,007832E+1	-5,833594E-3
8,002009E+1	-5,535467E-3
8,007815E+1	-4,144567E-3
8,001108E+1	-3,448731E-3
8,008041E+1	-1,896047E-3
8,001084E+1	-2,705576E-3
8,007049E+1	-3,337421E-3
8,000117E+1	-3,328171E-3
8,006715E+1	-1,641438E-3
8,000168E+1	9,554456E-4
8,007664E+1	-2,091333E-4
8,000523E+1	-1,296827E-3
8,005729E+1	-1,646677E-3
7,999326E+1	-1,198289E-3
8,005626E+1	-4,466176E-4
7,998857E+1	8,077341E-4
8,005110E+1	-7,849695E-4
7,999280E+1	-1,432014E-3
8,004185E+1	-9,549504E-4
7,998234E+1	7,792129E-4
8,005850E+1	1,251762E-3
7,999049E+1	7,302512E-4
8,003692E+1	1,069195E-3
7,996942E+1	1,125683E-3
8,004065E+1	-2,553400E-3
7,997575E+1	-3,398070E-3
8,003135E+1	-3,056012E-3
7,998289E+1	-1,482011E-3
8,003046E+1	-1,402843E-3
7,996765E+1	-9,615020E-4
8,003439E+1	-4,858806E-4
7,997582E+1	7,488854E-4
8,002218E+1	-2,463032E-4
7,996885E+1	-4,812831E-4
8,001469E+1	-4,096901E-4
7,995952E+1	-4,129226E-4
8,003041E+1	-5,662801E-4
7,996936E+1	-4,667305E-4
8,000862E+1	-2,830893E-4
7,995553E+1	-4,532988E-4
8,001410E+1	-4,459042E-4
7,995566E+1	-4,207376E-4
8,000784E+1	-6,710700E-4
7,996181E+1	-5,322872E-4
8,000750E+1	-5,449619E-4
7,994911E+1	-2,678582E-4
8,000480E+1	-4,959367E-4
7,995408E+1	-4,211669E-4
7,999632E+1	-5,026804E-4
7,994429E+1	-7,335725E-4
7,999810E+1	-4,170917E-4
7,993966E+1	-4,412009E-4
7,999860E+1	-5,051408E-4
7,994649E+1	1,932539E-4
7,997972E+1	9,101941E-4
7,993241E+1	8,695084E-4
7,999373E+1	7,744733E-4
7,994134E+1	7,874323E-4
7,997298E+1	-7,956241E-4
7,993382E+1	-1,290348E-3
7,997093E+1	-1,117403E-3
7,993735E+1	1,171840E-3
7,998285E+1	1,092828E-3
7,993797E+1	1,024288E-3
7,995232E+1	2,430791E-4
7,992593E+1	1,335072E-4
7,997658E+1	-2,045222E-5
7,992305E+1	4,500817E-5
7,994772E+1	1,061853E-4
7,992918E+1	9,900104E-5
7,994975E+1	-2,093208E-4
7,992594E+1	-2,300136E-4
7,996794E+1	-1,487692E-4
7,992338E+1	-6,837889E-5
7,995061E+1	1,976022E-4
7,992090E+1	-6,163307E-5
7,995823E+1	-1,840544E-4
7,992221E+1	-3,070313E-4
7,995802E+1	-3,136297E-4
7,992402E+1	-1,391549E-4
7,993304E+1	-2,275420E-4
7,991275E+1	2,375092E-4
7,994464E+1	-1,233599E-4
7,993266E+1	-4,488769E-5
7,992924E+1	4,924812E-5
7,991239E+1	-4,071719E-5
7,992581E+1	-3,946011E-5
7,992674E+1	-3,728480E-4
7,994119E+1	-1,095344E-5
7,991871E+1	-3,389790E-5
7,991171E+1	4,814870E-5
7,990971E+1	-1,941662E-5
7,993238E+1	2,851120E-5
7,993252E+1	-2,576328E-4
7,992260E+1	-1,192085E-4
7,991274E+1	3,236939E-5
7,991063E+1	-8,002878E-5
7,990731E+1	7,178503E-5
7,992351E+1	2,000913E-4
7,989691E+1	-3,152839E-4
7,990420E+1	3,259533E-5
7,990206E+1	3,599593E-5
7,990159E+1	-1,468757E-4
7,991988E+1	-2,261194E-4
7,991496E+1	3,918749E-5
7,990158E+1	-2,467510E-4
7,989168E+1	-1,438833E-4
7,990405E+1	-3,625477E-4
7,991269E+1	-3,426461E-4
7,990776E+1	-2,254977E-4
7,989461E+1	-2,150232E-4
7,990433E+1	-1,863712E-4
7,988682E+1	-2,712248E-4
7,991982E+1	-4,323873E-4
7,990223E+1	-2,767191E-4
7,989140E+1	-2,458905E-4
7,987240E+1	-1,209959E-4
7,990940E+1	-6,015228E-5
7,988505E+1	1,124013E-4
7,990613E+1	-1,396478E-4
7,989193E+1	-1,851495E-4
7,990712E+1	-3,802897E-4
7,987636E+1	2,234907E-6
7,990000E+1	-4,821335E-4
7,988931E+1	-2,727454E-4
7,989363E+1	-1,992926E-4
7,986181E+1	-6,266872E-5
7,989329E+1	-9,160606E-5
