2,836917E+2	-3,715995E+0
2,831222E+2	-3,716632E+0
2,825314E+2	-3,716848E+0
2,819387E+2	-3,717366E+0
2,813641E+2	-3,717653E+0
2,807591E+2	-3,717903E+0
2,801586E+2	-3,718126E+0
2,795873E+2	-3,717718E+0
2,789802E+2	-3,717939E+0
2,783876E+2	-3,717681E+0
2,778170E+2	-3,717850E+0
2,772191E+2	-3,717758E+0
2,766506E+2	-3,717546E+0
2,760684E+2	-3,717214E+0
2,755033E+2	-3,717234E+0
2,749252E+2	-3,716799E+0
2,743484E+2	-3,716329E+0
2,738025E+2	-3,716039E+0
2,732394E+2	-3,715793E+0
2,726990E+2	-3,714957E+0
2,721782E+2	-3,714277E+0
2,716612E+2	-3,713924E+0
2,711253E+2	-3,713602E+0
2,706002E+2	-3,712463E+0
2,700573E+2	-3,711981E+0
2,695493E+2	-3,711539E+0
2,690057E+2	-3,711000E+0
2,684890E+2	-3,710347E+0
2,679339E+2	-3,709303E+0
2,673971E+2	-3,708857E+0
2,668638E+2	-3,707919E+0
2,663307E+2	-3,707041E+0
2,657696E+2	-3,706282E+0
2,652210E+2	-3,705573E+0
2,646743E+2	-3,704755E+0
2,641237E+2	-3,704274E+0
2,635594E+2	-3,703275E+0
2,630261E+2	-3,702655E+0
2,624501E+2	-3,701638E+0
2,619046E+2	-3,700542E+0
2,613612E+2	-3,699747E+0
2,608284E+2	-3,699082E+0
2,602675E+2	-3,698311E+0
2,597293E+2	-3,697440E+0
2,591905E+2	-3,696490E+0
2,586573E+2	-3,695305E+0
2,581070E+2	-3,694821E+0
2,575903E+2	-3,694012E+0
2,570622E+2	-3,693122E+0
2,565109E+2	-3,692420E+0
2,559871E+2	-3,691617E+0
2,554779E+2	-3,690898E+0
2,549317E+2	-3,689688E+0
2,544169E+2	-3,688865E+0
2,538985E+2	-3,688123E+0
2,533892E+2	-3,687486E+0
2,528542E+2	-3,686718E+0
2,523630E+2	-3,685725E+0
2,518511E+2	-3,685007E+0
2,513148E+2	-3,683730E+0
2,508017E+2	-3,683659E+0
2,503141E+2	-3,682664E+0
2,497820E+2	-3,682153E+0
2,492840E+2	-3,681435E+0
2,487753E+2	-3,680439E+0
2,482988E+2	-3,679969E+0
2,477522E+2	-3,679187E+0
2,472778E+2	-3,678463E+0
2,467755E+2	-3,677884E+0
2,462864E+2	-3,677398E+0
2,457638E+2	-3,676866E+0
2,452974E+2	-3,676271E+0
2,447833E+2	-3,675786E+0
2,443166E+2	-3,675206E+0
2,438215E+2	-3,674632E+0
2,433409E+2	-3,674158E+0
2,428284E+2	-3,673896E+0
2,423629E+2	-3,673065E+0
2,418479E+2	-3,672504E+0
2,413768E+2	-3,671916E+0
2,408871E+2	-3,671284E+0
2,404379E+2	-3,671194E+0
2,399327E+2	-3,670919E+0
2,394658E+2	-3,669905E+0
2,389887E+2	-3,669402E+0
2,385307E+2	-3,668918E+0
2,380478E+2	-3,668557E+0
2,375793E+2	-3,667987E+0
2,371100E+2	-3,667754E+0
2,366523E+2	-3,667000E+0
2,361780E+2	-3,666521E+0
2,357245E+2	-3,665951E+0
2,352343E+2	-3,664975E+0
2,348002E+2	-3,664533E+0
2,343334E+2	-3,664041E+0
2,338806E+2	-3,663562E+0
2,333928E+2	-3,663051E+0
2,329684E+2	-3,662429E+0
2,324893E+2	-3,662133E+0
2,320603E+2	-3,661428E+0
2,315979E+2	-3,661298E+0
2,311643E+2	-3,660696E+0
2,306892E+2	-3,659721E+0
2,302695E+2	-3,659288E+0
2,297964E+2	-3,658951E+0
2,293660E+2	-3,658557E+0
2,289156E+2	-3,657883E+0
2,285127E+2	-3,657308E+0
2,280425E+2	-3,656869E+0
2,276138E+2	-3,656341E+0
2,271724E+2	-3,656114E+0
2,267578E+2	-3,655385E+0
2,263121E+2	-3,655294E+0
2,259121E+2	-3,654820E+0
2,254571E+2	-3,654352E+0
2,245963E+2	-3,653424E+0
2,241855E+2	-3,653290E+0
2,237320E+2	-3,652900E+0
2,233370E+2	-3,652427E+0
2,229037E+2	-3,651912E+0
2,224897E+2	-3,651592E+0
2,220376E+2	-3,651200E+0
2,216527E+2	-3,650910E+0
2,212065E+2	-3,650491E+0
2,208135E+2	-3,650132E+0
2,203846E+2	-3,649520E+0
2,199867E+2	-3,649174E+0
2,195453E+2	-3,648964E+0
2,191620E+2	-3,648585E+0
2,187284E+2	-3,648136E+0
2,183322E+2	-3,648094E+0
2,179179E+2	-3,648366E+0
2,175537E+2	-3,648782E+0
2,171169E+2	-3,648917E+0
2,167214E+2	-3,648993E+0
2,163117E+2	-3,648419E+0
2,159231E+2	-3,647553E+0
2,155043E+2	-3,646683E+0
2,151003E+2	-3,645833E+0
2,146257E+2	-3,645212E+0
2,138667E+2	-3,643972E+0
2,125346E+2	-3,643051E+0
2,108364E+2	-3,641712E+0
2,090916E+2	-3,640424E+0
2,076089E+2	-3,639149E+0
2,062924E+2	-3,638376E+0
2,051274E+2	-3,638225E+0
2,041190E+2	-3,638282E+0
2,033396E+2	-3,637774E+0
2,025902E+2	-3,637514E+0
2,019840E+2	-3,637157E+0
2,014028E+2	-3,637143E+0
2,008773E+2	-3,637450E+0
2,003469E+2	-3,636928E+0
1,999016E+2	-3,636444E+0
1,994167E+2	-3,636126E+0
1,989761E+2	-3,636424E+0
1,985366E+2	-3,635501E+0
1,981488E+2	-3,635305E+0
1,976814E+2	-3,635007E+0
1,972973E+2	-3,634263E+0
1,968871E+2	-3,634055E+0
1,964983E+2	-3,633914E+0
1,960903E+2	-3,633177E+0
1,957284E+2	-3,632578E+0
1,953022E+2	-3,632091E+0
1,949159E+2	-3,631271E+0
1,945166E+2	-3,631101E+0
1,941617E+2	-3,630430E+0
1,937302E+2	-3,629972E+0
1,933753E+2	-3,629145E+0
1,929937E+2	-3,628337E+0
1,926254E+2	-3,627581E+0
1,922407E+2	-3,626994E+0
1,918884E+2	-3,626460E+0
1,914950E+2	-3,625741E+0
1,911508E+2	-3,625281E+0
1,907789E+2	-3,624343E+0
1,904223E+2	-3,623635E+0
1,900494E+2	-3,622981E+0
1,897265E+2	-3,622633E+0
1,893695E+2	-3,622105E+0
1,890023E+2	-3,621556E+0
1,886539E+2	-3,621034E+0
1,883290E+2	-3,620542E+0
1,879612E+2	-3,620453E+0
1,876202E+2	-3,619858E+0
1,872752E+2	-3,619484E+0
1,869388E+2	-3,619052E+0
1,865863E+2	-3,618524E+0
1,862705E+2	-3,618056E+0
1,859125E+2	-3,617705E+0
1,855831E+2	-3,617060E+0
1,852478E+2	-3,616803E+0
1,849262E+2	-3,615969E+0
1,845858E+2	-3,615359E+0
1,842775E+2	-3,614712E+0
1,839438E+2	-3,614196E+0
1,836180E+2	-3,613500E+0
1,832822E+2	-3,612833E+0
1,829724E+2	-3,612417E+0
1,826270E+2	-3,611807E+0
1,822990E+2	-3,611101E+0
1,819802E+2	-3,610428E+0
1,816818E+2	-3,609781E+0
1,813378E+2	-3,609241E+0
1,810322E+2	-3,608912E+0
1,807107E+2	-3,608079E+0
1,803911E+2	-3,607358E+0
1,800719E+2	-3,606924E+0
1,797741E+2	-3,606119E+0
1,794449E+2	-3,605703E+0
1,791284E+2	-3,605193E+0
1,788279E+2	-3,604498E+0
1,785369E+2	-3,603908E+0
1,782097E+2	-3,603181E+0
1,779139E+2	-3,602590E+0
1,776126E+2	-3,601968E+0
1,773026E+2	-3,601312E+0
1,769989E+2	-3,600910E+0
1,767082E+2	-3,600273E+0
1,764004E+2	-3,599610E+0
1,761083E+2	-3,599008E+0
1,758092E+2	-3,598613E+0
1,755097E+2	-3,598314E+0
1,752182E+2	-3,597776E+0
1,749356E+2	-3,597004E+0
1,746366E+2	-3,596575E+0
1,743344E+2	-3,596247E+0
1,740578E+2	-3,595818E+0
1,737778E+2	-3,594884E+0
1,734860E+2	-3,594785E+0
1,732045E+2	-3,594187E+0
1,729119E+2	-3,593473E+0
1,726050E+2	-3,593416E+0
1,723341E+2	-3,592665E+0
1,720539E+2	-3,592020E+0
1,717704E+2	-3,591723E+0
1,714806E+2	-3,591405E+0
1,712147E+2	-3,590794E+0
1,709195E+2	-3,590207E+0
1,706536E+2	-3,589645E+0
1,703760E+2	-3,589175E+0
1,701024E+2	-3,588813E+0
1,698687E+2	-3,588271E+0
1,696065E+2	-3,588130E+0
1,693254E+2	-3,587625E+0
1,690635E+2	-3,587496E+0
1,687832E+2	-3,587096E+0
1,685233E+2	-3,586542E+0
1,682351E+2	-3,586220E+0
1,679833E+2	-3,585741E+0
1,677092E+2	-3,585494E+0
1,674490E+2	-3,584876E+0
1,671601E+2	-3,584444E+0
1,669181E+2	-3,584315E+0
1,666491E+2	-3,584185E+0
1,663936E+2	-3,583743E+0
1,661067E+2	-3,583358E+0
1,658550E+2	-3,583387E+0
1,655728E+2	-3,582952E+0
1,653303E+2	-3,582615E+0
1,650539E+2	-3,582127E+0
1,647998E+2	-3,581855E+0
1,645258E+2	-3,581534E+0
1,642862E+2	-3,581915E+0
1,640002E+2	-3,581627E+0
1,637721E+2	-3,581420E+0
1,635041E+2	-3,581903E+0
1,632631E+2	-3,581913E+0
1,629836E+2	-3,581614E+0
1,627477E+2	-3,581809E+0
1,624768E+2	-3,581490E+0
1,622488E+2	-3,581368E+0
1,619830E+2	-3,581487E+0
1,617528E+2	-3,581284E+0
1,614805E+2	-3,581417E+0
1,612529E+2	-3,581088E+0
1,609871E+2	-3,581092E+0
1,607638E+2	-3,580985E+0
1,604865E+2	-3,580908E+0
1,602685E+2	-3,581027E+0
1,600046E+2	-3,580827E+0
1,597814E+2	-3,580860E+0
1,595088E+2	-3,580726E+0
1,592975E+2	-3,581039E+0
1,590266E+2	-3,583139E+0
1,588206E+2	-3,584968E+0
1,585584E+2	-3,591004E+0
1,583447E+2	-3,592666E+0
1,580739E+2	-3,593334E+0
1,578638E+2	-3,593840E+0
1,576041E+2	-3,594282E+0
1,573869E+2	-3,594597E+0
1,571187E+2	-3,594887E+0
1,569224E+2	-3,595358E+0
1,566565E+2	-3,595664E+0
1,564450E+2	-3,595979E+0
1,561795E+2	-3,596154E+0
1,559808E+2	-3,596481E+0
1,557165E+2	-3,596781E+0
1,555190E+2	-3,597294E+0
1,552512E+2	-3,597521E+0
1,550328E+2	-3,597816E+0
1,547752E+2	-3,597953E+0
1,545873E+2	-3,597823E+0
1,543228E+2	-3,598518E+0
1,541237E+2	-3,598814E+0
1,538683E+2	-3,599085E+0
1,536753E+2	-3,599497E+0
1,534164E+2	-3,599957E+0
1,532310E+2	-3,600036E+0
1,529685E+2	-3,600211E+0
1,527718E+2	-3,601077E+0
1,525222E+2	-3,601726E+0
1,523504E+2	-3,601973E+0
1,520793E+2	-3,602072E+0
1,518929E+2	-3,602659E+0
1,516403E+2	-3,603189E+0
1,514574E+2	-3,603669E+0
1,511906E+2	-3,608824E+0
1,510179E+2	-3,610788E+0
1,507690E+2	-3,611900E+0
1,505915E+2	-3,613189E+0
1,503422E+2	-3,614249E+0
1,501660E+2	-3,615278E+0
1,499179E+2	-3,616078E+0
1,497442E+2	-3,616737E+0
1,494918E+2	-3,617625E+0
1,493096E+2	-3,618437E+0
1,490699E+2	-3,618949E+0
1,489095E+2	-3,624018E+0
1,486497E+2	-3,629590E+0
1,484620E+2	-3,630719E+0
1,482244E+2	-3,631629E+0
1,480499E+2	-3,633187E+0
1,478056E+2	-3,633723E+0
1,476388E+2	-3,634731E+0
1,473977E+2	-3,635234E+0
1,472190E+2	-3,636369E+0
1,469808E+2	-3,637206E+0
1,468179E+2	-3,638406E+0
1,465610E+2	-3,639094E+0
1,463903E+2	-3,639646E+0
1,461554E+2	-3,640677E+0
1,459747E+2	-3,641754E+0
1,457229E+2	-3,643014E+0
1,455666E+2	-3,643858E+0
1,453287E+2	-3,644772E+0
1,451645E+2	-3,645894E+0
1,449320E+2	-3,646560E+0
1,447594E+2	-3,647623E+0
1,445205E+2	-3,648716E+0
1,443630E+2	-3,649483E+0
1,441436E+2	-3,650237E+0
1,439530E+2	-3,650993E+0
1,437292E+2	-3,652085E+0
1,435832E+2	-3,653319E+0
1,433489E+2	-3,654438E+0
1,431768E+2	-3,655302E+0
1,429577E+2	-3,656382E+0
1,427960E+2	-3,657001E+0
1,425732E+2	-3,658643E+0
1,424121E+2	-3,659636E+0
1,421960E+2	-3,660637E+0
1,420241E+2	-3,661917E+0
1,418028E+2	-3,663180E+0
1,416387E+2	-3,664380E+0
1,414102E+2	-3,665394E+0
1,412568E+2	-3,666636E+0
1,410463E+2	-3,668159E+0
1,408801E+2	-3,669087E+0
1,406563E+2	-3,670386E+0
1,405094E+2	-3,671847E+0
1,402907E+2	-3,673293E+0
1,401203E+2	-3,674664E+0
1,399064E+2	-3,676318E+0
1,397635E+2	-3,677610E+0
1,395303E+2	-3,678891E+0
1,393728E+2	-3,680826E+0
1,391738E+2	-3,682276E+0
1,390079E+2	-3,683640E+0
1,387987E+2	-3,685374E+0
1,386539E+2	-3,687089E+0
1,384409E+2	-3,688886E+0
1,382798E+2	-3,690379E+0
1,380728E+2	-3,692098E+0
1,379035E+2	-3,694114E+0
1,376917E+2	-3,696057E+0
1,375416E+2	-3,698111E+0
1,373338E+2	-3,699841E+0
1,371468E+2	-3,701767E+0
1,369548E+2	-3,704434E+0
1,368067E+2	-3,706930E+0
1,366022E+2	-3,708945E+0
1,364431E+2	-3,711151E+0
1,362585E+2	-3,713101E+0
1,360909E+2	-3,715382E+0
1,359035E+2	-3,717529E+0
1,357532E+2	-3,719465E+0
1,355435E+2	-3,721463E+0
1,353730E+2	-3,723987E+0
1,351825E+2	-3,726534E+0
1,350410E+2	-3,728805E+0
1,348390E+2	-3,731170E+0
1,346844E+2	-3,733634E+0
1,344967E+2	-3,736172E+0
1,343321E+2	-3,739276E+0
1,341476E+2	-3,742255E+0
1,340019E+2	-3,744682E+0
1,338132E+2	-3,747749E+0
1,336506E+2	-3,750417E+0
1,334707E+2	-3,753206E+0
1,333075E+2	-3,756422E+0
1,331320E+2	-3,759288E+0
1,329783E+2	-3,762108E+0
1,327934E+2	-3,765670E+0
1,326236E+2	-3,768722E+0
1,324581E+2	-3,771838E+0
1,323036E+2	-3,775237E+0
1,321216E+2	-3,778577E+0
1,319622E+2	-3,781899E+0
1,317914E+2	-3,785085E+0
1,316275E+2	-3,789038E+0
1,314654E+2	-3,792715E+0
1,313070E+2	-3,796229E+0
1,311257E+2	-3,800229E+0
1,309666E+2	-3,803784E+0
1,308003E+2	-3,807547E+0
1,306402E+2	-3,811739E+0
1,304843E+2	-3,815809E+0
1,303272E+2	-3,820266E+0
1,301565E+2	-3,824514E+0
1,299902E+2	-3,828541E+0
1,298350E+2	-3,833115E+0
1,296862E+2	-3,837620E+0
1,295270E+2	-3,842260E+0
1,293746E+2	-3,846739E+0
1,292122E+2	-3,851619E+0
1,290494E+2	-3,856706E+0
1,288956E+2	-3,861826E+0
1,287357E+2	-3,867055E+0
1,285709E+2	-3,871812E+0
1,283999E+2	-3,876858E+0
1,282623E+2	-3,882454E+0
1,281084E+2	-3,887947E+0
1,279597E+2	-3,893356E+0
1,277981E+2	-3,898753E+0
1,276521E+2	-3,905157E+0
1,274764E+2	-3,911015E+0
1,273354E+2	-3,917040E+0
1,271702E+2	-3,923822E+0
1,270207E+2	-3,930397E+0
1,268652E+2	-3,937038E+0
1,267268E+2	-3,944127E+0
1,265617E+2	-3,950430E+0
1,264380E+2	-3,957043E+0
1,262748E+2	-3,964723E+0
1,261279E+2	-3,971959E+0
1,259512E+2	-3,979337E+0
1,258366E+2	-3,986439E+0
1,256682E+2	-3,994734E+0
1,255432E+2	-4,002670E+0
1,253848E+2	-4,010923E+0
1,252587E+2	-4,019486E+0
1,250883E+2	-4,027440E+0
1,249649E+2	-4,036406E+0
1,248024E+2	-4,045685E+0
1,246712E+2	-4,054157E+0
1,245012E+2	-4,063992E+0
1,243866E+2	-4,073469E+0
1,242215E+2	-4,083182E+0
1,240985E+2	-4,093087E+0
1,239237E+2	-4,103955E+0
1,238025E+2	-4,114315E+0
1,236283E+2	-4,124671E+0
1,235207E+2	-4,135881E+0
1,233585E+2	-4,148232E+0
1,232442E+2	-4,159715E+0
1,230783E+2	-4,171548E+0
1,229652E+2	-4,183506E+0
1,227860E+2	-4,196400E+0
1,226842E+2	-4,209045E+0
1,225178E+2	-4,222690E+0
1,223984E+2	-4,236767E+0
1,222312E+2	-4,250193E+0
1,221226E+2	-4,264860E+0
1,219463E+2	-4,280398E+0
1,218469E+2	-4,294983E+0
1,216796E+2	-4,310191E+0
1,215654E+2	-4,326548E+0
1,213886E+2	-4,343573E+0
1,212933E+2	-4,360114E+0
1,211211E+2	-4,377905E+0
1,210310E+2	-4,396452E+0
1,208588E+2	-4,414382E+0
1,207629E+2	-4,432923E+0
1,205898E+2	-4,453566E+0
1,204837E+2	-4,474729E+0
1,203066E+2	-4,495098E+0
1,202156E+2	-4,516714E+0
1,200311E+2	-4,538407E+0
1,199420E+2	-4,560959E+0
1,197732E+2	-4,586062E+0
1,196827E+2	-4,610052E+0
1,195121E+2	-4,634692E+0
1,194219E+2	-4,661852E+0
1,192427E+2	-4,688784E+0
1,191675E+2	-4,716065E+0
1,189893E+2	-4,745967E+0
1,189072E+2	-4,775660E+0
1,187320E+2	-4,805928E+0
1,186414E+2	-4,839073E+0
1,184553E+2	-4,872167E+0
1,183684E+2	-4,906253E+0
1,181954E+2	-4,942871E+0
1,181143E+2	-4,979880E+0
1,179388E+2	-5,017932E+0
1,178550E+2	-5,058568E+0
1,176791E+2	-5,100685E+0
1,176092E+2	-5,143689E+0
1,174333E+2	-5,189392E+0
1,173574E+2	-5,237234E+0
1,171883E+2	-5,284974E+0
1,171127E+2	-5,334350E+0
1,169313E+2	-5,389329E+0
1,168613E+2	-5,446724E+0
1,166901E+2	-5,502744E+0
1,166114E+2	-5,564853E+0
1,164367E+2	-5,626590E+0
1,163612E+2	-5,692002E+0
1,161908E+2	-5,763620E+0
1,161105E+2	-5,836474E+0
1,159499E+2	-5,912178E+0
1,158595E+2	-5,994228E+0
1,156965E+2	-6,080692E+0
1,156392E+2	-6,168667E+0
1,154632E+2	-6,265052E+0
1,153793E+2	-6,367168E+0
1,152169E+2	-6,470948E+0
1,151452E+2	-6,580272E+0
1,149767E+2	-6,703335E+0
1,149112E+2	-6,829397E+0
1,147472E+2	-6,962956E+0
1,146698E+2	-7,112971E+0
1,145044E+2	-7,272998E+0
1,144299E+2	-7,435597E+0
1,142700E+2	-7,619611E+0
1,141955E+2	-7,811615E+0
1,140331E+2	-8,017757E+0
1,139651E+2	-8,249645E+0
1,137910E+2	-8,497629E+0
1,137270E+2	-8,755306E+0
1,135664E+2	-9,032211E+0
1,134918E+2	-9,339590E+0
1,133258E+2	-9,657787E+0
1,132669E+2	-1,000895E+1
1,131055E+2	-1,037760E+1
1,130455E+2	-1,074994E+1
1,128901E+2	-1,113671E+1
1,128114E+2	-1,157939E+1
1,126624E+2	-1,207094E+1
1,126063E+2	-1,240960E+1
1,124428E+2	-1,284153E+1
1,123632E+2	-1,325072E+1
1,122111E+2	-1,366151E+1
1,121381E+2	-1,405443E+1
1,119806E+2	-1,440931E+1
1,119232E+2	-1,473710E+1
1,117664E+2	-1,505288E+1
1,116877E+2	-1,532242E+1
1,115449E+2	-1,555949E+1
1,114887E+2	-1,578443E+1
1,113205E+2	-1,596092E+1
1,112543E+2	-1,611418E+1
1,111207E+2	-1,625170E+1
1,110490E+2	-1,636863E+1
1,108984E+2	-1,646599E+1
1,108414E+2	-1,655320E+1
1,106952E+2	-1,662842E+1
1,106185E+2	-1,669158E+1
1,104748E+2	-1,674659E+1
1,104077E+2	-1,679823E+1
1,102624E+2	-1,684193E+1
1,102069E+2	-1,688040E+1
1,100623E+2	-1,691815E+1
1,099778E+2	-1,694871E+1
1,098428E+2	-1,697654E+1
1,097846E+2	-1,700257E+1
1,096341E+2	-1,702517E+1
1,095581E+2	-1,704684E+1
1,094349E+2	-1,706537E+1
1,093650E+2	-1,708262E+1
1,092200E+2	-1,709739E+1
1,091611E+2	-1,711152E+1
1,090200E+2	-1,712404E+1
1,089393E+2	-1,713508E+1
1,088134E+2	-1,714461E+1
1,087616E+2	-1,715345E+1
1,086167E+2	-1,716142E+1
1,085602E+2	-1,716863E+1
1,084260E+2	-1,717532E+1
1,083350E+2	-1,718088E+1
1,082142E+2	-1,718600E+1
1,081503E+2	-1,719126E+1
1,080098E+2	-1,719606E+1
1,079256E+2	-1,720051E+1
1,078158E+2	-1,720445E+1
1,077359E+2	-1,720827E+1
1,076183E+2	-1,721146E+1
1,075586E+2	-1,721475E+1
1,074293E+2	-1,721787E+1
1,073465E+2	-1,722079E+1
1,072384E+2	-1,722332E+1
1,071763E+2	-1,722592E+1
1,070537E+2	-1,722810E+1
1,069660E+2	-1,723055E+1
1,068445E+2	-1,723225E+1
1,067567E+2	-1,723465E+1
1,066573E+2	-1,723611E+1
1,065849E+2	-1,723807E+1
1,062841E+2	-1,724262E+1
1,062070E+2	-1,724396E+1
1,061088E+2	-1,724529E+1
1,060345E+2	-1,724645E+1
1,059217E+2	-1,724738E+1
1,058212E+2	-1,724871E+1
1,057275E+2	-1,724984E+1
1,056522E+2	-1,725080E+1
1,055422E+2	-1,725164E+1
1,054607E+2	-1,725266E+1
1,053680E+2	-1,725381E+1
1,052703E+2	-1,725467E+1
1,051849E+2	-1,725553E+1
1,051124E+2	-1,725620E+1
1,050066E+2	-1,725697E+1
1,049083E+2	-1,725800E+1
1,048227E+2	-1,725852E+1
1,047398E+2	-1,725944E+1
1,046601E+2	-1,726010E+1
1,045692E+2	-1,726087E+1
1,044771E+2	-1,726162E+1
1,043835E+2	-1,726236E+1
1,043045E+2	-1,726305E+1
1,042075E+2	-1,726367E+1
1,041261E+2	-1,726454E+1
1,040346E+2	-1,726496E+1
1,039452E+2	-1,726607E+1
1,038480E+2	-1,726658E+1
1,037802E+2	-1,726742E+1
1,036883E+2	-1,726821E+1
1,035957E+2	-1,726883E+1
1,034965E+2	-1,726953E+1
1,034406E+2	-1,727010E+1
1,033454E+2	-1,727094E+1
1,032675E+2	-1,727159E+1
1,031808E+2	-1,727216E+1
1,031050E+2	-1,727271E+1
1,029924E+2	-1,727353E+1
1,029305E+2	-1,727409E+1
1,028371E+2	-1,727473E+1
1,027686E+2	-1,727528E+1
1,026654E+2	-1,727563E+1
1,025989E+2	-1,727639E+1
1,024984E+2	-1,727671E+1
1,024364E+2	-1,727715E+1
1,023484E+2	-1,727796E+1
1,022825E+2	-1,727843E+1
1,021641E+2	-1,727896E+1
1,021105E+2	-1,727962E+1
1,020050E+2	-1,727983E+1
1,019514E+2	-1,728023E+1
1,018465E+2	-1,728070E+1
1,017881E+2	-1,728141E+1
1,016774E+2	-1,728224E+1
1,016334E+2	-1,728289E+1
1,015291E+2	-1,728326E+1
1,014898E+2	-1,728370E+1
1,013812E+2	-1,728423E+1
1,013357E+2	-1,728454E+1
1,012178E+2	-1,728514E+1
1,011631E+2	-1,728550E+1
1,010448E+2	-1,728634E+1
1,009910E+2	-1,728663E+1
1,008826E+2	-1,728710E+1
1,008503E+2	-1,728747E+1
1,007284E+2	-1,728802E+1
1,006971E+2	-1,728850E+1
1,005846E+2	-1,728896E+1
1,005307E+2	-1,728928E+1
1,004166E+2	-1,728982E+1
1,003949E+2	-1,729035E+1
1,002812E+2	-1,729072E+1
1,002490E+2	-1,729130E+1
1,001393E+2	-1,729135E+1
1,001086E+2	-1,729191E+1
9,998672E+1	-1,729240E+1
9,995426E+1	-1,729257E+1
9,984021E+1	-1,729656E+1
9,980308E+1	-1,729329E+1
9,967351E+1	-1,729332E+1
9,965033E+1	-1,729363E+1
9,952802E+1	-1,729376E+1
9,950887E+1	-1,729425E+1
9,938580E+1	-1,729430E+1
9,936041E+1	-1,729477E+1
9,923919E+1	-1,729485E+1
9,922192E+1	-1,729504E+1
9,909376E+1	-1,729537E+1
9,907786E+1	-1,729561E+1
9,895218E+1	-1,729562E+1
9,892700E+1	-1,729610E+1
9,879500E+1	-1,729607E+1
9,878650E+1	-1,729645E+1
9,866745E+1	-1,729675E+1
9,864640E+1	-1,729690E+1
9,852192E+1	-1,729715E+1
9,850894E+1	-1,729755E+1
9,838097E+1	-1,729780E+1
9,837180E+1	-1,729842E+1
9,824087E+1	-1,729846E+1
9,822844E+1	-1,729897E+1
9,810365E+1	-1,729888E+1
9,809405E+1	-1,729908E+1
9,797297E+1	-1,729933E+1
9,796134E+1	-1,729970E+1
9,782986E+1	-1,729986E+1
9,780941E+1	-1,730004E+1
9,768154E+1	-1,730017E+1
9,767463E+1	-1,730047E+1
9,754896E+1	-1,730069E+1
9,752940E+1	-1,730081E+1
9,741465E+1	-1,730098E+1
9,739897E+1	-1,730077E+1
9,726971E+1	-1,730158E+1
9,726461E+1	-1,730150E+1
9,715614E+1	-1,730170E+1
9,714739E+1	-1,730216E+1
9,701771E+1	-1,730214E+1
9,700145E+1	-1,730316E+1
9,687436E+1	-1,730342E+1
9,685707E+1	-1,730369E+1
9,673214E+1	-1,730402E+1
9,671551E+1	-1,730421E+1
9,659139E+1	-1,730430E+1
9,658895E+1	-1,730479E+1
9,646884E+1	-1,730508E+1
9,645461E+1	-1,730523E+1
9,633002E+1	-1,730535E+1
9,632725E+1	-1,730566E+1
9,620603E+1	-1,730581E+1
9,620464E+1	-1,730567E+1
9,608007E+1	-1,730609E+1
9,605706E+1	-1,730637E+1
9,595163E+1	-1,730639E+1
9,595346E+1	-1,730664E+1
9,584735E+1	-1,730685E+1
9,583955E+1	-1,730691E+1
9,572942E+1	-1,730717E+1
9,571687E+1	-1,730738E+1
9,560874E+1	-1,730763E+1
9,561376E+1	-1,730754E+1
9,550190E+1	-1,730781E+1
9,548519E+1	-1,730795E+1
9,536718E+1	-1,730807E+1
9,535475E+1	-1,730838E+1
9,523389E+1	-1,730836E+1
9,522424E+1	-1,730874E+1
9,512252E+1	-1,730880E+1
9,510576E+1	-1,730898E+1
9,498769E+1	-1,730908E+1
9,497892E+1	-1,730931E+1
9,487018E+1	-1,730940E+1
9,486290E+1	-1,730967E+1
9,475885E+1	-1,730977E+1
9,473709E+1	-1,730997E+1
9,462180E+1	-1,731027E+1
9,462019E+1	-1,731059E+1
9,451114E+1	-1,731062E+1
9,448862E+1	-1,731090E+1
9,437762E+1	-1,731094E+1
9,437427E+1	-1,731113E+1
9,426846E+1	-1,731125E+1
9,426639E+1	-1,731130E+1
9,417505E+1	-1,731137E+1
9,415664E+1	-1,731155E+1
9,404980E+1	-1,731172E+1
9,404157E+1	-1,731198E+1
9,393856E+1	-1,731190E+1
9,392389E+1	-1,731203E+1
9,383530E+1	-1,731230E+1
9,382058E+1	-1,731214E+1
9,373285E+1	-1,731236E+1
9,372683E+1	-1,731250E+1
9,363392E+1	-1,731263E+1
9,361928E+1	-1,731280E+1
9,353052E+1	-1,731305E+1
9,352443E+1	-1,731299E+1
9,342535E+1	-1,731312E+1
9,342627E+1	-1,731341E+1
9,333067E+1	-1,731346E+1
9,329804E+1	-1,731356E+1
9,322255E+1	-1,731384E+1
9,321872E+1	-1,731378E+1
9,311868E+1	-1,731403E+1
9,308791E+1	-1,731389E+1
9,301536E+1	-1,731403E+1
9,299051E+1	-1,731407E+1
9,290421E+1	-1,731446E+1
9,288810E+1	-1,731454E+1
9,278905E+1	-1,731439E+1
9,275574E+1	-1,731444E+1
9,268442E+1	-1,731477E+1
9,267115E+1	-1,731475E+1
9,260475E+1	-1,731492E+1
9,258069E+1	-1,731500E+1
9,250768E+1	-1,731506E+1
9,246274E+1	-1,731539E+1
9,240240E+1	-1,731532E+1
9,238225E+1	-1,731544E+1
9,230554E+1	-1,731559E+1
9,227937E+1	-1,731577E+1
9,221385E+1	-1,731582E+1
9,218055E+1	-1,731574E+1
9,211176E+1	-1,731595E+1
9,206011E+1	-1,731598E+1
9,199547E+1	-1,731598E+1
9,195794E+1	-1,731623E+1
9,191334E+1	-1,731618E+1
9,189202E+1	-1,731648E+1
9,183150E+1	-1,731656E+1
9,178521E+1	-1,731677E+1
9,172328E+1	-1,731671E+1
9,169105E+1	-1,731683E+1
9,163563E+1	-1,731681E+1
9,157749E+1	-1,731716E+1
9,152615E+1	-1,731708E+1
9,146949E+1	-1,731723E+1
9,141858E+1	-1,731730E+1
9,137650E+1	-1,731732E+1
9,131884E+1	-1,731752E+1
9,126028E+1	-1,731748E+1
9,123217E+1	-1,731775E+1
9,120138E+1	-1,731774E+1
9,114615E+1	-1,731785E+1
9,109387E+1	-1,731801E+1
9,105148E+1	-1,731795E+1
9,099877E+1	-1,731806E+1
9,096957E+1	-1,731803E+1
9,092048E+1	-1,731831E+1
9,088365E+1	-1,731843E+1
9,081672E+1	-1,731846E+1
9,079134E+1	-1,731881E+1
9,074973E+1	-1,731871E+1
9,070494E+1	-1,731878E+1
9,063365E+1	-1,731860E+1
9,061707E+1	-1,731903E+1
9,055700E+1	-1,731893E+1
9,054328E+1	-1,731874E+1
9,047172E+1	-1,731888E+1
9,043531E+1	-1,731886E+1
9,037324E+1	-1,731913E+1
9,035682E+1	-1,731911E+1
9,030675E+1	-1,731922E+1
9,027359E+1	-1,731925E+1
9,019964E+1	-1,731923E+1
9,018612E+1	-1,731944E+1
9,011877E+1	-1,731958E+1
9,011085E+1	-1,731966E+1
9,004033E+1	-1,731962E+1
9,002407E+1	-1,731973E+1
8,994515E+1	-1,731975E+1
8,993397E+1	-1,731982E+1
8,987606E+1	-1,731988E+1
8,985903E+1	-1,731984E+1
8,978615E+1	-1,731991E+1
8,979065E+1	-1,732006E+1
8,971696E+1	-1,732022E+1
8,970429E+1	-1,732036E+1
8,962472E+1	-1,732052E+1
8,960097E+1	-1,732053E+1
8,951298E+1	-1,732071E+1
8,951833E+1	-1,732073E+1
8,944262E+1	-1,732055E+1
8,942759E+1	-1,732089E+1
8,933050E+1	-1,732111E+1
8,934089E+1	-1,732097E+1
8,926563E+1	-1,732103E+1
8,926039E+1	-1,732135E+1
8,919455E+1	-1,732127E+1
8,918803E+1	-1,732139E+1
8,910489E+1	-1,732152E+1
8,911282E+1	-1,732148E+1
8,903515E+1	-1,732114E+1
8,901994E+1	-1,732143E+1
8,894167E+1	-1,732175E+1
8,896904E+1	-1,732176E+1
8,888892E+1	-1,732177E+1
8,889719E+1	-1,732179E+1
8,882038E+1	-1,732197E+1
8,882619E+1	-1,732203E+1
8,873641E+1	-1,732186E+1
8,875185E+1	-1,732201E+1
8,867115E+1	-1,732213E+1
8,868155E+1	-1,732196E+1
8,858029E+1	-1,732215E+1
8,860098E+1	-1,732207E+1
8,851280E+1	-1,732225E+1
8,853290E+1	-1,732251E+1
8,844470E+1	-1,732250E+1
8,846060E+1	-1,732281E+1
8,836538E+1	-1,732274E+1
8,839964E+1	-1,732192E+1
8,830716E+1	-1,732199E+1
8,832997E+1	-1,732226E+1
8,824395E+1	-1,732191E+1
8,827112E+1	-1,732226E+1
8,818147E+1	-1,732222E+1
8,820997E+1	-1,732228E+1
8,812035E+1	-1,732228E+1
8,814323E+1	-1,732227E+1
8,803404E+1	-1,732253E+1
8,807114E+1	-1,732249E+1
8,796612E+1	-1,732267E+1
8,799647E+1	-1,732264E+1
8,790116E+1	-1,732300E+1
8,792897E+1	-1,732286E+1
8,783168E+1	-1,732293E+1
8,786760E+1	-1,732278E+1
8,777741E+1	-1,732295E+1
8,780586E+1	-1,732301E+1
8,769900E+1	-1,732314E+1
8,773722E+1	-1,732283E+1
8,763905E+1	-1,732307E+1
8,766844E+1	-1,732332E+1
8,757027E+1	-1,732341E+1
8,759477E+1	-1,732321E+1
8,749480E+1	-1,732329E+1
8,753075E+1	-1,732330E+1
8,743865E+1	-1,732322E+1
8,746691E+1	-1,732325E+1
8,736868E+1	-1,732346E+1
8,739877E+1	-1,732353E+1
8,730726E+1	-1,732384E+1
8,735457E+1	-1,732403E+1
8,726022E+1	-1,732387E+1
8,728650E+1	-1,732415E+1
8,727631E+1	-1,732429E+1
8,722462E+1	-1,732472E+1
8,713022E+1	-1,732425E+1
8,716567E+1	-1,732426E+1
8,707788E+1	-1,732465E+1
8,709284E+1	-1,732449E+1
8,699135E+1	-1,732450E+1
8,701744E+1	-1,732463E+1
8,693293E+1	-1,732455E+1
8,695162E+1	-1,732446E+1
8,685181E+1	-1,732472E+1
8,688820E+1	-1,732497E+1
8,679331E+1	-1,732462E+1
8,682897E+1	-1,732458E+1
8,674248E+1	-1,732476E+1
8,676277E+1	-1,732503E+1
8,667404E+1	-1,732500E+1
8,670135E+1	-1,732501E+1
8,660946E+1	-1,732483E+1
8,663842E+1	-1,732489E+1
8,656303E+1	-1,732508E+1
8,657564E+1	-1,732516E+1
8,649547E+1	-1,732523E+1
8,653832E+1	-1,732529E+1
8,645636E+1	-1,732509E+1
8,647139E+1	-1,732527E+1
8,639268E+1	-1,732528E+1
8,642769E+1	-1,732525E+1
8,634620E+1	-1,732533E+1
8,638326E+1	-1,732554E+1
8,629099E+1	-1,732540E+1
8,630296E+1	-1,732545E+1
8,622295E+1	-1,732535E+1
8,625830E+1	-1,732549E+1
8,618020E+1	-1,732552E+1
8,620246E+1	-1,732591E+1
8,613385E+1	-1,732602E+1
8,614933E+1	-1,732608E+1
8,608229E+1	-1,732609E+1
8,612314E+1	-1,732641E+1
8,604351E+1	-1,732625E+1
8,604628E+1	-1,732631E+1
9,088445E+1	-1,732638E+1
8,599430E+1	-1,732493E+1
8,591563E+1	-1,732654E+1
8,593207E+1	-1,732649E+1
8,586576E+1	-1,732643E+1
8,587239E+1	-1,732662E+1
8,579778E+1	-1,732667E+1
8,582610E+1	-1,732660E+1
8,575543E+1	-1,732653E+1
8,576691E+1	-1,732687E+1
8,570263E+1	-1,732688E+1
8,572443E+1	-1,732698E+1
8,565082E+1	-1,732669E+1
8,568507E+1	-1,732699E+1
8,561550E+1	-1,732695E+1
8,560990E+1	-1,732700E+1
8,555087E+1	-1,732691E+1
8,557415E+1	-1,732700E+1
8,549576E+1	-1,732689E+1
8,550836E+1	-1,732697E+1
8,545057E+1	-1,732704E+1
8,545562E+1	-1,732716E+1
8,540538E+1	-1,732704E+1
8,543207E+1	-1,732712E+1
8,536589E+1	-1,732719E+1
8,536630E+1	-1,732716E+1
8,530313E+1	-1,732701E+1
8,531330E+1	-1,732726E+1
8,526698E+1	-1,732733E+1
8,526304E+1	-1,732731E+1
8,521063E+1	-1,732737E+1
8,519249E+1	-1,732743E+1
8,516103E+1	-1,732725E+1
8,516366E+1	-1,732712E+1
8,510962E+1	-1,732736E+1
8,510530E+1	-1,732755E+1
8,507224E+1	-1,732752E+1
8,507198E+1	-1,732749E+1
8,502444E+1	-1,732764E+1
8,501727E+1	-1,732756E+1
8,497755E+1	-1,732766E+1
8,495718E+1	-1,732762E+1
8,491632E+1	-1,732753E+1
8,492762E+1	-1,732770E+1
8,488867E+1	-1,732770E+1
8,486524E+1	-1,732790E+1
8,483225E+1	-1,732752E+1
8,482350E+1	-1,732785E+1
8,481005E+1	-1,732804E+1
8,480472E+1	-1,732787E+1
8,477241E+1	-1,732782E+1
8,474650E+1	-1,732804E+1
8,473165E+1	-1,732818E+1
8,472684E+1	-1,732785E+1
8,471044E+1	-1,732808E+1
8,467251E+1	-1,732799E+1
8,464191E+1	-1,732794E+1
8,461034E+1	-1,732822E+1
8,459058E+1	-1,732802E+1
8,458239E+1	-1,732814E+1
8,454149E+1	-1,732807E+1
8,451936E+1	-1,732816E+1
8,452234E+1	-1,732843E+1
8,448662E+1	-1,732826E+1
8,447613E+1	-1,732827E+1
8,445513E+1	-1,732855E+1
8,442584E+1	-1,732853E+1
8,439486E+1	-1,732852E+1
8,439434E+1	-1,732845E+1
8,437842E+1	-1,732859E+1
8,436246E+1	-1,732843E+1
8,431519E+1	-1,732858E+1
8,428209E+1	-1,732878E+1
8,428351E+1	-1,732880E+1
8,425726E+1	-1,732877E+1
8,422960E+1	-1,732869E+1
8,418949E+1	-1,732875E+1
8,419941E+1	-1,732881E+1
8,416813E+1	-1,732869E+1
8,416770E+1	-1,732890E+1
8,413073E+1	-1,732882E+1
8,413036E+1	-1,732895E+1
8,408017E+1	-1,732903E+1
8,409903E+1	-1,732895E+1
8,405058E+1	-1,732902E+1
8,403646E+1	-1,732907E+1
8,399772E+1	-1,732910E+1
8,403034E+1	-1,732915E+1
8,396699E+1	-1,732913E+1
8,398953E+1	-1,732931E+1
8,394304E+1	-1,732927E+1
8,393970E+1	-1,732939E+1
8,388849E+1	-1,732919E+1
8,390102E+1	-1,732937E+1
8,385659E+1	-1,732931E+1
8,386760E+1	-1,732903E+1
8,381023E+1	-1,732925E+1
8,383120E+1	-1,732938E+1
8,381116E+1	-1,732939E+1
8,380837E+1	-1,732964E+1
8,374127E+1	-1,732956E+1
8,375044E+1	-1,732944E+1
8,369082E+1	-1,732951E+1
8,372995E+1	-1,732952E+1
8,366562E+1	-1,732951E+1
8,369916E+1	-1,732952E+1
8,363556E+1	-1,732960E+1
8,366623E+1	-1,732953E+1
8,359992E+1	-1,732986E+1
8,363071E+1	-1,732973E+1
8,356636E+1	-1,732969E+1
8,359464E+1	-1,732996E+1
8,351811E+1	-1,732977E+1
8,355987E+1	-1,732978E+1
8,348879E+1	-1,732975E+1
8,352577E+1	-1,732986E+1
8,346514E+1	-1,733006E+1
8,349210E+1	-1,732997E+1
8,341603E+1	-1,733008E+1
8,346585E+1	-1,732995E+1
8,339410E+1	-1,732998E+1
8,341918E+1	-1,732989E+1
8,335095E+1	-1,733016E+1
8,339292E+1	-1,733002E+1
8,332017E+1	-1,733039E+1
8,336238E+1	-1,733005E+1
8,328841E+1	-1,733018E+1
8,332885E+1	-1,733024E+1
8,324645E+1	-1,733028E+1
8,330385E+1	-1,733010E+1
8,322360E+1	-1,733036E+1
8,326913E+1	-1,733044E+1
8,320106E+1	-1,733035E+1
8,323770E+1	-1,733037E+1
8,315184E+1	-1,733033E+1
8,320619E+1	-1,733018E+1
8,313254E+1	-1,733042E+1
8,317154E+1	-1,733022E+1
8,309600E+1	-1,733034E+1
8,314782E+1	-1,733030E+1
8,306458E+1	-1,733037E+1
8,312695E+1	-1,733028E+1
8,304586E+1	-1,733045E+1
8,309069E+1	-1,733049E+1
8,300719E+1	-1,733059E+1
8,306319E+1	-1,733045E+1
8,297973E+1	-1,733047E+1
8,303139E+1	-1,733043E+1
8,295868E+1	-1,733068E+1
8,300579E+1	-1,733063E+1
8,297621E+1	-1,733073E+1
8,289648E+1	-1,733081E+1
8,294209E+1	-1,733074E+1
8,285643E+1	-1,733078E+1
8,290706E+1	-1,733083E+1
8,282530E+1	-1,733096E+1
8,288666E+1	-1,733083E+1
8,280613E+1	-1,733100E+1
8,284974E+1	-1,733101E+1
8,276791E+1	-1,733078E+1
8,281695E+1	-1,733104E+1
8,274276E+1	-1,733088E+1
8,279860E+1	-1,733093E+1
8,272916E+1	-1,733113E+1
8,277158E+1	-1,733108E+1
8,269291E+1	-1,733102E+1
8,274335E+1	-1,733124E+1
8,267463E+1	-1,733113E+1
8,271332E+1	-1,733125E+1
8,263186E+1	-1,733120E+1
8,261337E+1	-1,733124E+1
8,266397E+1	-1,733119E+1
8,259516E+1	-1,733109E+1
8,262514E+1	-1,733123E+1
8,255692E+1	-1,733129E+1
8,260840E+1	-1,733114E+1
8,254254E+1	-1,733126E+1
8,258241E+1	-1,733118E+1
8,251464E+1	-1,733136E+1
8,255445E+1	-1,733124E+1
8,249337E+1	-1,733120E+1
8,255056E+1	-1,733121E+1
8,247980E+1	-1,733151E+1
8,251653E+1	-1,733134E+1
8,244072E+1	-1,733149E+1
8,249545E+1	-1,733118E+1
8,241967E+1	-1,733139E+1
8,246272E+1	-1,733151E+1
8,239979E+1	-1,733132E+1
8,242940E+1	-1,733144E+1
8,236219E+1	-1,733146E+1
8,240337E+1	-1,733147E+1
8,234751E+1	-1,733133E+1
8,237603E+1	-1,733142E+1
8,230504E+1	-1,733140E+1
8,235220E+1	-1,733151E+1
8,228665E+1	-1,733132E+1
8,233103E+1	-1,733150E+1
8,227684E+1	-1,733151E+1
8,229497E+1	-1,733150E+1
8,223986E+1	-1,733165E+1
8,228876E+1	-1,733149E+1
8,222140E+1	-1,733150E+1
8,224772E+1	-1,733156E+1
8,219308E+1	-1,733151E+1
8,223043E+1	-1,733153E+1
8,217395E+1	-1,733170E+1
8,221783E+1	-1,733174E+1
8,216097E+1	-1,733160E+1
8,217570E+1	-1,733156E+1
8,212728E+1	-1,733177E+1
8,217220E+1	-1,733179E+1
8,210236E+1	-1,733158E+1
8,213651E+1	-1,733181E+1
8,209289E+1	-1,733204E+1
8,211493E+1	-1,733175E+1
8,206717E+1	-1,733191E+1
8,211117E+1	-1,733196E+1
8,205683E+1	-1,733176E+1
8,206943E+1	-1,733198E+1
8,202660E+1	-1,733186E+1
8,206163E+1	-1,733210E+1
8,202199E+1	-1,733200E+1
8,203920E+1	-1,733231E+1
8,200180E+1	-1,733206E+1
8,201717E+1	-1,733195E+1
8,196884E+1	-1,733198E+1
8,200010E+1	-1,733189E+1
8,195581E+1	-1,733204E+1
8,196935E+1	-1,733207E+1
8,193386E+1	-1,733209E+1
8,195560E+1	-1,733210E+1
8,191641E+1	-1,733216E+1
8,193238E+1	-1,733212E+1
8,190028E+1	-1,733214E+1
8,190127E+1	-1,733209E+1
8,187063E+1	-1,733224E+1
8,189984E+1	-1,733209E+1
8,186471E+1	-1,733222E+1
8,185653E+1	-1,733226E+1
8,183408E+1	-1,733223E+1
8,183841E+1	-1,733226E+1
8,183224E+1	-1,733214E+1
8,184130E+1	-1,733237E+1
8,181082E+1	-1,733219E+1
8,179604E+1	-1,733226E+1
8,178157E+1	-1,733224E+1
8,179734E+1	-1,733208E+1
8,176661E+1	-1,733234E+1
8,177027E+1	-1,733241E+1
8,175432E+1	-1,733202E+1
8,174402E+1	-1,733234E+1
8,173142E+1	-1,733236E+1
8,174369E+1	-1,733253E+1
8,171592E+1	-1,733255E+1
8,169999E+1	-1,733219E+1
8,169580E+1	-1,733243E+1
8,168765E+1	-1,733242E+1
8,169622E+1	-1,733242E+1
8,168428E+1	-1,733244E+1
8,166192E+1	-1,733236E+1
8,164720E+1	-1,733243E+1
8,164927E+1	-1,733241E+1
8,165143E+1	-1,733246E+1
8,163702E+1	-1,733260E+1
8,161889E+1	-1,733238E+1
8,161754E+1	-1,733229E+1
8,159895E+1	-1,733241E+1
8,162106E+1	-1,733238E+1
8,159998E+1	-1,733243E+1
8,158222E+1	-1,733240E+1
8,156840E+1	-1,733255E+1
8,157416E+1	-1,733241E+1
8,155719E+1	-1,733252E+1
8,157534E+1	-1,733251E+1
8,155270E+1	-1,733240E+1
8,154910E+1	-1,733248E+1
8,152133E+1	-1,733253E+1
8,154200E+1	-1,733248E+1
8,151892E+1	-1,733239E+1
8,152419E+1	-1,733266E+1
8,147799E+1	-1,733255E+1
8,150239E+1	-1,733248E+1
8,147258E+1	-1,733259E+1
8,149008E+1	-1,733247E+1
8,146556E+1	-1,733262E+1
8,147034E+1	-1,733240E+1
8,142413E+1	-1,733269E+1
8,145086E+1	-1,733264E+1
8,141750E+1	-1,733243E+1
8,144337E+1	-1,733263E+1
8,140750E+1	-1,733267E+1
8,142681E+1	-1,733249E+1
8,137865E+1	-1,733241E+1
8,142443E+1	-1,733263E+1
8,138295E+1	-1,733253E+1
8,138931E+1	-1,733252E+1
8,135191E+1	-1,733280E+1
8,138753E+1	-1,733283E+1
8,134017E+1	-1,733266E+1
8,138771E+1	-1,733282E+1
8,134118E+1	-1,733284E+1
8,135057E+1	-1,733273E+1
8,130637E+1	-1,733267E+1
8,135189E+1	-1,733286E+1
8,129561E+1	-1,733287E+1
8,133893E+1	-1,733267E+1
8,128144E+1	-1,733272E+1
8,131868E+1	-1,733305E+1
8,126374E+1	-1,733290E+1
8,130651E+1	-1,733264E+1
8,125936E+1	-1,733277E+1
8,129035E+1	-1,733263E+1
8,122836E+1	-1,733274E+1
8,128155E+1	-1,733293E+1
8,122662E+1	-1,733268E+1
8,127423E+1	-1,733278E+1
8,122006E+1	-1,733288E+1
8,125524E+1	-1,733303E+1
8,118478E+1	-1,733321E+1
8,124552E+1	-1,733309E+1
8,118187E+1	-1,733313E+1
8,121948E+1	-1,733290E+1
8,116901E+1	-1,733307E+1
8,121605E+1	-1,733294E+1
8,114333E+1	-1,733299E+1
8,120172E+1	-1,733287E+1
8,114417E+1	-1,733302E+1
8,118136E+1	-1,733294E+1
8,111597E+1	-1,733315E+1
8,117669E+1	-1,733294E+1
8,110598E+1	-1,733291E+1
8,116227E+1	-1,733295E+1
8,110085E+1	-1,733302E+1
8,115373E+1	-1,733295E+1
8,108175E+1	-1,733303E+1
8,114068E+1	-1,733286E+1
8,106952E+1	-1,733282E+1
8,112756E+1	-1,733314E+1
8,105878E+1	-1,733294E+1
8,111469E+1	-1,733286E+1
8,103767E+1	-1,733303E+1
8,110146E+1	-1,733309E+1
8,103677E+1	-1,733272E+1
8,109172E+1	-1,733302E+1
8,100628E+1	-1,733297E+1
8,107750E+1	-1,733276E+1
8,100405E+1	-1,733289E+1
8,107004E+1	-1,733275E+1
8,100552E+1	-1,733309E+1
8,098169E+1	-1,733294E+1
8,104502E+1	-1,733286E+1
8,097561E+1	-1,733288E+1
8,103933E+1	-1,733287E+1
8,097038E+1	-1,733279E+1
8,102515E+1	-1,733284E+1
8,095201E+1	-1,733287E+1
8,102221E+1	-1,733296E+1
8,094764E+1	-1,733314E+1
8,099918E+1	-1,733295E+1
8,091856E+1	-1,733306E+1
8,097891E+1	-1,733284E+1
8,090908E+1	-1,733278E+1
8,097031E+1	-1,733301E+1
8,090696E+1	-1,733312E+1
8,095514E+1	-1,733295E+1
8,088635E+1	-1,733312E+1
8,094514E+1	-1,733290E+1
8,088659E+1	-1,733289E+1
8,093603E+1	-1,733285E+1
8,086034E+1	-1,733312E+1
8,091962E+1	-1,733288E+1
8,085625E+1	-1,733321E+1
8,091595E+1	-1,733298E+1
8,085570E+1	-1,733304E+1
8,089684E+1	-1,733294E+1
8,083632E+1	-1,733300E+1
8,089568E+1	-1,733306E+1
8,083685E+1	-1,733282E+1
8,088086E+1	-1,733306E+1
8,081325E+1	-1,733284E+1
8,086392E+1	-1,733295E+1
8,080326E+1	-1,733290E+1
8,086683E+1	-1,733295E+1
8,080686E+1	-1,733164E+1
8,084783E+1	-1,733282E+1
8,078364E+1	-1,733285E+1
8,084181E+1	-1,733297E+1
8,078253E+1	-1,733288E+1
8,082587E+1	-1,733297E+1
8,076608E+1	-1,733317E+1
8,080915E+1	-1,733294E+1
8,075371E+1	-1,733295E+1
8,081744E+1	-1,733303E+1
8,075309E+1	-1,733292E+1
8,078773E+1	-1,733308E+1
8,073278E+1	-1,733295E+1
8,078297E+1	-1,733302E+1
8,072321E+1	-1,733308E+1
8,077098E+1	-1,733307E+1
8,072552E+1	-1,733320E+1
8,074980E+1	-1,733312E+1
8,070605E+1	-1,733295E+1
8,076366E+1	-1,733298E+1
8,070996E+1	-1,733324E+1
8,073100E+1	-1,733296E+1
8,068448E+1	-1,733292E+1
8,074507E+1	-1,733439E+1
8,068089E+1	-1,733296E+1
8,071452E+1	-1,733302E+1
8,068241E+1	-1,733288E+1
8,071105E+1	-1,733296E+1
8,065824E+1	-1,733321E+1
8,070260E+1	-1,733311E+1
8,065826E+1	-1,733318E+1
8,068750E+1	-1,733321E+1
8,064708E+1	-1,733331E+1
8,068842E+1	-1,733286E+1
8,063630E+1	-1,733311E+1
8,068822E+1	-1,733298E+1
8,063832E+1	-1,733325E+1
8,065646E+1	-1,733295E+1
8,062280E+1	-1,733295E+1
8,067012E+1	-1,733298E+1
8,062859E+1	-1,733287E+1
8,063542E+1	-1,733310E+1
8,061326E+1	-1,733308E+1
8,063740E+1	-1,733304E+1
8,060016E+1	-1,733315E+1
8,063235E+1	-1,733302E+1
8,059482E+1	-1,733301E+1
8,061089E+1	-1,733305E+1
8,057539E+1	-1,733277E+1
8,061189E+1	-1,733317E+1
8,057875E+1	-1,733314E+1
8,060025E+1	-1,733300E+1
8,057148E+1	-1,733302E+1
8,057743E+1	-1,733304E+1
8,056437E+1	-1,733332E+1
8,059243E+1	-1,733305E+1
8,055153E+1	-1,733321E+1
8,056360E+1	-1,733303E+1
8,054008E+1	-1,733297E+1
8,055685E+1	-1,733310E+1
8,055246E+1	-1,733301E+1
8,056145E+1	-1,733301E+1
8,053029E+1	-1,733311E+1
8,053260E+1	-1,733309E+1
8,053174E+1	-1,733305E+1
8,054912E+1	-1,733315E+1
8,051949E+1	-1,733298E+1
8,051556E+1	-1,733292E+1
8,051044E+1	-1,733312E+1
8,051122E+1	-1,733315E+1
8,051863E+1	-1,733318E+1
8,052059E+1	-1,733300E+1
8,050172E+1	-1,733286E+1
8,049845E+1	-1,733303E+1
8,050196E+1	-1,733303E+1
8,050439E+1	-1,733310E+1
8,049399E+1	-1,733292E+1
8,049300E+1	-1,733322E+1
8,049555E+1	-1,733317E+1
8,048375E+1	-1,733290E+1
8,048720E+1	-1,733281E+1
8,049069E+1	-1,733310E+1
8,047714E+1	-1,733304E+1
8,046334E+1	-1,733300E+1
8,046816E+1	-1,733298E+1
8,046323E+1	-1,733308E+1
8,047927E+1	-1,733314E+1
8,046279E+1	-1,733318E+1
8,045577E+1	-1,733290E+1
8,043962E+1	-1,733294E+1
8,046468E+1	-1,733306E+1
8,045317E+1	-1,733288E+1
8,045533E+1	-1,733311E+1
8,044630E+1	-1,733299E+1
8,042616E+1	-1,733303E+1
8,045899E+1	-1,733298E+1
8,042300E+1	-1,733304E+1
8,043428E+1	-1,733309E+1
8,040053E+1	-1,733299E+1
8,042334E+1	-1,733307E+1
8,040451E+1	-1,733294E+1
8,041558E+1	-1,733284E+1
8,039457E+1	-1,733289E+1
8,040972E+1	-1,733296E+1
8,038158E+1	-1,733301E+1
8,041655E+1	-1,733311E+1
8,038729E+1	-1,733302E+1
8,040759E+1	-1,733279E+1
8,035780E+1	-1,733307E+1
8,039869E+1	-1,733307E+1
8,036456E+1	-1,733299E+1
8,039813E+1	-1,733298E+1
8,036458E+1	-1,733282E+1
8,039236E+1	-1,733293E+1
8,034461E+1	-1,733297E+1
8,039602E+1	-1,733307E+1
8,035633E+1	-1,733286E+1
8,036954E+1	-1,733281E+1
8,033538E+1	-1,733308E+1
8,038850E+1	-1,733302E+1
8,032756E+1	-1,733265E+1
8,038430E+1	-1,733293E+1
8,033906E+1	-1,733313E+1
8,035921E+1	-1,733283E+1
8,031562E+1	-1,733286E+1
8,037137E+1	-1,733297E+1
8,031608E+1	-1,733300E+1
8,036979E+1	-1,733284E+1
8,031679E+1	-1,733274E+1
8,036041E+1	-1,733300E+1
8,030472E+1	-1,733272E+1
8,035293E+1	-1,733290E+1
8,030859E+1	-1,733295E+1
8,034708E+1	-1,733291E+1
8,028209E+1	-1,733282E+1
8,033927E+1	-1,733271E+1
8,028187E+1	-1,733318E+1
8,033639E+1	-1,733305E+1
8,028576E+1	-1,733303E+1
8,032781E+1	-1,733280E+1
8,026336E+1	-1,733306E+1
8,032238E+1	-1,733252E+1
8,026759E+1	-1,733278E+1
8,031189E+1	-1,733294E+1
8,025523E+1	-1,733283E+1
8,031205E+1	-1,733291E+1
8,024797E+1	-1,733304E+1
8,030849E+1	-1,733279E+1
8,024701E+1	-1,733289E+1
8,030242E+1	-1,733294E+1
8,022616E+1	-1,733283E+1
8,029808E+1	-1,733274E+1
8,022506E+1	-1,733263E+1
8,028859E+1	-1,733267E+1
8,022829E+1	-1,733271E+1
8,028909E+1	-1,733280E+1
8,021369E+1	-1,733272E+1
8,028362E+1	-1,733271E+1
8,022274E+1	-1,733292E+1
8,027712E+1	-1,733268E+1
8,020528E+1	-1,733275E+1
8,027303E+1	-1,733286E+1
8,019900E+1	-1,733289E+1
8,027237E+1	-1,733279E+1
8,020484E+1	-1,733295E+1
8,026326E+1	-1,733260E+1
8,018762E+1	-1,733276E+1
8,025386E+1	-1,733265E+1
8,018781E+1	-1,733286E+1
8,025226E+1	-1,733284E+1
8,018787E+1	-1,733284E+1
8,024355E+1	-1,733271E+1
8,017592E+1	-1,733295E+1
8,024684E+1	-1,733285E+1
8,018361E+1	-1,733263E+1
8,023717E+1	-1,733270E+1
8,016437E+1	-1,733282E+1
8,023375E+1	-1,733283E+1
8,016314E+1	-1,733282E+1
8,022487E+1	-1,733276E+1
8,016471E+1	-1,733267E+1
8,022047E+1	-1,733287E+1
8,014999E+1	-1,733280E+1
8,021819E+1	-1,733261E+1
8,015206E+1	-1,733269E+1
8,020657E+1	-1,733266E+1
8,014311E+1	-1,733275E+1
8,019644E+1	-1,733281E+1
8,013416E+1	-1,733252E+1
8,020949E+1	-1,733264E+1
8,013985E+1	-1,733272E+1
8,018637E+1	-1,733268E+1
8,012267E+1	-1,733258E+1
8,018580E+1	-1,733273E+1
8,011851E+1	-1,733269E+1
8,017943E+1	-1,733292E+1
8,012398E+1	-1,733274E+1
8,016786E+1	-1,733259E+1
8,011074E+1	-1,733300E+1
8,018442E+1	-1,733294E+1
8,011864E+1	-1,733257E+1
8,016393E+1	-1,733270E+1
8,009999E+1	-1,733271E+1
8,016160E+1	-1,733264E+1
8,009996E+1	-1,733239E+1
8,015320E+1	-1,733279E+1
8,010404E+1	-1,733283E+1
8,009051E+1	-1,733283E+1
8,015355E+1	-1,733250E+1
8,009299E+1	-1,733274E+1
8,013199E+1	-1,733272E+1
8,007868E+1	-1,733258E+1
8,013121E+1	-1,733266E+1
8,007632E+1	-1,733269E+1
8,012786E+1	-1,733262E+1
8,008778E+1	-1,733232E+1
8,011564E+1	-1,733261E+1
8,007091E+1	-1,733272E+1
8,013073E+1	-1,733256E+1
8,007217E+1	-1,733280E+1
8,011535E+1	-1,733259E+1
8,007312E+1	-1,733253E+1
8,010658E+1	-1,733270E+1
8,006157E+1	-1,733262E+1
8,012090E+1	-1,733244E+1
8,007141E+1	-1,733243E+1
8,010119E+1	-1,733236E+1
8,004995E+1	-1,733263E+1
8,009938E+1	-1,733256E+1
8,005749E+1	-1,733243E+1
8,008996E+1	-1,733250E+1
8,005988E+1	-1,733245E+1
8,007901E+1	-1,733254E+1
8,004713E+1	-1,733236E+1
8,009545E+1	-1,733232E+1
8,004882E+1	-1,733247E+1
8,007095E+1	-1,733259E+1
8,003559E+1	-1,733254E+1
8,007751E+1	-1,733279E+1
8,004840E+1	-1,733263E+1
8,007075E+1	-1,733248E+1
8,004473E+1	-1,733252E+1
8,006730E+1	-1,733230E+1
8,002811E+1	-1,733248E+1
8,007153E+1	-1,733254E+1
8,003514E+1	-1,733216E+1
8,005645E+1	-1,733261E+1
8,002908E+1	-1,733261E+1
8,006034E+1	-1,733275E+1
8,002778E+1	-1,733268E+1
8,006484E+1	-1,733273E+1
8,003571E+1	-1,733261E+1
8,003841E+1	-1,733268E+1
8,001859E+1	-1,733268E+1
8,005869E+1	-1,733284E+1
8,002133E+1	-1,733263E+1
8,004664E+1	-1,733273E+1
8,002309E+1	-1,733231E+1
8,002755E+1	-1,733255E+1
8,001763E+1	-1,733268E+1
8,004583E+1	-1,733269E+1
8,001106E+1	-1,733249E+1
8,002178E+1	-1,733247E+1
8,000546E+1	-1,733254E+1
8,001810E+1	-1,733240E+1
8,002092E+1	-1,733254E+1
8,002797E+1	-1,733243E+1
8,000423E+1	-1,733260E+1
8,001044E+1	-1,733249E+1
7,999896E+1	-1,733251E+1
8,002082E+1	-1,733260E+1
8,001021E+1	-1,733254E+1
8,000797E+1	-1,733259E+1
7,999761E+1	-1,733250E+1
8,000168E+1	-1,733240E+1
8,000691E+1	-1,733246E+1
8,001763E+1	-1,733225E+1
8,000493E+1	-1,733259E+1
7,998848E+1	-1,733244E+1
7,999679E+1	-1,733256E+1
8,000056E+1	-1,733252E+1
8,000033E+1	-1,733228E+1
8,000630E+1	-1,733259E+1
8,000746E+1	-1,733253E+1
7,998306E+1	-1,733240E+1
7,999418E+1	-1,733224E+1
7,999889E+1	-1,733251E+1
7,999646E+1	-1,733247E+1
7,998241E+1	-1,733224E+1
7,999319E+1	-1,733245E+1
7,997414E+1	-1,733236E+1
8,000540E+1	-1,733230E+1
7,998889E+1	-1,733227E+1
7,998002E+1	-1,733223E+1
7,996722E+1	-1,733236E+1
7,998158E+1	-1,733239E+1
7,996589E+1	-1,733247E+1
7,999364E+1	-1,733234E+1
7,997740E+1	-1,733220E+1
7,998168E+1	-1,733246E+1
7,996011E+1	-1,733231E+1
7,998576E+1	-1,733213E+1
7,997449E+1	-1,733257E+1
7,997829E+1	-1,733228E+1
7,994873E+1	-1,733221E+1
7,997856E+1	-1,733213E+1
7,995808E+1	-1,733214E+1
7,999809E+1	-1,733218E+1
7,996096E+1	-1,733210E+1
7,997613E+1	-1,733224E+1
7,993981E+1	-1,733237E+1
7,998451E+1	-1,733216E+1
7,995124E+1	-1,733232E+1
7,998011E+1	-1,733211E+1
7,993746E+1	-1,733220E+1
7,997637E+1	-1,733218E+1
7,993528E+1	-1,733193E+1
7,997363E+1	-1,733206E+1
7,994550E+1	-1,733208E+1
7,996792E+1	-1,733213E+1
7,991890E+1	-1,733197E+1
7,996715E+1	-1,733219E+1
7,992733E+1	-1,733196E+1
7,996485E+1	-1,733216E+1
7,993048E+1	-1,733223E+1
