8,411402E+1	-1,865785E-1
8,410441E+1	-1,861434E-1
8,412982E+1	-1,862339E-1
8,411290E+1	-1,857674E-1
8,415742E+1	-1,861338E-1
8,414052E+1	-1,859153E-1
8,414131E+1	-1,859716E-1
8,412139E+1	-1,860168E-1
8,416157E+1	-1,860292E-1
8,412542E+1	-1,857566E-1
8,415268E+1	-1,855899E-1
8,412574E+1	-1,845200E-1
8,418103E+1	-1,702842E-1
8,423418E+1	-1,183317E-1
8,440484E+1	-1,022133E-1
8,454074E+1	-1,235062E-1
8,472262E+1	-1,780127E-1
8,485975E+1	-1,883707E-1
8,507934E+1	-1,888803E-1
8,523104E+1	-1,886814E-1
8,547674E+1	-1,883356E-1
8,561550E+1	-1,883776E-1
8,580112E+1	-1,879254E-1
8,594226E+1	-1,879965E-1
8,616996E+1	-1,883642E-1
8,628003E+1	-1,883446E-1
8,647603E+1	-1,886423E-1
8,658097E+1	-1,885696E-1
8,677627E+1	-1,891624E-1
8,688305E+1	-1,893748E-1
8,708874E+1	-1,899173E-1
8,721018E+1	-1,901046E-1
8,741402E+1	-1,901454E-1
8,754070E+1	-1,907139E-1
8,777428E+1	-1,906914E-1
8,790820E+1	-1,911351E-1
8,813675E+1	-1,915546E-1
8,827798E+1	-1,915759E-1
8,849091E+1	-1,918631E-1
8,861394E+1	-1,916475E-1
8,884293E+1	-1,918363E-1
8,896655E+1	-1,920229E-1
8,916513E+1	-1,918589E-1
8,929673E+1	-1,925214E-1
8,951213E+1	-1,925868E-1
8,962209E+1	-1,929249E-1
8,983957E+1	-1,929912E-1
8,995457E+1	-1,928606E-1
9,016613E+1	-1,930893E-1
9,024899E+1	-1,931027E-1
9,047692E+1	-1,934296E-1
9,057052E+1	-1,932101E-1
9,077061E+1	-1,932085E-1
9,086823E+1	-1,931823E-1
9,108574E+1	-1,934615E-1
9,117015E+1	-1,936384E-1
9,139420E+1	-1,937146E-1
9,148635E+1	-1,936685E-1
9,168918E+1	-1,940061E-1
9,178940E+1	-1,938033E-1
9,202286E+1	-1,938936E-1
9,212762E+1	-1,937143E-1
9,234453E+1	-1,938624E-1
9,243924E+1	-1,940780E-1
9,266510E+1	-1,941131E-1
9,276283E+1	-1,941954E-1
9,298455E+1	-1,939733E-1
9,308715E+1	-1,939443E-1
9,329849E+1	-1,943507E-1
9,338735E+1	-1,938899E-1
9,361676E+1	-1,936020E-1
9,370777E+1	-1,939328E-1
9,392090E+1	-1,938495E-1
9,401752E+1	-1,939249E-1
9,422576E+1	-1,937639E-1
9,431314E+1	-1,937358E-1
9,452420E+1	-1,934590E-1
9,462772E+1	-1,933346E-1
9,483273E+1	-1,933820E-1
9,492728E+1	-1,934552E-1
9,514283E+1	-1,934321E-1
9,523367E+1	-1,932966E-1
9,545399E+1	-1,929660E-1
9,554807E+1	-1,928820E-1
9,575107E+1	-1,928358E-1
9,584246E+1	-1,928851E-1
9,605420E+1	-1,929145E-1
9,614314E+1	-1,923448E-1
9,634638E+1	-1,922862E-1
9,644900E+1	-1,923029E-1
9,664609E+1	-1,921453E-1
9,673485E+1	-1,920044E-1
9,694417E+1	-1,916653E-1
9,704277E+1	-1,915648E-1
9,724213E+1	-1,911171E-1
9,734392E+1	-1,908680E-1
9,754051E+1	-1,907382E-1
9,763401E+1	-1,906912E-1
9,784651E+1	-1,904865E-1
9,794218E+1	-1,899441E-1
9,813514E+1	-1,895738E-1
9,822535E+1	-1,890380E-1
9,843686E+1	-1,891960E-1
9,853619E+1	-1,885839E-1
9,873292E+1	-1,883212E-1
9,883997E+1	-1,881219E-1
9,903979E+1	-1,877214E-1
9,913861E+1	-1,869794E-1
9,934339E+1	-1,866546E-1
9,944688E+1	-1,862855E-1
9,963787E+1	-1,857966E-1
9,973955E+1	-1,854515E-1
9,994485E+1	-1,848435E-1
1,000471E+2	-1,848031E-1
1,002527E+2	-1,839694E-1
1,003554E+2	-1,833852E-1
1,005388E+2	-1,829752E-1
1,006376E+2	-1,820947E-1
1,008341E+2	-1,815256E-1
1,009321E+2	-1,809890E-1
1,011159E+2	-1,800091E-1
1,012207E+2	-1,791980E-1
1,014068E+2	-1,784417E-1
1,015055E+2	-1,778061E-1
1,016945E+2	-1,770439E-1
1,017959E+2	-1,759613E-1
1,019711E+2	-1,751362E-1
1,020746E+2	-1,742024E-1
1,022706E+2	-1,730285E-1
1,023812E+2	-1,720685E-1
1,025724E+2	-1,706262E-1
1,026740E+2	-1,695530E-1
1,028507E+2	-1,682143E-1
1,029613E+2	-1,668501E-1
1,031462E+2	-1,653274E-1
1,032416E+2	-1,636932E-1
1,034156E+2	-1,619274E-1
1,035292E+2	-1,602673E-1
1,036989E+2	-1,582097E-1
1,038061E+2	-1,564980E-1
1,039851E+2	-1,543682E-1
1,040925E+2	-1,519745E-1
1,042526E+2	-1,493318E-1
1,043616E+2	-1,469453E-1
1,045413E+2	-1,435623E-1
1,046460E+2	-1,406768E-1
1,048295E+2	-1,375461E-1
1,049427E+2	-1,338769E-1
1,051023E+2	-1,301080E-1
1,052262E+2	-1,260129E-1
1,054044E+2	-1,215871E-1
1,055165E+2	-1,165995E-1
1,056815E+2	-1,115803E-1
1,058065E+2	-1,061243E-1
1,059724E+2	-9,947464E-2
1,061033E+2	-9,368354E-2
1,062839E+2	-8,609830E-2
1,064073E+2	-7,845937E-2
1,065682E+2	-7,075095E-2
1,066923E+2	-6,141613E-2
1,068593E+2	-5,151546E-2
1,069930E+2	-4,123587E-2
1,071395E+2	-3,008141E-2
1,072487E+2	-1,875073E-2
1,074000E+2	-6,104332E-3
1,075400E+2	8,440477E-3
1,076960E+2	2,387912E-2
1,078206E+2	3,898066E-2
1,079718E+2	5,572011E-2
1,081017E+2	7,283911E-2
1,082640E+2	8,982056E-2
1,084078E+2	1,065059E-1
1,085659E+2	1,218292E-1
1,086958E+2	1,313157E-1
1,088373E+2	1,379733E-1
1,089777E+2	1,388780E-1
1,091311E+2	1,342673E-1
1,092881E+2	1,238182E-1
1,094216E+2	1,084328E-1
1,095554E+2	8,991719E-2
1,097016E+2	6,697349E-2
1,098598E+2	4,387847E-2
1,099980E+2	1,971622E-2
1,101152E+2	-3,923608E-3
1,102664E+2	-2,634220E-2
1,104071E+2	-4,778019E-2
1,105488E+2	-6,648077E-2
1,107107E+2	-8,199817E-2
1,108445E+2	-9,646657E-2
1,109711E+2	-1,084750E-1
1,111125E+2	-1,177361E-1
1,112726E+2	-1,253184E-1
1,114001E+2	-1,307961E-1
1,115578E+2	-1,353598E-1
1,116861E+2	-1,382155E-1
1,118217E+2	-1,408026E-1
1,119565E+2	-1,425380E-1
1,121200E+2	-1,437897E-1
1,122484E+2	-1,446478E-1
1,123953E+2	-1,453874E-1
1,125096E+2	-1,463814E-1
1,126667E+2	-1,470185E-1
1,127879E+2	-1,475383E-1
1,129670E+2	-1,485014E-1
1,130765E+2	-1,487119E-1
1,132200E+2	-1,491533E-1
1,133364E+2	-1,496705E-1
1,134921E+2	-1,498389E-1
1,136108E+2	-1,501259E-1
1,137709E+2	-1,502806E-1
1,138921E+2	-1,503239E-1
1,140421E+2	-1,503748E-1
1,141524E+2	-1,506814E-1
1,143286E+2	-1,506473E-1
1,144323E+2	-1,507742E-1
1,145714E+2	-1,508553E-1
1,146921E+2	-1,509399E-1
1,148565E+2	-1,508719E-1
1,149691E+2	-1,509386E-1
1,151511E+2	-1,512892E-1
1,152659E+2	-1,515218E-1
1,154112E+2	-1,513842E-1
1,155242E+2	-1,515418E-1
1,157014E+2	-1,512997E-1
1,157978E+2	-1,512656E-1
1,159305E+2	-1,489808E-1
1,160476E+2	-1,449910E-1
1,162054E+2	-1,402574E-1
1,162959E+2	-1,267731E-1
1,164777E+2	-9,242438E-2
1,165610E+2	-8,730505E-2
1,167018E+2	-1,170465E-1
1,167739E+2	-8,975947E-2
1,169101E+2	-3,806419E-2
1,169235E+2	2,336681E-2
1,169464E+2	5,373917E-2
1,168331E+2	9,341237E-2
1,167286E+2	9,237060E-2
1,165099E+2	9,474322E-2
1,163319E+2	1,047715E-1
1,160539E+2	1,240471E-1
1,158475E+2	1,503894E-1
1,155282E+2	1,857055E-1
1,152041E+2	2,237247E-1
1,140145E+2	2,544056E-1
1,120479E+2	2,727425E-1
1,102670E+2	2,807807E-1
1,091779E+2	2,833252E-1
1,083816E+2	2,838073E-1
1,078666E+2	2,822229E-1
1,074097E+2	2,807296E-1
1,071328E+2	2,787925E-1
1,068806E+2	2,766501E-1
1,068543E+2	2,746643E-1
1,067461E+2	2,727910E-1
1,067688E+2	2,705887E-1
1,066567E+2	2,684873E-1
1,066325E+2	2,667556E-1
1,064907E+2	2,651864E-1
1,064524E+2	2,630576E-1
1,062974E+2	2,618316E-1
1,062715E+2	2,600295E-1
1,061232E+2	2,586836E-1
1,059956E+2	2,573328E-1
1,058373E+2	2,556040E-1
1,058333E+2	2,542465E-1
1,057187E+2	2,528535E-1
1,057146E+2	2,512623E-1
1,055801E+2	2,502003E-1
1,055520E+2	2,489574E-1
1,053976E+2	2,480223E-1
1,053712E+2	2,468085E-1
1,052295E+2	2,456933E-1
1,051897E+2	2,445837E-1
1,050584E+2	2,435660E-1
1,050179E+2	2,428634E-1
1,048742E+2	2,414774E-1
1,048491E+2	2,401396E-1
1,046921E+2	2,393546E-1
1,046477E+2	2,383062E-1
1,044918E+2	2,376031E-1
1,043844E+2	2,364529E-1
1,042305E+2	2,351771E-1
1,041061E+2	2,352579E-1
1,036014E+2	2,226071E-1
1,031269E+2	1,912944E-1
1,026060E+2	1,531438E-1
1,022683E+2	1,159923E-1
1,018625E+2	8,589948E-2
1,016600E+2	6,073083E-2
1,013989E+2	4,311924E-2
1,012841E+2	3,065546E-2
1,010717E+2	2,226198E-2
1,009952E+2	1,592029E-2
1,008158E+2	1,125728E-2
1,007462E+2	8,334733E-3
1,005734E+2	6,506265E-3
1,005161E+2	4,778967E-3
1,003441E+2	3,323160E-3
1,002926E+2	2,559933E-3
1,001431E+2	1,877123E-3
1,000741E+2	1,192459E-3
9,992752E+1	1,031138E-3
9,990129E+1	5,710295E-4
9,974545E+1	2,102262E-4
9,968762E+1	1,263534E-4
9,953827E+1	-1,671458E-4
9,949533E+1	-7,452596E-5
9,935207E+1	-2,181238E-4
9,932092E+1	-5,200477E-4
9,917389E+1	-6,448986E-4
9,911879E+1	-4,930242E-4
9,898146E+1	-7,642458E-4
9,894775E+1	-6,333566E-4
9,879476E+1	-5,790420E-4
9,875848E+1	-5,991195E-4
9,862898E+1	-9,084173E-4
9,858106E+1	-9,433071E-4
9,843985E+1	-8,288257E-4
9,841316E+1	-9,683778E-4
9,828068E+1	-9,131394E-4
9,824359E+1	-1,105643E-3
9,810798E+1	-8,511403E-4
9,808854E+1	-1,220274E-3
9,795116E+1	-1,241670E-3
9,791933E+1	-9,782833E-4
9,779472E+1	-1,238764E-3
9,774935E+1	-1,291080E-3
9,763460E+1	-1,296807E-3
9,761581E+1	-1,149007E-3
9,748432E+1	-1,429061E-3
9,744213E+1	-1,165124E-3
9,733722E+1	-1,393219E-3
9,730414E+1	-1,431701E-3
9,718694E+1	-1,152932E-3
9,717050E+1	-1,017374E-3
9,705230E+1	-1,240946E-3
9,701571E+1	-1,374874E-3
9,689923E+1	-1,292383E-3
9,687541E+1	-1,552431E-3
9,676311E+1	-1,403870E-3
9,672643E+1	-1,327514E-3
9,662674E+1	-1,664305E-3
9,656836E+1	-1,265098E-3
9,648256E+1	-1,423379E-3
9,645362E+1	-1,527615E-3
9,634316E+1	-1,474789E-3
9,629639E+1	-1,683388E-3
9,619740E+1	-1,546158E-3
9,618178E+1	-1,693221E-3
9,606575E+1	-1,659166E-3
9,604852E+1	-1,616967E-3
9,594234E+1	-1,858329E-3
9,588873E+1	-1,641949E-3
9,580438E+1	-2,078193E-3
9,578425E+1	-1,877036E-3
9,567618E+1	-1,831999E-3
9,562971E+1	-1,693166E-3
9,555294E+1	-2,178511E-3
9,550713E+1	-1,915894E-3
9,543348E+1	-2,047893E-3
9,540678E+1	-1,802315E-3
9,531076E+1	-1,794720E-3
9,526093E+1	-1,964158E-3
9,518629E+1	-1,882872E-3
9,516469E+1	-1,732416E-3
9,508375E+1	-1,930600E-3
9,503881E+1	-2,075171E-3
9,495708E+1	-2,133634E-3
9,491080E+1	-2,023835E-3
9,484600E+1	-2,194184E-3
9,480759E+1	-2,121833E-3
9,472895E+1	-2,016256E-3
9,468216E+1	-1,958745E-3
9,461549E+1	-2,548353E-3
9,457167E+1	-2,187533E-3
9,451957E+1	-2,213355E-3
9,447674E+1	-2,110340E-3
9,439205E+1	-2,396508E-3
9,434712E+1	-2,162239E-3
9,427975E+1	-2,351209E-3
9,423183E+1	-2,455761E-3
9,418648E+1	-2,103218E-3
9,413737E+1	-2,391994E-3
9,406730E+1	-2,274147E-3
9,401291E+1	-2,316227E-3
9,396236E+1	-2,516665E-3
9,391127E+1	-2,465915E-3
9,385430E+1	-2,599087E-3
9,380141E+1	-2,442433E-3
9,375500E+1	-2,280746E-3
9,368901E+1	-2,249637E-3
9,363965E+1	-2,366041E-3
9,358629E+1	-2,395037E-3
9,352457E+1	-2,623501E-3
9,345374E+1	-2,295360E-3
9,341930E+1	-2,516195E-3
9,337224E+1	-2,388191E-3
9,333264E+1	-2,082761E-3
9,327828E+1	-2,373483E-3
9,324348E+1	-2,352418E-3
9,316775E+1	-2,359678E-3
9,313720E+1	-2,362896E-3
9,308648E+1	-2,443187E-3
9,304400E+1	-2,606207E-3
9,297970E+1	-2,427908E-3
9,294490E+1	-2,412250E-3
9,287935E+1	-2,507739E-3
9,284498E+1	-2,799738E-3
9,279345E+1	-2,781025E-3
9,274764E+1	-2,347603E-3
9,267970E+1	-2,302454E-3
9,267095E+1	-2,372082E-3
9,259221E+1	-2,318610E-3
9,257771E+1	-2,311502E-3
9,250849E+1	-2,458984E-3
9,248885E+1	-2,498463E-3
9,240712E+1	-2,436824E-3
9,240948E+1	-2,554289E-3
9,234270E+1	-2,633364E-3
9,230169E+1	-2,825050E-3
9,222328E+1	-2,541173E-3
9,221480E+1	-2,806606E-3
9,213097E+1	-2,640189E-3
9,211960E+1	-2,914265E-3
9,204483E+1	-2,616988E-3
9,204263E+1	-2,633572E-3
9,195969E+1	-2,957243E-3
9,195851E+1	-2,798981E-3
9,186737E+1	-2,792394E-3
9,183969E+1	-2,697783E-3
9,175970E+1	-2,577195E-3
9,176522E+1	-2,499366E-3
9,168502E+1	-2,537944E-3
9,168072E+1	-2,714496E-3
9,159269E+1	-2,850778E-3
9,158447E+1	-2,863979E-3
9,149205E+1	-2,584459E-3
9,150649E+1	-2,634647E-3
9,142159E+1	-2,705813E-3
9,142044E+1	-2,961776E-3
9,132463E+1	-2,845335E-3
9,133247E+1	-2,569905E-3
9,123829E+1	-2,953450E-3
9,124966E+1	-2,862390E-3
9,115149E+1	-2,677540E-3
9,116464E+1	-2,871429E-3
9,107022E+1	-2,910746E-3
9,108568E+1	-2,673534E-3
9,099528E+1	-2,785181E-3
9,099998E+1	-2,781304E-3
9,090337E+1	-2,879247E-3
9,092525E+1	-3,119557E-3
9,083629E+1	-2,618759E-3
9,084824E+1	-2,850503E-3
9,073871E+1	-2,926942E-3
9,075166E+1	-2,822547E-3
9,064692E+1	-2,931698E-3
9,067606E+1	-2,677274E-3
9,058640E+1	-2,794709E-3
9,059455E+1	-2,779463E-3
9,048926E+1	-2,897492E-3
9,051089E+1	-2,931917E-3
9,041455E+1	-2,930016E-3
9,043541E+1	-2,938856E-3
9,033490E+1	-3,153963E-3
9,035859E+1	-2,875905E-3
9,025358E+1	-2,805337E-3
9,028428E+1	-2,957097E-3
9,018487E+1	-3,126725E-3
9,020452E+1	-3,071872E-3
9,009535E+1	-3,293152E-3
9,012402E+1	-3,042382E-3
9,003042E+1	-3,069595E-3
9,004571E+1	-2,803228E-3
8,995061E+1	-2,811511E-3
8,997721E+1	-3,050134E-3
8,986794E+1	-2,900939E-3
8,990458E+1	-3,071209E-3
8,980540E+1	-3,291021E-3
8,982576E+1	-3,158292E-3
8,972522E+1	-3,149547E-3
8,975578E+1	-3,057302E-3
8,965873E+1	-3,108294E-3
8,968275E+1	-3,256958E-3
8,957956E+1	-3,296791E-3
8,961254E+1	-3,066329E-3
8,951759E+1	-3,154212E-3
8,954658E+1	-3,184191E-3
8,945478E+1	-3,430427E-3
8,947294E+1	-3,205483E-3
8,936841E+1	-3,279686E-3
8,940255E+1	-3,262626E-3
8,930593E+1	-3,124900E-3
8,931301E+1	-3,460530E-3
8,921539E+1	-3,277818E-3
8,924667E+1	-3,396157E-3
8,922467E+1	-3,356498E-3
8,918569E+1	-3,542037E-3
8,909727E+1	-3,596895E-3
8,911710E+1	-3,409516E-3
8,902504E+1	-3,473950E-3
8,905313E+1	-3,393898E-3
8,895824E+1	-3,473368E-3
8,898609E+1	-3,680436E-3
8,890125E+1	-3,826083E-3
8,891307E+1	-3,760389E-3
8,882314E+1	-3,989060E-3
8,885998E+1	-4,334751E-3
8,876046E+1	-4,293888E-3
8,876828E+1	-4,308601E-3
8,867413E+1	-4,767285E-3
8,870258E+1	-4,596947E-3
8,860953E+1	-4,829333E-3
8,864202E+1	-5,054787E-3
8,855526E+1	-5,463865E-3
8,856701E+1	-5,802326E-3
8,848527E+1	-5,945870E-3
8,851244E+1	-6,463667E-3
8,842446E+1	-6,373354E-3
8,844465E+1	-7,108905E-3
8,836852E+1	-7,277716E-3
8,838591E+1	-7,523340E-3
8,829748E+1	-8,060083E-3
8,832604E+1	-8,464031E-3
8,824150E+1	-8,694046E-3
8,825233E+1	-8,937971E-3
8,816181E+1	-9,349024E-3
8,819603E+1	-9,813940E-3
8,810574E+1	-9,679053E-3
8,813027E+1	-1,036756E-2
8,805475E+1	-1,052312E-2
8,805750E+1	-1,093295E-2
8,797847E+1	-1,120314E-2
8,801158E+1	-1,175283E-2
8,792591E+1	-1,232522E-2
8,793748E+1	-1,293414E-2
8,786386E+1	-1,283605E-2
8,788447E+1	-1,361833E-2
8,780949E+1	-1,369145E-2
8,783621E+1	-1,446795E-2
8,775862E+1	-1,471188E-2
8,775619E+1	-1,528865E-2
8,768675E+1	-1,539374E-2
8,771457E+1	-1,611450E-2
8,763718E+1	-1,656530E-2
8,763339E+1	-1,724886E-2
8,757555E+1	-1,754443E-2
8,758543E+1	-1,783520E-2
8,752166E+1	-1,789673E-2
8,753834E+1	-1,788349E-2
8,746497E+1	-1,824798E-2
8,745275E+1	-1,814419E-2
8,739703E+1	-1,798627E-2
8,741824E+1	-1,804900E-2
8,735032E+1	-1,739220E-2
8,733488E+1	-1,695558E-2
8,728632E+1	-1,586114E-2
8,728737E+1	-1,554060E-2
8,723419E+1	-1,439267E-2
8,724134E+1	-1,286401E-2
8,718485E+1	-1,124082E-2
8,716190E+1	-9,514424E-3
8,711364E+1	-7,483983E-3
8,712757E+1	-4,875839E-3
8,706374E+1	-2,233092E-3
8,705306E+1	1,064815E-3
8,701321E+1	4,481054E-3
8,700430E+1	8,315535E-3
8,696133E+1	1,195976E-2
8,697005E+1	1,634220E-2
8,690788E+1	2,118000E-2
8,689540E+1	2,621509E-2
8,684789E+1	3,156728E-2
8,684966E+1	3,708681E-2
8,680649E+1	4,313966E-2
8,680330E+1	4,930340E-2
8,674903E+1	5,592323E-2
8,672690E+1	6,279949E-2
8,669960E+1	7,031266E-2
8,669905E+1	7,758581E-2
8,664450E+1	8,492617E-2
8,662745E+1	9,290672E-2
8,659573E+1	1,001112E-1
8,658275E+1	1,083643E-1
8,654534E+1	1,164451E-1
8,654154E+1	1,244959E-1
8,649554E+1	1,322914E-1
8,646833E+1	1,398773E-1
8,643831E+1	1,474540E-1
8,642710E+1	1,551013E-1
8,640016E+1	1,626512E-1
8,637037E+1	1,690339E-1
8,633955E+1	1,757081E-1
8,631659E+1	1,815596E-1
8,631287E+1	1,872142E-1
8,628992E+1	1,918869E-1
8,626245E+1	1,959740E-1
8,622261E+1	1,995734E-1
8,621244E+1	2,023550E-1
8,618147E+1	2,046855E-1
8,617989E+1	2,062505E-1
8,613056E+1	2,069968E-1
8,610735E+1	2,065376E-1
8,606411E+1	2,056695E-1
8,605436E+1	2,036319E-1
8,603039E+1	2,009988E-1
8,600379E+1	1,975968E-1
8,597409E+1	1,938102E-1
8,596549E+1	1,889309E-1
8,592814E+1	1,832777E-1
8,593978E+1	1,772544E-1
8,589832E+1	1,704232E-1
8,587041E+1	1,633195E-1
8,583581E+1	1,562827E-1
8,584840E+1	1,484035E-1
8,578732E+1	1,403082E-1
8,579805E+1	1,324680E-1
8,575227E+1	1,242372E-1
8,573829E+1	1,159556E-1
8,568634E+1	1,076224E-1
8,570394E+1	9,908429E-2
8,565638E+1	9,187275E-2
8,565953E+1	8,453430E-2
8,559875E+1	7,630170E-2
8,561124E+1	6,897369E-2
8,555573E+1	6,147511E-2
8,558429E+1	5,448753E-2
8,551639E+1	4,792025E-2
8,551911E+1	4,112114E-2
8,546199E+1	3,477257E-2
8,548855E+1	2,850648E-2
8,542406E+1	2,228741E-2
8,543859E+1	1,656319E-2
8,536890E+1	1,062272E-2
8,538716E+1	4,939150E-3
8,532063E+1	-1,239627E-4
8,535147E+1	-5,462894E-3
8,528120E+1	-1,120525E-2
8,528665E+1	-1,577290E-2
8,522810E+1	-2,026494E-2
8,526426E+1	-2,538569E-2
8,519280E+1	-3,006439E-2
8,522789E+1	-3,466747E-2
8,515478E+1	-3,889355E-2
8,518395E+1	-4,295670E-2
8,511064E+1	-4,726763E-2
8,514829E+1	-5,119871E-2
8,508132E+1	-5,485669E-2
8,509563E+1	-5,882870E-2
8,502670E+1	-6,276842E-2
8,507239E+1	-6,634624E-2
8,499328E+1	-6,976250E-2
8,503412E+1	-7,286844E-2
8,495400E+1	-7,647476E-2
8,498937E+1	-7,927876E-2
8,491338E+1	-8,217636E-2
8,495845E+1	-8,547526E-2
8,487951E+1	-8,850900E-2
8,491881E+1	-9,129981E-2
8,483573E+1	-9,400217E-2
8,487632E+1	-9,650692E-2
8,478934E+1	-9,930467E-2
8,483845E+1	-1,019584E-1
8,476442E+1	-1,045966E-1
8,479743E+1	-1,068644E-1
8,470845E+1	-1,090028E-1
8,476349E+1	-1,113723E-1
8,467687E+1	-1,136499E-1
8,472765E+1	-1,153226E-1
8,465330E+1	-1,179562E-1
8,469045E+1	-1,202755E-1
8,460302E+1	-1,219623E-1
8,465646E+1	-1,239375E-1
8,457443E+1	-1,256989E-1
8,461366E+1	-1,274856E-1
8,452861E+1	-1,293834E-1
8,457601E+1	-1,311768E-1
8,448515E+1	-1,330845E-1
8,454322E+1	-1,342233E-1
8,445655E+1	-1,356747E-1
8,449405E+1	-1,373015E-1
8,440392E+1	-1,389021E-1
8,445574E+1	-1,406420E-1
8,436733E+1	-1,418636E-1
8,441899E+1	-1,430174E-1
8,434454E+1	-1,448830E-1
8,438878E+1	-1,462691E-1
8,430414E+1	-1,476126E-1
8,436063E+1	-1,512082E-1
8,428328E+1	-1,554672E-1
8,432550E+1	-1,711986E-1
8,424088E+1	-1,843126E-1
8,428619E+1	-1,856473E-1
8,420433E+1	-1,845457E-1
8,426212E+1	-1,858233E-1
8,417703E+1	-1,868851E-1
8,421068E+1	-1,877926E-1
8,412779E+1	-1,888225E-1
8,417870E+1	-1,896392E-1
8,409309E+1	-1,904886E-1
8,413306E+1	-1,755912E-1
8,405806E+1	-1,723440E-1
8,409469E+1	-2,136074E-1
8,402380E+1	-2,469579E-1
8,408626E+1	-2,642628E-1
8,400516E+1	-2,503177E-1
8,404428E+1	-2,177566E-1
8,396105E+1	-2,058128E-1
8,401235E+1	-2,063124E-1
8,393698E+1	-2,018642E-1
8,398534E+1	-1,842175E-1
8,391310E+1	-1,846220E-1
8,394619E+1	-1,857297E-1
8,386949E+1	-1,898627E-1
8,392133E+1	-1,890558E-1
8,384060E+1	-1,894069E-1
8,386978E+1	-1,900754E-1
8,381063E+1	-1,906936E-1
8,384514E+1	-1,912994E-1
8,377123E+1	-1,921853E-1
8,382665E+1	-2,081097E-1
8,375188E+1	-2,296462E-1
8,377845E+1	-2,340738E-1
8,370091E+1	-2,347986E-1
8,375177E+1	-2,356194E-1
8,367983E+1	-2,359353E-1
8,373186E+1	-2,365110E-1
8,365909E+1	-2,368131E-1
8,368159E+1	-2,372088E-1
8,361696E+1	-2,355173E-1
8,365584E+1	-2,272993E-1
8,358605E+1	-2,211385E-1
8,362233E+1	-2,167272E-1
8,356544E+1	-2,156615E-1
8,359551E+1	-2,154642E-1
8,352708E+1	-2,158532E-1
8,356084E+1	-2,162409E-1
8,350044E+1	-2,167373E-1
8,352366E+1	-2,172963E-1
8,345636E+1	-2,158237E-1
8,349497E+1	-2,159418E-1
8,342636E+1	-2,165989E-1
8,347226E+1	-2,171648E-1
8,341359E+1	-2,172362E-1
8,343440E+1	-2,175145E-1
8,337234E+1	-2,178064E-1
8,341909E+1	-2,182243E-1
8,335521E+1	-2,185420E-1
8,337517E+1	-2,191437E-1
8,331801E+1	-2,195737E-1
8,334753E+1	-2,201535E-1
8,328296E+1	-2,203704E-1
8,332644E+1	-2,204785E-1
8,326730E+1	-2,207611E-1
8,328603E+1	-2,212035E-1
8,323529E+1	-2,214341E-1
8,327404E+1	-2,175463E-1
8,321646E+1	-2,139293E-1
8,323175E+1	-2,147428E-1
8,319204E+1	-2,151731E-1
8,321003E+1	-2,157880E-1
8,316664E+1	-2,158835E-1
8,319079E+1	-2,160258E-1
8,314343E+1	-2,165251E-1
8,313560E+1	-2,169038E-1
8,310160E+1	-2,170724E-1
8,313257E+1	-2,173641E-1
8,307873E+1	-2,179510E-1
8,309764E+1	-2,181782E-1
8,305973E+1	-2,182870E-1
8,306084E+1	-2,186397E-1
8,303838E+1	-2,187412E-1
8,305572E+1	-2,189578E-1
8,301387E+1	-2,192393E-1
8,301912E+1	-2,195969E-1
8,299073E+1	-2,200008E-1
8,300990E+1	-2,209613E-1
8,298144E+1	-2,203645E-1
8,299168E+1	-2,207560E-1
8,294627E+1	-2,209926E-1
8,294116E+1	-2,215552E-1
8,292704E+1	-2,214223E-1
8,294226E+1	-2,216036E-1
8,290583E+1	-2,221212E-1
8,290497E+1	-2,222228E-1
8,288856E+1	-2,225896E-1
8,289053E+1	-2,223817E-1
8,286703E+1	-2,226528E-1
8,286799E+1	-2,232706E-1
8,284501E+1	-2,232271E-1
8,282956E+1	-2,233467E-1
8,281039E+1	-2,239139E-1
8,281815E+1	-2,240499E-1
8,280696E+1	-2,240623E-1
8,279000E+1	-2,240499E-1
8,277221E+1	-2,242723E-1
8,275864E+1	-2,244867E-1
8,276500E+1	-2,245807E-1
8,275294E+1	-2,250355E-1
8,273454E+1	-2,251503E-1
8,269978E+1	-2,253591E-1
8,269921E+1	-2,258771E-1
8,268297E+1	-2,256148E-1
8,269441E+1	-2,260559E-1
8,265925E+1	-2,263346E-1
8,264931E+1	-2,261910E-1
8,262534E+1	-2,264192E-1
8,264026E+1	-2,263288E-1
8,262085E+1	-2,267447E-1
8,261303E+1	-2,269213E-1
8,257359E+1	-2,271817E-1
8,258867E+1	-2,274407E-1
8,256481E+1	-2,274907E-1
8,257177E+1	-2,277030E-1
8,255599E+1	-2,275586E-1
8,255253E+1	-2,275580E-1
8,251010E+1	-2,281324E-1
8,252488E+1	-2,282367E-1
8,249427E+1	-2,284012E-1
8,250487E+1	-2,286518E-1
8,247913E+1	-2,289058E-1
8,248692E+1	-2,289606E-1
8,244772E+1	-2,288316E-1
8,248300E+1	-2,293153E-1
8,244320E+1	-2,293351E-1
8,243742E+1	-2,293560E-1
8,239541E+1	-2,295577E-1
8,244302E+1	-2,295702E-1
8,239299E+1	-2,299046E-1
8,241876E+1	-2,301030E-1
8,237853E+1	-2,298512E-1
8,238450E+1	-2,297902E-1
8,233923E+1	-2,303352E-1
8,238081E+1	-2,303303E-1
8,232818E+1	-2,306092E-1
8,234208E+1	-2,305360E-1
8,230618E+1	-2,306537E-1
8,234192E+1	-2,305001E-1
8,228009E+1	-2,308801E-1
8,231400E+1	-2,329001E-1
8,226725E+1	-2,272083E-1
8,224940E+1	-2,126433E-1
8,219255E+1	-1,853725E-1
8,229239E+1	-2,275986E-1
8,233036E+1	-2,301825E-1
8,248326E+1	-2,300039E-1
8,254394E+1	-2,294034E-1
8,269142E+1	-2,295986E-1
8,273456E+1	-2,294124E-1
8,289620E+1	-2,295518E-1
8,293434E+1	-2,298432E-1
8,306221E+1	-2,302269E-1
8,310185E+1	-2,297778E-1
8,323389E+1	-2,294951E-1
8,324500E+1	-2,289376E-1
8,337384E+1	-2,280188E-1
8,341704E+1	-2,270489E-1
8,357136E+1	-2,259820E-1
8,363183E+1	-2,254367E-1
8,382997E+1	-2,251425E-1
8,389369E+1	-2,248099E-1
8,406702E+1	-2,244864E-1
8,415375E+1	-2,246264E-1
8,432629E+1	-2,245332E-1
8,439224E+1	-2,241337E-1
8,458975E+1	-2,236547E-1
8,465752E+1	-2,235785E-1
8,482430E+1	-2,232975E-1
8,488353E+1	-2,227716E-1
8,507451E+1	-2,227414E-1
8,512750E+1	-2,225944E-1
8,531856E+1	-2,219633E-1
8,537002E+1	-2,218731E-1
8,553881E+1	-2,217004E-1
8,557902E+1	-2,213301E-1
8,576068E+1	-2,211115E-1
8,580910E+1	-2,207979E-1
8,598439E+1	-2,206981E-1
8,603655E+1	-2,204715E-1
8,621552E+1	-2,200444E-1
8,625928E+1	-2,198448E-1
8,645196E+1	-2,196208E-1
8,650047E+1	-2,195556E-1
8,666781E+1	-2,187402E-1
8,670372E+1	-2,187049E-1
8,688482E+1	-2,182606E-1
8,692843E+1	-2,183758E-1
8,710919E+1	-2,180405E-1
8,717807E+1	-2,178475E-1
8,736912E+1	-2,172989E-1
8,743227E+1	-2,173371E-1
8,762308E+1	-2,169534E-1
8,768970E+1	-2,166056E-1
8,785856E+1	-2,165160E-1
8,789461E+1	-2,160561E-1
8,807560E+1	-2,161984E-1
8,811722E+1	-2,154946E-1
8,831013E+1	-2,152333E-1
8,837709E+1	-2,148650E-1
8,855932E+1	-2,144902E-1
8,861937E+1	-2,145693E-1
8,881926E+1	-2,140492E-1
8,889346E+1	-2,139519E-1
8,908167E+1	-2,136590E-1
8,914789E+1	-2,133881E-1
8,932734E+1	-2,129555E-1
8,939088E+1	-2,125718E-1
8,959073E+1	-2,120486E-1
8,966373E+1	-2,115426E-1
8,984123E+1	-2,113409E-1
8,990264E+1	-2,110407E-1
9,008760E+1	-2,107373E-1
9,016268E+1	-2,104273E-1
9,033857E+1	-2,103527E-1
9,041433E+1	-2,096306E-1
9,061206E+1	-2,094473E-1
9,069290E+1	-2,088718E-1
9,088946E+1	-2,083502E-1
9,096909E+1	-2,083992E-1
9,114497E+1	-2,075553E-1
9,121158E+1	-2,072089E-1
9,139700E+1	-2,067921E-1
9,147261E+1	-2,066230E-1
9,164463E+1	-2,061908E-1
9,173028E+1	-2,056489E-1
9,191750E+1	-2,055204E-1
9,199719E+1	-2,050297E-1
9,218433E+1	-2,044999E-1
9,225687E+1	-2,045491E-1
9,242599E+1	-2,034614E-1
9,250904E+1	-2,033704E-1
9,269979E+1	-2,030137E-1
9,278690E+1	-2,024125E-1
9,296507E+1	-2,016130E-1
9,305535E+1	-2,013100E-1
9,324747E+1	-2,008254E-1
9,333578E+1	-2,002757E-1
9,353176E+1	-1,996304E-1
9,361652E+1	-1,990136E-1
9,378500E+1	-1,984192E-1
9,386926E+1	-1,978824E-1
9,406518E+1	-1,976855E-1
9,414530E+1	-1,968807E-1
9,433134E+1	-1,962746E-1
9,442319E+1	-1,952425E-1
9,458733E+1	-1,948351E-1
9,467351E+1	-1,944096E-1
9,485903E+1	-1,937652E-1
9,494159E+1	-1,926966E-1
9,511851E+1	-1,925450E-1
9,522550E+1	-1,917140E-1
9,539751E+1	-1,913482E-1
9,549189E+1	-1,905140E-1
9,566951E+1	-1,896960E-1
9,576312E+1	-1,889015E-1
9,591999E+1	-1,877855E-1
9,601840E+1	-1,874433E-1
9,619832E+1	-1,861920E-1
9,628901E+1	-1,850731E-1
9,646965E+1	-1,845224E-1
9,656399E+1	-1,837465E-1
9,671203E+1	-1,831088E-1
9,682261E+1	-1,817083E-1
9,699436E+1	-1,809340E-1
9,708863E+1	-1,796628E-1
9,724267E+1	-1,784519E-1
9,735344E+1	-1,773686E-1
9,750883E+1	-1,758627E-1
9,761316E+1	-1,746508E-1
9,777146E+1	-1,733009E-1
9,786582E+1	-1,719890E-1
9,802043E+1	-1,705345E-1
9,813291E+1	-1,689134E-1
9,829579E+1	-1,676019E-1
9,857503E+1	-1,633824E-1
9,870219E+1	-1,624797E-1
9,884680E+1	-1,605944E-1
9,897833E+1	-1,587935E-1
9,913926E+1	-1,570373E-1
9,925109E+1	-1,547008E-1
9,939424E+1	-1,520550E-1
9,952227E+1	-1,498685E-1
9,966668E+1	-1,472686E-1
9,980777E+1	-1,445846E-1
9,994758E+1	-1,417578E-1
1,000576E+2	-1,388390E-1
1,002041E+2	-1,355085E-1
1,003460E+2	-1,319717E-1
1,004871E+2	-1,283940E-1
1,006116E+2	-1,244365E-1
1,007491E+2	-1,206540E-1
1,008702E+2	-1,161541E-1
1,010096E+2	-1,115906E-1
1,011575E+2	-1,067205E-1
1,012883E+2	-1,014010E-1
1,014159E+2	-9,565043E-2
1,015397E+2	-9,004406E-2
1,016821E+2	-8,325001E-2
1,018154E+2	-7,622035E-2
1,019594E+2	-6,883077E-2
1,020991E+2	-6,073867E-2
1,022310E+2	-5,195288E-2
1,023517E+2	-4,259517E-2
1,024945E+2	-3,309827E-2
1,026293E+2	-2,207075E-2
1,027675E+2	-1,031225E-2
1,028945E+2	1,560681E-3
1,030391E+2	1,405150E-2
1,031630E+2	2,861681E-2
1,033335E+2	4,357992E-2
1,034453E+2	5,916198E-2
1,035732E+2	7,730454E-2
1,037030E+2	9,549508E-2
1,038669E+2	1,147811E-1
1,039725E+2	1,339016E-1
1,041381E+2	1,542106E-1
1,042478E+2	1,726010E-1
1,043824E+2	1,873131E-1
1,044962E+2	1,974922E-1
1,046612E+2	2,027704E-1
1,047710E+2	2,023008E-1
1,049047E+2	1,971333E-1
1,050342E+2	1,869354E-1
1,051955E+2	1,722501E-1
1,052963E+2	1,554040E-1
1,054597E+2	1,330129E-1
1,055725E+2	1,144216E-1
1,057174E+2	9,344469E-2
1,058209E+2	7,285520E-2
1,059819E+2	5,352196E-2
1,060851E+2	3,511348E-2
1,062503E+2	1,789311E-2
1,063538E+2	3,162025E-3
1,065097E+2	-8,862702E-3
1,066063E+2	-1,982067E-2
1,067831E+2	-2,789142E-2
1,068752E+2	-3,452492E-2
1,070195E+2	-3,970033E-2
1,071216E+2	-4,300634E-2
1,072936E+2	-4,542099E-2
1,073772E+2	-4,699370E-2
1,075569E+2	-4,747609E-2
1,076539E+2	-4,783803E-2
1,078048E+2	-4,751217E-2
1,079081E+2	-4,709126E-2
1,080908E+2	-4,676951E-2
1,081772E+2	-4,636906E-2
1,083383E+2	-4,617994E-2
1,084454E+2	-4,560233E-2
1,086130E+2	-4,520976E-2
1,086986E+2	-4,497053E-2
1,088757E+2	-4,472163E-2
1,089687E+2	-4,396520E-2
1,091346E+2	-4,403796E-2
1,092178E+2	-4,356011E-2
1,093990E+2	-4,296119E-2
1,094827E+2	-4,253298E-2
1,096656E+2	-4,280424E-2
1,097563E+2	-4,245491E-2
1,099332E+2	-4,194807E-2
1,100170E+2	-4,174318E-2
1,101980E+2	-4,162118E-2
1,102791E+2	-4,173455E-2
1,104609E+2	-4,156638E-2
1,105406E+2	-4,135251E-2
1,107116E+2	-4,060873E-2
1,107876E+2	-4,123044E-2
1,109642E+2	-4,121279E-2
1,110560E+2	-4,141687E-2
1,112403E+2	-4,120113E-2
1,113250E+2	-4,134665E-2
1,115051E+2	-4,135332E-2
1,115822E+2	-4,109939E-2
1,117712E+2	-4,063754E-2
1,118572E+2	-3,902016E-2
1,120328E+2	-3,567310E-2
1,121038E+2	-2,227119E-2
1,122865E+2	8,270407E-3
1,123535E+2	2,835987E-2
1,125260E+2	4,399729E-2
1,126068E+2	5,114628E-2
1,127707E+2	5,510226E-2
1,128347E+2	4,677152E-2
1,130070E+2	2,830472E-2
1,130654E+2	-7,815265E-3
1,132115E+2	-1,712641E-2
1,132571E+2	-1,656561E-2
1,133834E+2	-1,577473E-2
1,134013E+2	-1,505305E-2
1,135248E+2	-1,667778E-2
1,135325E+2	-1,772361E-2
1,136164E+2	-1,728226E-2
1,135828E+2	-1,528090E-2
1,134948E+2	-8,637688E-3
1,131309E+2	5,497950E-3
1,127217E+2	2,428329E-2
1,120682E+2	4,717678E-2
1,114160E+2	7,913289E-2
1,104462E+2	1,238554E-1
1,085576E+2	1,446598E-1
1,061507E+2	1,510065E-1
1,045598E+2	1,364812E-1
1,033594E+2	1,087581E-1
1,025601E+2	6,746204E-2
1,019681E+2	2,392950E-2
1,016237E+2	-2,306891E-2
1,012550E+2	-6,213406E-2
1,010529E+2	-8,112394E-2
1,007874E+2	-9,427296E-2
1,006462E+2	-1,084048E-1
1,004168E+2	-1,367183E-1
1,003162E+2	-1,432147E-1
1,001241E+2	-1,493225E-1
1,000137E+2	-1,584671E-1
9,982763E+1	-1,937249E-1
9,975834E+1	-2,365152E-1
9,956874E+1	-2,587084E-1
9,948295E+1	-2,558561E-1
9,930725E+1	-2,582045E-1
9,924167E+1	-2,579190E-1
9,906709E+1	-2,583297E-1
9,901118E+1	-2,584440E-1
9,883649E+1	-2,634095E-1
9,875998E+1	-2,786904E-1
9,860187E+1	-2,853254E-1
9,855320E+1	-2,861577E-1
9,837762E+1	-2,870045E-1
9,832046E+1	-2,913781E-1
9,817447E+1	-2,905940E-1
9,811238E+1	-2,906867E-1
9,795474E+1	-2,906956E-1
9,791322E+1	-2,909995E-1
9,776508E+1	-2,909479E-1
9,769556E+1	-2,907946E-1
9,755041E+1	-2,908818E-1
9,751742E+1	-2,912742E-1
9,736181E+1	-2,912597E-1
9,730517E+1	-2,914299E-1
9,718238E+1	-2,913233E-1
9,712270E+1	-2,914449E-1
9,698882E+1	-2,916002E-1
9,694597E+1	-2,913478E-1
9,681505E+1	-2,915734E-1
9,675949E+1	-2,915851E-1
9,663651E+1	-2,912563E-1
9,658242E+1	-2,914263E-1
9,646011E+1	-2,914727E-1
9,641976E+1	-2,914109E-1
9,629477E+1	-2,915312E-1
9,622840E+1	-2,916170E-1
9,612304E+1	-2,917333E-1
9,608963E+1	-2,917438E-1
9,595728E+1	-2,916465E-1
9,589938E+1	-2,917684E-1
9,580975E+1	-2,914711E-1
9,575748E+1	-2,919265E-1
9,565216E+1	-2,918563E-1
9,561717E+1	-2,917019E-1
9,549806E+1	-2,919301E-1
9,543472E+1	-2,917834E-1
9,534090E+1	-2,919689E-1
9,530975E+1	-2,918372E-1
9,519765E+1	-2,919287E-1
9,516526E+1	-2,919396E-1
9,506495E+1	-2,918225E-1
9,499607E+1	-2,921288E-1
9,491241E+1	-2,919832E-1
9,487917E+1	-2,919328E-1
9,478661E+1	-2,918952E-1
9,471929E+1	-2,920132E-1
9,463874E+1	-2,918881E-1
9,458149E+1	-2,918687E-1
9,450503E+1	-2,918331E-1
9,446639E+1	-2,919174E-1
9,437165E+1	-2,922826E-1
9,431129E+1	-2,923407E-1
9,423908E+1	-2,921553E-1
9,420106E+1	-2,922335E-1
9,411396E+1	-2,925598E-1
9,407351E+1	-2,927350E-1
9,398777E+1	-2,925714E-1
9,391706E+1	-2,921880E-1
9,385597E+1	-2,922222E-1
9,381412E+1	-2,923464E-1
9,375227E+1	-2,924058E-1
9,368505E+1	-2,923967E-1
9,362005E+1	-2,926955E-1
9,355939E+1	-2,925877E-1
9,350133E+1	-2,925942E-1
9,346162E+1	-2,925151E-1
9,338252E+1	-2,924282E-1
9,331792E+1	-2,924039E-1
9,326444E+1	-2,925369E-1
9,321023E+1	-2,924480E-1
9,316365E+1	-2,923490E-1
9,309906E+1	-2,924274E-1
9,303365E+1	-2,923533E-1
9,297127E+1	-2,927022E-1
9,293380E+1	-2,925638E-1
9,287182E+1	-2,922635E-1
9,282317E+1	-2,924244E-1
9,275377E+1	-2,923137E-1
9,271065E+1	-2,924023E-1
9,263948E+1	-2,926841E-1
9,261278E+1	-2,928079E-1
9,255091E+1	-2,924791E-1
9,250355E+1	-2,926296E-1
9,241892E+1	-2,926548E-1
9,238873E+1	-2,926934E-1
9,232507E+1	-2,923684E-1
9,228382E+1	-2,923679E-1
9,220993E+1	-2,924040E-1
9,218950E+1	-2,925210E-1
9,211955E+1	-2,924852E-1
9,210449E+1	-2,924305E-1
9,202190E+1	-2,925676E-1
9,198400E+1	-2,925214E-1
9,190859E+1	-2,924253E-1
9,189236E+1	-2,926056E-1
9,182630E+1	-2,922885E-1
9,179248E+1	-2,922188E-1
9,170737E+1	-2,926087E-1
9,169288E+1	-2,925630E-1
9,161150E+1	-2,925316E-1
9,161158E+1	-2,926738E-1
9,153166E+1	-2,927153E-1
9,151756E+1	-2,923020E-1
9,142711E+1	-2,926349E-1
9,141207E+1	-2,927404E-1
9,133546E+1	-2,924544E-1
9,131563E+1	-2,925865E-1
9,122345E+1	-2,928003E-1
9,123342E+1	-2,927871E-1
9,114680E+1	-2,925615E-1
9,114240E+1	-2,924764E-1
9,106065E+1	-2,923034E-1
9,105059E+1	-2,926552E-1
9,095781E+1	-2,926437E-1
9,096650E+1	-2,925052E-1
9,088836E+1	-2,923258E-1
9,088291E+1	-2,926629E-1
9,077625E+1	-2,925262E-1
9,079010E+1	-2,921741E-1
9,069210E+1	-2,925921E-1
9,070163E+1	-2,921180E-1
9,062026E+1	-2,924522E-1
9,062473E+1	-2,923896E-1
9,052432E+1	-2,923634E-1
9,053109E+1	-2,926241E-1
9,044441E+1	-2,923204E-1
9,044066E+1	-2,926586E-1
9,034528E+1	-2,928501E-1
9,036369E+1	-2,924180E-1
9,027000E+1	-2,926844E-1
9,028512E+1	-2,924077E-1
9,018723E+1	-2,923187E-1
9,019646E+1	-2,923189E-1
9,009426E+1	-2,921018E-1
9,012087E+1	-2,923537E-1
9,003034E+1	-2,924733E-1
9,004169E+1	-2,923882E-1
8,993483E+1	-2,925267E-1
8,995946E+1	-2,924683E-1
8,985383E+1	-2,923110E-1
8,987998E+1	-2,922451E-1
8,978147E+1	-2,928387E-1
8,980177E+1	-2,926022E-1
8,969868E+1	-2,923468E-1
8,972402E+1	-2,926609E-1
8,962745E+1	-2,923051E-1
8,964734E+1	-2,922145E-1
8,953394E+1	-2,924192E-1
8,956984E+1	-2,925314E-1
8,946515E+1	-2,925827E-1
8,948938E+1	-2,924198E-1
8,939089E+1	-2,926664E-1
8,941489E+1	-2,923584E-1
8,931024E+1	-2,924131E-1
8,934420E+1	-2,923786E-1
8,924821E+1	-2,924191E-1
8,926094E+1	-2,923068E-1
8,915754E+1	-2,921901E-1
8,919585E+1	-2,921806E-1
8,909372E+1	-2,925171E-1
8,912007E+1	-2,924620E-1
8,902817E+1	-2,924934E-1
8,904962E+1	-2,924001E-1
8,894780E+1	-2,924504E-1
8,897933E+1	-2,932658E-1
8,888210E+1	-2,933769E-1
8,890579E+1	-2,939126E-1
8,880688E+1	-2,938057E-1
8,883543E+1	-2,934820E-1
8,873843E+1	-2,936864E-1
8,878773E+1	-2,935418E-1
8,867962E+1	-2,935684E-1
8,869932E+1	-2,933916E-1
8,860221E+1	-2,936823E-1
8,863483E+1	-2,935638E-1
8,853663E+1	-2,933700E-1
8,856087E+1	-2,936015E-1
8,847776E+1	-2,932861E-1
8,849958E+1	-2,935743E-1
8,840432E+1	-2,932316E-1
8,844054E+1	-2,932029E-1
8,834731E+1	-2,930694E-1
8,836657E+1	-2,930508E-1
8,826308E+1	-2,925480E-1
8,829261E+1	-2,931234E-1
8,820665E+1	-2,927069E-1
8,824253E+1	-2,929433E-1
8,815295E+1	-2,931996E-1
8,816510E+1	-2,932638E-1
8,807877E+1	-2,929636E-1
8,810445E+1	-2,931073E-1
8,801853E+1	-2,931783E-1
8,803654E+1	-2,932184E-1
8,794883E+1	-2,932512E-1
8,796606E+1	-2,929418E-1
8,788267E+1	-2,930026E-1
8,792205E+1	-2,932283E-1
8,783477E+1	-2,933676E-1
8,784622E+1	-2,932153E-1
8,776358E+1	-2,932502E-1
8,778833E+1	-2,932592E-1
8,770177E+1	-2,932440E-1
8,772225E+1	-2,929462E-1
8,764325E+1	-2,927665E-1
8,765260E+1	-2,930157E-1
8,757305E+1	-2,926411E-1
8,761104E+1	-2,930463E-1
8,752359E+1	-2,928210E-1
8,753136E+1	-2,927614E-1
8,745355E+1	-2,925314E-1
8,747940E+1	-2,926724E-1
8,739651E+1	-2,927971E-1
8,741953E+1	-2,927160E-1
8,735121E+1	-2,927196E-1
8,735202E+1	-2,928018E-1
8,728656E+1	-2,930280E-1
8,732141E+1	-2,930459E-1
8,724406E+1	-2,927658E-1
8,724973E+1	-2,924813E-1
8,717137E+1	-2,925624E-1
8,719909E+1	-2,925475E-1
8,712764E+1	-2,925428E-1
8,713614E+1	-2,919631E-1
8,707474E+1	-2,921060E-1
8,706501E+1	-2,916076E-1
8,701620E+1	-2,915017E-1
8,703417E+1	-2,913161E-1
8,696117E+1	-2,913841E-1
8,696974E+1	-2,910748E-1
8,689799E+1	-2,905141E-1
8,692302E+1	-2,902720E-1
8,684731E+1	-2,900881E-1
8,687620E+1	-2,895527E-1
8,680192E+1	-2,891581E-1
8,680025E+1	-2,888922E-1
8,674140E+1	-2,886764E-1
8,676606E+1	-2,878682E-1
8,669896E+1	-2,875811E-1
8,669449E+1	-2,874175E-1
8,664219E+1	-2,870556E-1
8,664508E+1	-2,856801E-1
8,659462E+1	-2,854669E-1
8,660336E+1	-2,852182E-1
8,654151E+1	-2,848206E-1
8,652645E+1	-2,839766E-1
8,648152E+1	-2,836631E-1
8,649534E+1	-2,829567E-1
8,643008E+1	-2,823351E-1
8,643426E+1	-2,821234E-1
8,638711E+1	-2,811846E-1
8,637166E+1	-2,805099E-1
8,633838E+1	-2,798525E-1
8,633744E+1	-2,792276E-1
8,628242E+1	-2,780943E-1
8,627191E+1	-2,772121E-1
8,622572E+1	-2,763496E-1
8,621711E+1	-2,755934E-1
8,619310E+1	-2,740734E-1
8,618585E+1	-2,723065E-1
8,613706E+1	-2,704243E-1
8,611694E+1	-2,691568E-1
8,609842E+1	-2,670151E-1
8,609597E+1	-2,641332E-1
8,604624E+1	-2,617468E-1
8,601570E+1	-2,587809E-1
8,599340E+1	-2,550767E-1
8,597204E+1	-2,514534E-1
8,596323E+1	-2,475668E-1
8,594159E+1	-2,435359E-1
8,590395E+1	-2,386668E-1
8,588335E+1	-2,335167E-1
8,586784E+1	-2,280902E-1
8,584794E+1	-2,220403E-1
8,581866E+1	-2,157417E-1
8,579947E+1	-2,094282E-1
8,578041E+1	-2,018849E-1
8,575042E+1	-1,939516E-1
8,573768E+1	-1,857109E-1
8,571961E+1	-1,774484E-1
8,568616E+1	-1,685190E-1
8,565198E+1	-1,591448E-1
8,563807E+1	-1,499226E-1
8,561221E+1	-1,396434E-1
8,561815E+1	-1,296009E-1
8,557255E+1	-1,192963E-1
8,555905E+1	-1,084182E-1
8,551844E+1	-9,805049E-2
8,552477E+1	-8,692568E-2
8,549344E+1	-7,639804E-2
8,547913E+1	-6,548580E-2
8,542405E+1	-5,412419E-2
8,543351E+1	-4,360227E-2
8,539332E+1	-3,301205E-2
8,539346E+1	-2,258247E-2
8,536020E+1	-1,333584E-2
8,534573E+1	-3,306277E-3
8,529110E+1	5,250608E-3
8,530389E+1	1,385353E-2
8,526685E+1	2,084375E-2
8,527492E+1	2,778113E-2
8,522882E+1	3,345011E-2
8,523140E+1	3,851912E-2
8,517398E+1	4,231464E-2
8,520323E+1	4,512745E-2
8,515156E+1	4,725949E-2
8,513668E+1	4,801373E-2
8,508614E+1	4,822034E-2
8,511199E+1	4,666079E-2
8,506103E+1	4,513368E-2
8,507950E+1	4,209193E-2
8,502514E+1	3,796088E-2
8,504167E+1	3,355612E-2
8,497584E+1	2,805821E-2
8,501206E+1	2,215786E-2
8,495557E+1	1,592946E-2
8,495565E+1	8,870189E-3
8,490380E+1	1,869368E-3
8,492668E+1	-4,995826E-3
8,486245E+1	-1,258226E-2
8,490245E+1	-1,963361E-2
8,483962E+1	-2,630194E-2
8,484685E+1	-3,395034E-2
8,478242E+1	-3,983580E-2
8,482534E+1	-4,664997E-2
8,475446E+1	-5,334819E-2
8,477886E+1	-5,949583E-2
8,472102E+1	-6,565951E-2
8,475116E+1	-7,134911E-2
8,467575E+1	-7,658909E-2
8,470871E+1	-8,227108E-2
8,464562E+1	-8,755655E-2
8,467182E+1	-9,236670E-2
8,458844E+1	-9,770960E-2
8,463153E+1	-1,024879E-1
8,455979E+1	-1,075917E-1
8,460554E+1	-1,121181E-1
8,453443E+1	-1,167064E-1
8,448716E+1	-1,250564E-1
8,453833E+1	-1,292100E-1
8,445861E+1	-1,328846E-1
8,450812E+1	-1,372396E-1
8,442727E+1	-1,405330E-1
8,446247E+1	-1,443319E-1
8,438104E+1	-1,479366E-1
8,443670E+1	-1,510748E-1
8,436338E+1	-1,547419E-1
8,440013E+1	-1,579279E-1
8,431818E+1	-1,610886E-1
8,436825E+1	-1,641607E-1
8,428300E+1	-1,670474E-1
8,434086E+1	-1,702639E-1
8,425861E+1	-1,728573E-1
8,430377E+1	-1,754595E-1
8,421902E+1	-1,781632E-1
8,427433E+1	-1,799367E-1
8,418858E+1	-1,825531E-1
8,424107E+1	-1,852642E-1
8,416271E+1	-1,872356E-1
8,420958E+1	-1,898235E-1
8,412010E+1	-1,916617E-1
8,417388E+1	-1,937342E-1
8,409579E+1	-1,956318E-1
8,413950E+1	-1,979330E-1
8,404870E+1	-1,993733E-1
8,409928E+1	-2,014233E-1
8,402041E+1	-2,030146E-1
8,408094E+1	-2,047841E-1
8,400282E+1	-2,068522E-1
8,404069E+1	-2,084400E-1
8,396555E+1	-2,099954E-1
8,401921E+1	-2,113087E-1
8,393927E+1	-2,131455E-1
8,399432E+1	-2,144477E-1
8,391572E+1	-2,159707E-1
8,395528E+1	-2,177888E-1
8,387292E+1	-2,188593E-1
8,392531E+1	-2,203065E-1
8,385382E+1	-2,214935E-1
8,389399E+1	-2,228335E-1
8,380873E+1	-2,239879E-1
8,385823E+1	-2,253816E-1
8,378676E+1	-2,261602E-1
8,383742E+1	-2,275728E-1
8,376668E+1	-2,287572E-1
8,380970E+1	-2,298512E-1
8,373260E+1	-2,308004E-1
8,378290E+1	-2,315808E-1
8,370436E+1	-2,328080E-1
8,375244E+1	-2,335149E-1
8,368291E+1	-2,345440E-1
8,371544E+1	-2,354509E-1
8,364408E+1	-2,366960E-1
8,370631E+1	-2,375471E-1
8,362799E+1	-2,377388E-1
8,365368E+1	-2,387805E-1
8,358188E+1	-2,397354E-1
8,363208E+1	-2,405278E-1
8,356145E+1	-2,414134E-1
8,361712E+1	-2,424718E-1
8,354727E+1	-2,428476E-1
8,358031E+1	-2,442372E-1
8,350756E+1	-2,447003E-1
8,355397E+1	-2,452956E-1
8,348619E+1	-2,455806E-1
8,352730E+1	-2,467493E-1
8,346566E+1	-2,470264E-1
8,349269E+1	-2,478634E-1
8,343574E+1	-2,486651E-1
8,348893E+1	-2,492464E-1
8,341957E+1	-2,498698E-1
8,344918E+1	-2,502920E-1
8,337085E+1	-2,508674E-1
8,342741E+1	-2,512211E-1
8,335026E+1	-2,519440E-1
8,339407E+1	-2,524361E-1
8,333765E+1	-2,531133E-1
8,336689E+1	-2,537232E-1
8,330298E+1	-2,543932E-1
8,335560E+1	-2,541451E-1
8,329200E+1	-2,552054E-1
8,331449E+1	-2,555560E-1
8,326611E+1	-2,558963E-1
8,329566E+1	-2,561911E-1
8,323379E+1	-2,567336E-1
8,327954E+1	-2,574760E-1
8,322035E+1	-2,579372E-1
8,324427E+1	-2,583527E-1
8,318106E+1	-2,587132E-1
8,322645E+1	-2,588045E-1
8,317498E+1	-2,592816E-1
8,320040E+1	-2,595862E-1
8,315293E+1	-2,601905E-1
8,316302E+1	-2,606423E-1
8,312001E+1	-2,605845E-1
8,315762E+1	-2,609724E-1
8,309729E+1	-2,613387E-1
8,310527E+1	-2,615373E-1
8,306248E+1	-2,619093E-1
8,309098E+1	-2,622497E-1
8,305503E+1	-2,624835E-1
8,307142E+1	-2,628945E-1
8,303297E+1	-2,632603E-1
8,304715E+1	-2,636374E-1
8,300385E+1	-2,642857E-1
8,303615E+1	-2,642739E-1
8,299348E+1	-2,645344E-1
8,300240E+1	-2,647773E-1
8,297926E+1	-2,650898E-1
8,299137E+1	-2,656085E-1
8,295301E+1	-2,659320E-1
8,297459E+1	-2,659176E-1
8,293716E+1	-2,664056E-1
8,292837E+1	-2,667254E-1
8,290233E+1	-2,670188E-1
8,293275E+1	-2,673018E-1
8,290792E+1	-2,676179E-1
8,289731E+1	-2,678289E-1
8,287602E+1	-2,680353E-1
8,287240E+1	-2,686692E-1
8,285508E+1	-2,690482E-1
8,287370E+1	-2,694434E-1
8,282948E+1	-2,695310E-1
8,283405E+1	-2,695226E-1
8,281167E+1	-2,695260E-1
8,281455E+1	-2,698367E-1
8,281125E+1	-2,705811E-1
8,278611E+1	-2,710788E-1
8,277498E+1	-2,709552E-1
8,276261E+1	-2,711031E-1
8,277764E+1	-2,713670E-1
8,274791E+1	-2,715020E-1
8,272953E+1	-2,715693E-1
8,272237E+1	-2,719315E-1
8,271040E+1	-2,721582E-1
8,271751E+1	-2,720096E-1
8,270367E+1	-2,723060E-1
8,268182E+1	-2,726417E-1
8,266445E+1	-2,726960E-1
8,266745E+1	-2,729644E-1
8,266811E+1	-2,730223E-1
8,265399E+1	-2,732906E-1
8,263328E+1	-2,734973E-1
8,263495E+1	-2,735125E-1
8,261264E+1	-2,740065E-1
8,263365E+1	-2,738771E-1
8,261051E+1	-2,741871E-1
8,259048E+1	-2,739430E-1
8,256662E+1	-2,741993E-1
8,259602E+1	-2,744946E-1
8,257075E+1	-2,748119E-1
8,258032E+1	-2,748396E-1
8,256427E+1	-2,750993E-1
8,257411E+1	-2,751324E-1
8,253508E+1	-2,752626E-1
8,255340E+1	-2,756350E-1
8,253580E+1	-2,760772E-1
8,253250E+1	-2,770330E-1
8,249186E+1	-2,787457E-1
8,250798E+1	-2,797731E-1
8,247721E+1	-2,809705E-1
8,248881E+1	-2,814263E-1
8,245951E+1	-2,815953E-1
8,246438E+1	-2,815892E-1
8,241961E+1	-2,822276E-1
8,244722E+1	-2,823996E-1
8,239882E+1	-2,826989E-1
8,242404E+1	-2,825514E-1
8,239071E+1	-2,828235E-1
8,240450E+1	-2,830030E-1
8,235322E+1	-2,833307E-1
8,239536E+1	-2,837360E-1
8,235070E+1	-2,838579E-1
8,235174E+1	-2,839667E-1
8,230259E+1	-2,840036E-1
8,234765E+1	-2,841923E-1
8,229689E+1	-2,844951E-1
8,233116E+1	-2,844506E-1
8,228432E+1	-2,844760E-1
8,229236E+1	-2,850644E-1
8,224334E+1	-2,848576E-1
8,227982E+1	-2,851131E-1
8,222862E+1	-2,851154E-1
8,226886E+1	-2,852980E-1
8,220942E+1	-2,853976E-1
8,224690E+1	-2,857168E-1
8,219029E+1	-2,860543E-1
8,223748E+1	-2,858362E-1
8,217690E+1	-2,859113E-1
8,220586E+1	-2,862372E-1
8,213874E+1	-2,860643E-1
8,218646E+1	-2,864644E-1
8,212117E+1	-2,860602E-1
8,216406E+1	-2,861841E-1
8,211504E+1	-2,864567E-1
8,214593E+1	-2,865796E-1
8,207762E+1	-2,866278E-1
8,212533E+1	-2,865195E-1
8,206607E+1	-2,872213E-1
8,210025E+1	-2,867360E-1
8,203767E+1	-2,867794E-1
8,209016E+1	-2,868818E-1
8,202569E+1	-2,866240E-1
8,208068E+1	-2,869519E-1
8,201369E+1	-2,874570E-1
8,206258E+1	-2,875587E-1
8,198240E+1	-2,875372E-1
8,204779E+1	-2,875205E-1
8,197144E+1	-2,875132E-1
8,203037E+1	-2,874028E-1
8,196171E+1	-2,873823E-1
8,201721E+1	-2,875105E-1
8,193792E+1	-2,875633E-1
8,199876E+1	-2,879516E-1
8,193250E+1	-2,878800E-1
8,198427E+1	-2,880014E-1
8,189744E+1	-2,880709E-1
8,196687E+1	-2,882622E-1
8,189022E+1	-2,881784E-1
8,195209E+1	-2,884228E-1
8,188388E+1	-2,887227E-1
8,193766E+1	-2,883575E-1
8,186428E+1	-2,885401E-1
8,193139E+1	-2,890523E-1
8,186514E+1	-2,886209E-1
8,191719E+1	-2,889651E-1
8,183369E+1	-2,892070E-1
8,189691E+1	-2,888646E-1
8,182498E+1	-2,892539E-1
8,189412E+1	-2,893381E-1
8,182697E+1	-2,895439E-1
8,187916E+1	-2,893333E-1
8,180206E+1	-2,893785E-1
8,185820E+1	-2,896525E-1
8,178326E+1	-2,893868E-1
8,183588E+1	-2,895867E-1
8,177586E+1	-2,895607E-1
8,182737E+1	-2,898996E-1
8,175242E+1	-2,899680E-1
8,181512E+1	-2,897970E-1
8,175057E+1	-2,900036E-1
8,179563E+1	-2,900626E-1
8,172622E+1	-2,901940E-1
8,177630E+1	-2,902565E-1
8,171352E+1	-2,903794E-1
8,177519E+1	-2,904858E-1
8,171173E+1	-2,903387E-1
8,176641E+1	-2,905543E-1
8,169246E+1	-2,903980E-1
8,175398E+1	-2,904999E-1
8,171959E+1	-2,904964E-1
8,173127E+1	-2,904636E-1
8,166563E+1	-2,906177E-1
8,170691E+1	-2,907266E-1
8,164312E+1	-2,907756E-1
8,170795E+1	-2,909748E-1
8,163569E+1	-2,909685E-1
8,167630E+1	-2,908019E-1
8,160878E+1	-2,911102E-1
8,166893E+1	-2,912786E-1
8,160182E+1	-2,911946E-1
8,165115E+1	-2,915527E-1
8,159735E+1	-2,912688E-1
8,163464E+1	-2,914392E-1
8,157794E+1	-2,912282E-1
8,164124E+1	-2,914394E-1
8,157830E+1	-2,915049E-1
8,161485E+1	-2,915280E-1
8,155367E+1	-2,917221E-1
8,160503E+1	-2,919286E-1
8,154455E+1	-2,918033E-1
8,159413E+1	-2,919382E-1
8,154341E+1	-2,919800E-1
8,157719E+1	-2,921777E-1
8,151754E+1	-2,918091E-1
8,157043E+1	-2,921561E-1
8,151030E+1	-2,920131E-1
8,155224E+1	-2,919783E-1
8,150130E+1	-2,919247E-1
8,153126E+1	-2,922437E-1
8,148244E+1	-2,924043E-1
8,154027E+1	-2,924146E-1
8,148495E+1	-2,923243E-1
8,151045E+1	-2,924290E-1
8,145718E+1	-2,926811E-1
8,150878E+1	-2,927509E-1
8,145703E+1	-2,926665E-1
8,149173E+1	-2,926834E-1
8,145196E+1	-2,930104E-1
8,147075E+1	-2,925166E-1
8,143918E+1	-2,930602E-1
8,148558E+1	-2,929670E-1
8,143543E+1	-2,927771E-1
8,146475E+1	-2,927908E-1
8,142113E+1	-2,931002E-1
8,146111E+1	-2,928501E-1
8,140739E+1	-2,930793E-1
8,145222E+1	-2,930803E-1
8,140598E+1	-2,926960E-1
8,142072E+1	-2,929379E-1
8,139016E+1	-2,932282E-1
8,143711E+1	-2,928571E-1
8,139463E+1	-2,932718E-1
8,140771E+1	-2,929180E-1
8,137858E+1	-2,931099E-1
8,140541E+1	-2,933059E-1
8,136992E+1	-2,929958E-1
8,141166E+1	-2,933330E-1
8,136596E+1	-2,935447E-1
8,138276E+1	-2,933542E-1
8,135188E+1	-2,931064E-1
8,137724E+1	-2,932523E-1
8,136036E+1	-2,932089E-1
8,137602E+1	-2,934134E-1
8,134260E+1	-2,934797E-1
8,134788E+1	-2,933177E-1
8,133530E+1	-2,934105E-1
8,136210E+1	-2,936568E-1
8,132540E+1	-2,937549E-1
8,133074E+1	-2,937229E-1
8,131526E+1	-2,938181E-1
8,132203E+1	-2,939608E-1
8,132010E+1	-2,939062E-1
8,132404E+1	-2,939765E-1
8,129521E+1	-2,938981E-1
8,129799E+1	-2,938471E-1
8,129380E+1	-2,940480E-1
8,130653E+1	-2,939129E-1
8,128193E+1	-2,941493E-1
8,128153E+1	-2,943817E-1
8,126437E+1	-2,937627E-1
8,126722E+1	-2,942057E-1
8,126469E+1	-2,938457E-1
8,127433E+1	-2,942350E-1
8,125603E+1	-2,941707E-1
8,124247E+1	-2,943262E-1
8,124394E+1	-2,945552E-1
8,124649E+1	-2,942250E-1
8,125671E+1	-2,943219E-1
8,123847E+1	-2,943375E-1
8,122764E+1	-2,944043E-1
8,121316E+1	-2,941351E-1
8,121448E+1	-2,944036E-1
8,121823E+1	-2,946368E-1
8,120111E+1	-2,945252E-1
8,119078E+1	-2,946006E-1
8,119552E+1	-2,948159E-1
8,118501E+1	-2,946538E-1
8,119597E+1	-2,947811E-1
8,118483E+1	-2,946752E-1
8,116896E+1	-2,950947E-1
8,115144E+1	-2,946717E-1
8,117180E+1	-2,947477E-1
8,116430E+1	-2,945487E-1
8,116791E+1	-2,948062E-1
8,114845E+1	-2,947191E-1
8,116135E+1	-2,949582E-1
8,113320E+1	-2,948519E-1
8,116830E+1	-2,949212E-1
8,113658E+1	-2,947004E-1
8,112895E+1	-2,947457E-1
8,110940E+1	-2,951096E-1
8,112862E+1	-2,949974E-1
8,110019E+1	-2,951801E-1
8,113222E+1	-2,949955E-1
8,110502E+1	-2,949160E-1
8,111417E+1	-2,949647E-1
8,108654E+1	-2,950751E-1
8,111509E+1	-2,950644E-1
8,109464E+1	-2,950953E-1
8,110714E+1	-2,952046E-1
8,106539E+1	-2,953697E-1
8,109723E+1	-2,957435E-1
8,106222E+1	-2,954765E-1
8,110465E+1	-2,955266E-1
8,105934E+1	-2,954151E-1
8,106879E+1	-2,956513E-1
8,102933E+1	-2,956360E-1
8,107640E+1	-2,955335E-1
8,102828E+1	-2,953819E-1
8,106436E+1	-2,955749E-1
8,101159E+1	-2,960173E-1
8,105324E+1	-2,957975E-1
8,100445E+1	-2,955984E-1
8,105887E+1	-2,956572E-1
8,100702E+1	-2,957929E-1
8,102958E+1	-2,955307E-1
8,098389E+1	-2,956908E-1
8,104086E+1	-2,954503E-1
8,098251E+1	-2,956870E-1
8,103768E+1	-2,957657E-1
8,097946E+1	-2,952729E-1
8,102424E+1	-2,954788E-1
8,097073E+1	-2,953190E-1
8,102814E+1	-2,957703E-1
8,097147E+1	-2,960245E-1
8,101285E+1	-2,958381E-1
8,094839E+1	-2,955379E-1
8,100978E+1	-2,958451E-1
8,095290E+1	-2,958650E-1
8,100852E+1	-2,957964E-1
8,095660E+1	-2,959495E-1
8,099899E+1	-2,956637E-1
8,093585E+1	-2,962298E-1
8,099488E+1	-2,960576E-1
8,093529E+1	-2,960868E-1
8,098012E+1	-2,961320E-1
8,091899E+1	-2,962300E-1
8,097797E+1	-2,965208E-1
8,091070E+1	-2,960622E-1
8,097265E+1	-2,959429E-1
8,090698E+1	-2,961214E-1
8,096178E+1	-2,964182E-1
8,088532E+1	-2,961526E-1
8,096091E+1	-2,961039E-1
8,088570E+1	-2,962496E-1
8,095500E+1	-2,961758E-1
8,089061E+1	-2,961396E-1
8,095208E+1	-2,962735E-1
8,087682E+1	-2,960331E-1
8,094486E+1	-2,963835E-1
8,088064E+1	-2,962258E-1
8,093871E+1	-2,963675E-1
8,087047E+1	-2,966402E-1
8,093302E+1	-2,965286E-1
8,085887E+1	-2,966552E-1
8,092788E+1	-2,964044E-1
8,086450E+1	-2,961458E-1
8,092279E+1	-2,968044E-1
8,084897E+1	-2,965250E-1
8,091994E+1	-2,966464E-1
8,084286E+1	-2,966817E-1
8,090544E+1	-2,964918E-1
8,084115E+1	-2,967595E-1
8,089790E+1	-2,965877E-1
8,082018E+1	-2,965841E-1
8,088518E+1	-2,969098E-1
8,081906E+1	-2,968176E-1
8,087540E+1	-2,968980E-1
8,080064E+1	-2,967135E-1
8,086214E+1	-2,965794E-1
8,078918E+1	-2,968951E-1
8,086406E+1	-2,966713E-1
8,079464E+1	-2,966815E-1
8,084551E+1	-2,968668E-1
8,077224E+1	-2,969184E-1
8,083548E+1	-2,970925E-1
8,076631E+1	-2,969244E-1
8,082441E+1	-2,968386E-1
8,076031E+1	-2,970380E-1
8,081060E+1	-2,971157E-1
8,074368E+1	-2,973231E-1
8,081964E+1	-2,970667E-1
8,074692E+1	-2,972156E-1
8,078801E+1	-2,971032E-1
8,072324E+1	-2,971498E-1
8,079089E+1	-2,970557E-1
8,072664E+1	-2,972515E-1
8,079125E+1	-2,969617E-1
8,073291E+1	-2,972477E-1
8,078126E+1	-2,969132E-1
8,071619E+1	-2,972941E-1
8,077581E+1	-2,969429E-1
8,071872E+1	-2,968731E-1
8,076570E+1	-2,972501E-1
8,070398E+1	-2,969389E-1
8,075124E+1	-2,968827E-1
8,069343E+1	-2,969169E-1
8,076440E+1	-2,972120E-1
8,068870E+1	-2,970811E-1
8,074102E+1	-2,971046E-1
8,068254E+1	-2,970864E-1
8,073583E+1	-2,973422E-1
8,067702E+1	-2,970377E-1
8,072504E+1	-2,971844E-1
8,067308E+1	-2,975174E-1
8,070511E+1	-2,973261E-1
8,065418E+1	-2,972263E-1
8,071375E+1	-2,970632E-1
8,065442E+1	-2,973620E-1
8,069360E+1	-2,975256E-1
8,062894E+1	-2,972034E-1
8,068787E+1	-2,972745E-1
8,062585E+1	-2,976082E-1
8,067411E+1	-2,976228E-1
8,062570E+1	-2,973754E-1
8,065314E+1	-2,974895E-1
8,060600E+1	-2,974910E-1
8,066517E+1	-2,972210E-1
8,060997E+1	-2,976677E-1
8,064388E+1	-2,978023E-1
8,059830E+1	-2,976408E-1
8,064169E+1	-2,975507E-1
8,059455E+1	-2,975222E-1
8,064650E+1	-2,976186E-1
8,059472E+1	-2,975680E-1
8,061561E+1	-2,973482E-1
8,057953E+1	-2,973283E-1
8,062919E+1	-2,976186E-1
8,056892E+1	-2,975137E-1
8,059125E+1	-2,979364E-1
