1205.5599911772	853.333312988281
1206.75301393864	853.333312988281
1207.94583983287	853.666687011719
1209.13846889606	853.333312988281
1210.3309011644	853.666687011719
1211.52313667407	854.333312988281
1212.71517546124	852.666687011719
1213.90701756207	851
1215.09866301271	853.666687011719
1216.29011184929	851
1217.48136410796	850.333312988281
1218.67241982484	850.666687011719
1219.86327903604	854.666687011719
1221.05394177768	852.333312988281
1222.24440808585	854.333312988281
1223.43467799665	851.333312988281
1224.62475154616	854
1225.81462877046	851
1227.00430970561	851.333312988281
1228.19379438767	857.333312988281
1229.38308285269	853.666687011719
1230.57217513673	851.333312988281
1231.76107127579	853
1232.94977130592	851.333312988281
1234.13827526314	852.666687011719
1235.32658318344	852.666687011719
1236.51469510282	852.666687011719
1237.70261105729	850.666687011719
1238.89033108283	855.666687011719
1240.07785521541	852.333312988281
1241.26518349099	853.666687011719
1242.45231594553	851.666687011719
1243.639252615	852.666687011719
1244.82599353532	852.666687011719
1246.01253874243	851.333312988281
1247.19888827226	853.333312988281
1248.38504216072	849
1249.57100044373	851
1250.75676315718	851.333312988281
1251.94233033696	852.333312988281
1253.12770201896	852.666687011719
1254.31287823906	851.666687011719
1255.49785903312	850.666687011719
1256.682644437	850
1257.86723448654	850.666687011719
1259.05162921761	851.666687011719
1260.23582866602	853
1261.41983286761	851.666687011719
1262.60364185819	853
1263.78725567356	851
1264.97067434954	853.666687011719
1266.15389792191	855.666687011719
1267.33692642646	851
1268.51975989897	851
1269.7023983752	852.666687011719
1270.88484189091	855
1272.06709048185	853.333312988281
1273.24914418377	852.666687011719
1274.43100303241	850
1275.61266706348	853.666687011719
1276.7941363127	851
1277.9754108158	852
1279.15649060846	849
1280.33737572638	850.666687011719
1281.51806620525	852.333312988281
1282.69856208075	855
1283.87886338854	853.333312988281
1285.05897016428	853.333312988281
1286.23888244363	849.666687011719
1287.41860026223	854
1288.59812365572	851
1289.77745265973	850
1290.95658730986	852.333312988281
1292.13552764175	851
1293.31427369098	851.666687011719
1294.49282549315	851.666687011719
1295.67118308386	853.666687011719
1296.84934649867	852.666687011719
1298.02731577317	851.666687011719
1299.2050909429	854.666687011719
1300.38267204343	851.333312988281
1301.5600591103	850.333312988281
1302.73725217905	852.333312988281
1303.91425128521	850.333312988281
1305.09105646429	849
1306.26766775182	852.333312988281
1307.4440851833	852.333312988281
1308.62030879422	850.666687011719
1309.79633862006	852.333312988281
1310.97217469633	850.333312988281
1312.14781705847	852.666687011719
1313.32326574196	850.666687011719
1314.49852078226	852.333312988281
1315.6735822148	851
1316.84845007504	857.666687011719
1318.0231243984	853
1319.1976052203	853
1320.37189257616	850.666687011719
1321.54598650139	851.666687011719
1322.71988703138	851.333312988281
1323.89359420153	853
1325.06710804722	849.666687011719
1326.24042860381	851.333312988281
1327.41355590669	850.666687011719
1328.5864899912	852.333312988281
1329.75923089269	853
1330.93177864651	854
1332.10413328799	850.333312988281
1333.27629485246	852
1334.44826337523	852
1335.62003889161	853.333312988281
1336.79162143691	854
1337.96301104641	852
1339.1342077554	852.333312988281
1340.30521159916	852
1341.47602261295	852.666687011719
1342.64664083204	850
1343.81706629167	850.333312988281
1344.98729902711	853.333312988281
1346.15733907356	851.666687011719
1347.32718646628	851.666687011719
1348.49684124046	851.333312988281
1349.66630343134	850.333312988281
1350.83557307411	850.333312988281
1352.00465020397	853.333312988281
1353.1735348561	853.333312988281
1354.34222706568	850
1355.51072686789	852
1356.67903429789	851.333312988281
1357.84714939083	847.333312988281
1359.01507218186	851.333312988281
1360.18280270613	850.333312988281
1361.35034099875	855
1362.51768709486	851.333312988281
1363.68484102956	850.666687011719
1364.85180283798	851
1366.01857255519	851
1367.1851502163	852
1368.35153585639	849
1369.51772951053	850.333312988281
1370.68373121378	852.666687011719
1371.84954100122	853.333312988281
1373.01515890787	850
1374.18058496881	848.666687011719
1375.34581921904	850.666687011719
1376.5108616936	853
1377.67571242751	851
1378.84037145579	850.333312988281
1380.00483881341	849.666687011719
1381.1691145354	850.333312988281
1382.33319865672	851.333312988281
1383.49709121237	851
1384.6607922373	849.666687011719
1385.82430176648	851
1386.98761983487	850.333312988281
1388.15074647741	851.333312988281
1389.31368172903	853.333312988281
1390.47642562468	853
1391.63897819927	850.333312988281
1392.80133948771	851.666687011719
1393.96350952492	848.333312988281
1395.12548834577	853.666687011719
1396.28727598518	848.666687011719
1397.44887247803	849.666687011719
1398.61027785917	851.666687011719
1399.77149216348	849.333312988281
1400.93251542583	853
1402.09334768105	850.333312988281
1403.25398896399	850
1404.41443930949	850.333312988281
1405.57469875237	849.666687011719
1406.73476732744	851
1407.89464506953	849.333312988281
1409.05433201342	847.666687011719
1410.21382819392	849.666687011719
1411.37313364582	850.333312988281
1412.53224840388	848
1413.69117250288	848.666687011719
1414.84990597758	850.666687011719
1416.00844886274	850.333312988281
1417.16680119311	849
1418.32496300341	852
1419.48293432839	849
1420.64071520276	849.333312988281
1421.79830566124	848.666687011719
1422.95570573854	851
1424.11291546935	849.666687011719
1425.26993488836	848.666687011719
1426.42676403027	850.666687011719
1427.58340292974	852
1428.73985162144	857
1429.89611014002	850
1431.05217852015	849.666687011719
1432.20805679646	849
1433.36374500359	849.666687011719
1434.51924317617	849
1435.67455134881	848.666687011719
1436.82966955613	851
1437.98459783273	847.333312988281
1439.13933621321	846
1440.29388473215	850.666687011719
1441.44824342414	848.333312988281
1442.60241232375	852
1443.75639146553	849.333312988281
1444.91018088405	849.666687011719
1446.06378061386	850.333312988281
1447.21719068949	849.666687011719
1448.37041114548	850
1449.52344201635	849.333312988281
1450.67628333663	852.333312988281
1451.82893514081	850
1452.9813974634	852.333312988281
1454.13367033889	848.666687011719
1455.28575380178	853
1456.43764788652	852
1457.58935262761	850.666687011719
1458.74086805949	851
1459.89219421662	851.666687011719
1461.04333113344	849.666687011719
1462.1942788444	852
1463.34503738393	851
1464.49560678644	848.333312988281
1465.64598708636	850.333312988281
1466.79617831808	849.666687011719
1467.94618051601	849.666687011719
1469.09599371453	851
1470.24561794804	849
1471.3950532509	850.666687011719
1472.54429965749	850
1473.69335720216	849.666687011719
1474.84222591927	850.333312988281
1475.99090584315	852.666687011719
1477.13939700816	848.666687011719
1478.2876994486	848.333312988281
1479.4358131988	850.333312988281
1480.58373829309	849
1481.73147476575	847.333312988281
1482.8790226511	850
1484.0263819834	851.666687011719
1485.17355279696	848.333312988281
1486.32053512604	850.333312988281
1487.46732900491	849.666687011719
1488.61393446782	849.666687011719
1489.76035154904	849
1490.90658028278	848
1492.0526207033	848.333312988281
1493.19847284482	849
1494.34413674156	850.666687011719
1495.48961242773	848.666687011719
1496.63489993753	848.333312988281
1497.77999930516	848.333312988281
1498.9249105648	848.333312988281
1500.06963375064	848
1501.21416889685	848.666687011719
1502.35851603759	849.333312988281
1503.50267520703	848.666687011719
1504.6466464393	849.666687011719
1505.79042976854	850.666687011719
1506.9340252289	849.666687011719
1508.0774328545	848.333312988281
1509.22065267946	848
1510.36368473788	850.333312988281
1511.50652906387	851.333312988281
1512.64918569152	856.333312988281
1513.79165465492	849.666687011719
1514.93393598815	849
1516.07602972528	850
1517.21793590037	849.666687011719
1518.35965454748	850
1519.50118570066	849.333312988281
1520.64252939395	848.333312988281
1521.78368566137	851
1522.92465453696	847.666687011719
1524.06543605473	849.666687011719
1525.2060302487	848.666687011719
1526.34643715286	848.666687011719
1527.4866568012	849.666687011719
1528.62668922771	850.333312988281
1529.76653446638	850.333312988281
1530.90619255116	849.333312988281
1532.04566351604	848
1533.18494739495	846.333312988281
1534.32404422185	849
1535.46295403068	850
1536.60167685536	847
1537.74021272983	850
1538.87856168801	847.666687011719
1540.01672376379	851
1541.15469899108	851
1542.29248740378	849.666687011719
1543.43008903576	849
1544.56750392092	849.666687011719
1545.70473209312	848.333312988281
1546.84177358622	849.666687011719
1547.97862843408	847.333312988281
1549.11529667053	848
1550.25177832944	848.666687011719
1551.38807344462	850
1552.52418204991	853.333312988281
1553.66010417911	849
1554.79583986604	848.666687011719
1555.9313891445	850
1557.06675204828	850
1558.20192861117	848.666687011719
1559.33691886695	850
1560.47172284938	850.333312988281
1561.60634059224	852
1562.74077212927	850.333312988281
1563.87501749423	851
1565.00907672085	851.666687011719
1566.14294984286	855.333312988281
1567.276636894	852
1568.41013790798	853.333312988281
1569.54345291851	854.666687011719
1570.67658195929	850.333312988281
1571.80952506401	853
1572.94228226636	856.666687011719
1574.07485360003	855.666687011719
1575.20723909867	856
1576.33943879597	860.333312988281
1577.47145272556	866
1578.60328092111	867.666687011719
1579.73492341624	867
1580.86638024461	875.666687011719
1581.99765143982	884
1583.1287370355	896.333312988281
1584.25963706526	905.333312988281
1585.3903515627	932
1586.52088056141	966.333312988281
1587.651224095	1005
1588.78138219703	1070.33337402344
1589.91135490107	1121
1591.04114224069	1133.33337402344
1592.17074424946	1087
1593.30016096091	1021.66668701172
1594.4293924086	963.333312988281
1595.55843862605	920
1596.68729964679	906.666687011719
1597.81597550434	886.666687011719
1598.94446623221	873.666687011719
1600.07277186392	865
1601.20089243294	862.333312988281
1602.32882797279	859.333312988281
1603.45657851692	856.333312988281
1604.58414409882	855.666687011719
1605.71152475196	857
1606.83872050978	853.666687011719
1607.96573140575	856.666687011719
1609.09255747331	852.333312988281
1610.2191987459	852.333312988281
1611.34565525693	850
1612.47192703984	852.666687011719
1613.59801412803	849.333312988281
1614.72391655491	851
1615.84963435389	851
1616.97516755835	852.333312988281
1618.10051620167	850
1619.22568031722	848.333312988281
1620.35065993839	852
1621.47545509852	851
1622.60006583098	851
1623.7244921691	850
1624.84873414623	851.333312988281
1625.97279179569	850.333312988281
1627.09666515081	851.666687011719
1628.2203542449	849
1629.34385911127	849.333312988281
1630.46717978322	848.666687011719
1631.59031629405	848.666687011719
1632.71326867703	848.333312988281
1633.83603696546	850.666687011719
1634.95862119259	851.333312988281
1636.08102139169	848.333312988281
1637.20323759601	847.333312988281
1638.32526983881	847.666687011719
1639.44711815332	849.333312988281
1640.56878257278	848.333312988281
1641.6902631304	849.666687011719
1642.81155985942	846.666687011719
1643.93267279303	847.666687011719
1645.05360196445	848.333312988281
1646.17434740686	847
1647.29490915345	846.333312988281
1648.41528723741	849.666687011719
1649.53548169191	847
1650.65549255012	847.666687011719
1651.77531984518	847.333312988281
1652.89496361026	846.666687011719
1654.01442387848	848.333312988281
1655.133700683	846.333312988281
1656.25279405694	850.666687011719
1657.37170403341	848.333312988281
1658.49043064553	848.333312988281
1659.60897392641	851.333312988281
1660.72733390915	845.333312988281
1661.84551062683	848.666687011719
1662.96350411254	845.333312988281
1664.08131439936	847.333312988281
1665.19894152034	846.333312988281
1666.31638550856	847.666687011719
1667.43364639706	846.666687011719
1668.55072421891	845
1669.66761900711	846
1670.78433079473	844.333312988281
1671.90085961477	846
1673.01720550025	849
1674.13336848418	845.666687011719
1675.24934859957	847.666687011719
1676.3651458794	847
1677.48076035666	848
1678.59619206433	848.333312988281
1679.71144103539	846
1680.8265073028	844.666687011719
1681.94139089951	846.666687011719
1683.05609185847	845
1684.17061021263	846.666687011719
1685.28494599492	847
1686.39909923827	846.333312988281
1687.51306997559	847.666687011719
1688.62685823981	845
1689.74046406382	846.333312988281
1690.85388748052	848
1691.96712852281	849.333312988281
1693.08018722356	843.666687011719
1694.19306361564	846.333312988281
1695.30575773194	847.333312988281
1696.41826960531	845.333312988281
1697.5305992686	845.666687011719
1698.64274675465	847.333312988281
1699.75471209631	848
1700.86649532642	846.666687011719
1701.97809647778	847.333312988281
1703.08951558321	846.666687011719
1704.20075267554	845.333312988281
1705.31180778755	846.666687011719
1706.42268095205	845
1707.53337220181	848
1708.64388156962	845.333312988281
1709.75420908825	847
1710.86435479047	846.333312988281
1711.97431870903	846.666687011719
1713.08410087668	846.333312988281
1714.19370132617	846
1715.30312009023	846.666687011719
1716.41235720158	848
1717.52141269295	847.666687011719
1718.63028659706	844.666687011719
1719.73897894661	847
1720.84748977429	845.666687011719
1721.9558191128	845.333312988281
1723.06396699482	846.666687011719
1724.17193345303	845.666687011719
1725.2797185201	846.666687011719
1726.38732222869	847.333312988281
1727.49474461145	845
1728.60198570104	843.333312988281
1729.70904553008	845
1730.81592413122	845
1731.92262153708	846.333312988281
1733.02913778027	849.333312988281
1734.13547289342	845
1735.24162690912	848
1736.34759985996	844.666687011719
1737.45339177854	845
1738.55900269743	844.333312988281
1739.66443264922	846
1740.76968166647	846
1741.87474978174	845.666687011719
1742.97963702757	846.666687011719
1744.08434343652	845.333312988281
1745.18886904113	846.666687011719
1746.29321387391	845.333312988281
1747.39737796741	844.666687011719
1748.50136135412	845.333312988281
1749.60516406657	843.333312988281
1750.70878613725	845.333312988281
1751.81222759865	844.666687011719
1752.91548848327	846.666687011719
1754.01856882358	846.333312988281
1755.12146865205	845
1756.22418800115	847
1757.32672690333	845.333312988281
1758.42908539106	845.666687011719
1759.53126349676	845.333312988281
1760.63326125288	845.666687011719
1761.73507869184	844
1762.83671584607	844.666687011719
1763.93817274797	844.666687011719
1765.03944942997	843.666687011719
1766.14054592445	845.333312988281
1767.2414622638	851
1768.34219848042	843.333312988281
1769.44275460668	844.666687011719
1770.54313067495	844.333312988281
1771.6433267176	847.666687011719
1772.74334276697	850
1773.84317885542	845
1774.9428350153	844.666687011719
1776.04231127892	845
1777.14160767864	843.666687011719
1778.24072424675	846
1779.33966101558	846.333312988281
1780.43841801742	845
1781.53699528459	846
1782.63539284936	847.666687011719
1783.73361074403	845.333312988281
1784.83164900086	847
1785.92950765214	854.333312988281
1787.02718673012	845.333312988281
1788.12468626705	843.666687011719
1789.22200629518	843
1790.31914684676	847.666687011719
1791.41610795402	846
1792.51288964918	844
1793.60949196446	843.666687011719
1794.70591493207	847.333312988281
1795.80215858423	846.333312988281
1796.89822295312	846.333312988281
1797.99410807093	849.666687011719
1799.08981396985	847
1800.18534068207	844.333312988281
1801.28068823973	845
1802.375856675	847.333312988281
1803.47084602005	847
1804.56565630701	846
1805.66028756802	845.666687011719
1806.75473983523	845.666687011719
1807.84901314074	845.666687011719
1808.9431075167	845
1810.03702299519	846
1811.13075960833	844.666687011719
1812.22431738821	844.333312988281
1813.31769636693	848
1814.41089657656	843.333312988281
1815.50391804919	844
1816.59676081688	847
1817.68942491168	844.666687011719
1818.78191036567	846.666687011719
1819.87421721087	848
1820.96634547933	845
1822.05829520309	845.666687011719
1823.15006641417	844.333312988281
1824.24165914458	846.666687011719
1825.33307342635	844.666687011719
1826.42430929146	845.333312988281
1827.51536677193	847
1828.60624589973	845.666687011719
1829.69694670686	846.666687011719
1830.78746922528	846.666687011719
1831.87781348696	845.333312988281
1832.96797952388	844.333312988281
1834.05796736797	845.666687011719
1835.14777705119	844.666687011719
1836.23740860548	847.333312988281
1837.32686206276	844
1838.41613745497	844.333312988281
1839.50523481403	844.666687011719
1840.59415417184	846.666687011719
1841.68289556031	845.666687011719
1842.77145901133	846.666687011719
1843.8598445568	845
1844.94805222861	846
1846.03608205861	844
1847.12393407869	847
1848.21160832071	844.666687011719
1849.29910481652	845.333312988281
1850.38642359796	844.666687011719
1851.47356469689	848.333312988281
1852.56052814512	843.666687011719
1853.64731397449	846
1854.73392221683	848
1855.82035290392	846
1856.9066060676	846.333312988281
1857.99268173964	847.666687011719
1859.07857995185	844.666687011719
1860.164300736	846.333312988281
1861.24984412388	844.666687011719
1862.33521014725	845
1863.42039883788	847
1864.50541022752	847
1865.59024434791	848
1866.67490123081	844.666687011719
1867.75938090794	845.666687011719
1868.84368341104	846
1869.92780877182	846.666687011719
1871.01175702199	846.333312988281
1872.09552819327	847.666687011719
1873.17912231734	847
1874.26253942592	848.666687011719
1875.34577955067	846.333312988281
1876.42884272328	847.666687011719
1877.51172897541	844.666687011719
1878.59443833873	847
1879.67697084491	847.666687011719
1880.75932652558	846
1881.84150541239	846
1882.92350753698	846.666687011719
1884.00533293097	845.666687011719
1885.08698162599	848.666687011719
1886.16845365366	845.333312988281
1887.24974904557	844.666687011719
1888.33086783333	845.333312988281
1889.41181004854	846.666687011719
1890.49257572278	844
1891.57316488763	845.333312988281
1892.65357757466	846.666687011719
1893.73381381543	845.666687011719
1894.81387364152	844.666687011719
1895.89375708447	843.333312988281
1896.97346417582	847.333312988281
1898.05299494711	848
1899.13234942987	844.666687011719
1900.21152765563	844
1901.29052965589	846.333312988281
1902.36935546219	844.333312988281
1903.448005106	846
1904.52647861884	846.333312988281
1905.60477603218	846
1906.68289737752	846
1907.76084268632	845
1908.83861199005	845.333312988281
1909.91620532018	848
1910.99362270815	844.666687011719
1912.07086418542	844
1913.14792978343	847
1914.2248195336	847
1915.30153346737	847.333312988281
1916.37807161614	846
1917.45443401134	845.666687011719
1918.53062068437	845
1919.60663166663	847
1920.68246698951	849.333312988281
1921.75812668439	847
1922.83361078265	846.333312988281
1923.90891931567	844.666687011719
1924.98405231479	846.666687011719
1926.05900981139	846
1927.1337918368	846
1928.20839842238	847.666687011719
1929.28282959945	847
1930.35708539936	845
1931.4311658534	846.666687011719
1932.50507099292	847.333312988281
1933.5788008492	846
1934.65235545356	847.333312988281
1935.72573483728	845.333312988281
1936.79893903166	847.333312988281
1937.87196806797	845.666687011719
1938.94482197748	846
1940.01750079147	845
1941.09000454119	847
1942.16233325789	846
1943.23448697283	848.333312988281
1944.30646571723	846.666687011719
1945.37826952233	847
1946.44989841936	846.333312988281
1947.52135243954	847
1948.59263161406	848.333312988281
1949.66373597415	849.333312988281
1950.73466555099	845.333312988281
1951.80542037578	847
1952.8760004797	847.666687011719
1953.94640589393	844.333312988281
1955.01663664963	844.333312988281
1956.08669277797	848.666687011719
1957.1565743101	847.666687011719
1958.22628127718	845.666687011719
1959.29581371034	847.666687011719
1960.36517164073	845
1961.43435509946	846.333312988281
1962.50336411767	846.666687011719
1963.57219872646	845.666687011719
1964.64085895694	846.666687011719
1965.70934484022	846
1966.77765640739	845
1967.84579368953	848.666687011719
1968.91375671773	845.666687011719
1969.98154552306	844.333312988281
1971.04916013658	848.666687011719
1972.11660058936	846.333312988281
1973.18386691245	847.333312988281
1974.25095913689	843.666687011719
1975.31787729373	845.333312988281
1976.38462141399	847.666687011719
1977.45119152871	848
1978.51758766889	846.666687011719
1979.58380986556	847
1980.64985814971	847.333312988281
1981.71573255234	847
1982.78143310445	845.666687011719
1983.84695983703	844.666687011719
1984.91231278104	847
1985.97749196746	845.333312988281
1987.04249742725	848
1988.10732919137	848.666687011719
1989.17198729078	845.666687011719
1990.2364717564	845.666687011719
1991.30078261919	848.333312988281
1992.36491991007	846.333312988281
1993.42888365996	847
1994.49267389977	847.333312988281
1995.55629066043	846.333312988281
1996.61973397283	848.666687011719
1997.68300386786	848.333312988281
1998.74610037642	847.333312988281
1999.80902352939	846
2000.87177335764	845
2001.93434989204	846.333312988281
2002.99675316346	846.333312988281
2004.05898320274	849.333312988281
2005.12104004074	847.333312988281
2006.1829237083	845
2007.24463423625	846.666687011719
2008.30617165542	845
2009.36753599663	847
2010.4287272907	845.333312988281
2011.48974556843	847.333312988281
2012.55059086062	844.333312988281
2013.61126319807	849
2014.67176261156	846.666687011719
2015.73208913188	845.666687011719
2016.79224278979	847.333312988281
2017.85222361607	846
2018.91203164148	844.666687011719
2019.97166689676	847.666687011719
2021.03112941266	846
2022.09041921993	846
2023.1495363493	845
2024.20848083148	845.333312988281
2025.26725269721	847
2026.3258519772	844.666687011719
2027.38427870214	844.666687011719
2028.44253290275	847
2029.5006146097	845.333312988281
2030.5585238537	848.666687011719
2031.61626066541	845.333312988281
2032.67382507551	845.666687011719
2033.73121711466	845.666687011719
2034.78843681353	845.666687011719
2035.84548420276	845.333312988281
2036.902359313	844.333312988281
2037.95906217489	845.333312988281
2039.01559281905	845.666687011719
2040.07195127613	844.666687011719
2041.12813757672	845.333312988281
2042.18415175145	845.333312988281
2043.23999383092	845.666687011719
2044.29566384573	845.666687011719
2045.35116182646	845
2046.40648780371	845
2047.46164180805	846.333312988281
2048.51662387005	847.333312988281
2049.57143402028	844.333312988281
2050.62607228929	843.333312988281
2051.68053870764	846
2052.73483330587	846.333312988281
2053.78895611451	844.333312988281
2054.84290716411	845.666687011719
2055.89668648518	846.333312988281
2056.95029410824	846.333312988281
2058.00373006379	847
2059.05699438236	847.333312988281
2060.11008709443	848
2061.16300823049	844
2062.21575782102	844.666687011719
2063.26833589652	845.666687011719
2064.32074248743	847
2065.37297762424	846.333312988281
2066.42504133739	844
2067.47693365735	845.333312988281
2068.52865461454	844.333312988281
2069.58020423941	844
2070.63158256239	844.333312988281
2071.68278961391	844
2072.73382542437	846
2073.7846900242	845.666687011719
2074.83538344379	844.333312988281
2075.88590571355	846.666687011719
2076.93625686386	845.666687011719
2077.9864369251	847.333312988281
2079.03644592766	846.333312988281
2080.0862839019	845.333312988281
2081.13595087819	844
2082.18544688689	847
2083.23477195835	845
2084.2839261229	844.333312988281
2085.3329094109	842.666687011719
2086.38172185266	847
2087.43036347851	846.333312988281
2088.47883431878	844.666687011719
2089.52713440377	844.333312988281
2090.57526376378	843
2091.62322242911	844.666687011719
2092.67101043006	845.333312988281
2093.71862779691	846
2094.76607455994	845
2095.81335074941	847
2096.86045639559	847
2097.90739152874	845
2098.95415617911	845.666687011719
2100.00075037694	848
2101.04717415248	845.666687011719
2102.09342753595	845.666687011719
2103.13951055758	845
2104.18542324758	845.666687011719
2105.23116563618	843.333312988281
2106.27673775356	845
2107.32213962994	845.333312988281
2108.3673712955	846.333312988281
2109.41243278042	847
2110.4573241149	844.333312988281
2111.50204532908	845
2112.54659645316	846
2113.59097751727	845.666687011719
2114.63518855158	846.333312988281
2115.67922958622	846.333312988281
2116.72310065135	845.666687011719
2117.76680177708	845.666687011719
2118.81033299355	843.666687011719
2119.85369433087	845.666687011719
2120.89688581917	846
2121.93990748853	846
2122.98275936907	849
2124.02544149087	845
2125.06795388403	843.666687011719
2126.11029657861	846
2127.1524696047	846.666687011719
2128.19447299236	846
2129.23630677165	846.333312988281
2130.27797097263	844.666687011719
2131.31946562534	849.333312988281
2132.36079075981	844.666687011719
2133.40194640609	843.333312988281
2134.4429325942	845.666687011719
2135.48374935417	844.666687011719
2136.524396716	845
2137.5648747097	845.333312988281
2138.60518336528	845.666687011719
2139.64532271273	844
2140.68529278203	846.666687011719
2141.72509360318	845.666687011719
2142.76472520613	848
2143.80418762087	846.333312988281
2144.84348087734	844.666687011719
2145.88260500552	846
2146.92156003534	849
2147.96034599675	845.666687011719
2148.99896291968	845
2150.03741083407	845
2151.07568976983	848.333312988281
2152.11379975688	844
2153.15174082513	844.666687011719
2154.18951300449	844
2155.22711632484	847.666687011719
2156.26455081609	845.666687011719
2157.3018165081	847.333312988281
2158.33891343077	847
2159.37584161395	848.666687011719
2160.41260108752	848.333312988281
2161.44919188133	850.333312988281
2162.48561402524	846.666687011719
2163.52186754907	844
2164.55795248268	845
2165.5938688559	846.333312988281
2166.62961669854	846
2167.66519604043	847
2168.70060691139	847
2169.7358493412	847.333312988281
2170.77092335968	848.333312988281
2171.80582899662	847
2172.8405662818	846.333312988281
2173.875135245	846.666687011719
2174.90953591599	845.333312988281
2175.94376832454	848.333312988281
2176.97783250042	845.333312988281
2178.01172847336	847
2179.04545627313	846
2180.07901592946	847.333312988281
2181.11240747208	846
2182.14563093072	848.333312988281
2183.17868633511	844.666687011719
2184.21157371496	846
2185.24429309997	848
2186.27684451984	847
2187.30922800429	844.666687011719
2188.34144358298	846.333312988281
2189.3734912856	846
2190.40537114184	846.666687011719
2191.43708318135	848
2192.46862743381	845
2193.50000392886	846.333312988281
2194.53121269616	847.333312988281
2195.56225376535	846.666687011719
2196.59312716608	848.666687011719
2197.62383292796	846.333312988281
2198.65437108062	847.666687011719
2199.68474165369	846.333312988281
2200.71494467676	845
2201.74498017946	846.666687011719
2202.77484819137	846
2203.80454874209	850
2204.8340818612	847.666687011719
2205.86344757828	848
2206.89264592291	845
2207.92167692466	848.666687011719
2208.95054061307	848.333312988281
2209.97923701771	845.333312988281
2211.00776616812	846.666687011719
2212.03612809384	847.666687011719
2213.06432282441	845
2214.09235038935	847.666687011719
2215.1202108182	846.333312988281
2216.14790414045	844.666687011719
2217.17543038562	845
2218.20278958321	847.666687011719
2219.22998176272	845
2220.25700695364	849
2221.28386518545	848
2222.31055648763	846.666687011719
2223.33708088964	847.666687011719
2224.36343842095	845.666687011719
2225.38962911102	846.666687011719
2226.41565298929	847.333312988281
2227.44151008522	847.666687011719
2228.46720042825	848.666687011719
2229.4927240478	847.333312988281
2230.51808097329	846.333312988281
2231.54327123415	845.666687011719
2232.5682948598	845.666687011719
2233.59315187963	844.333312988281
2234.61784232304	848.333312988281
2235.64236621944	847.333312988281
2236.66672359821	847
2237.69091448872	848
2238.71493892035	850.666687011719
2239.73879692248	845.666687011719
2240.76248852446	848.333312988281
2241.78601375565	849
2242.80937264539	845
2243.83256522303	847.333312988281
2244.85559151791	847.666687011719
2245.87845155935	847.333312988281
2246.90114537669	847.666687011719
2247.92367299922	845.333312988281
2248.94603445628	847.666687011719
2249.96822977716	848.333312988281
2250.99025899115	851
2252.01212212756	846.333312988281
2253.03381921566	846.666687011719
2254.05535028474	846.666687011719
2255.07671536407	847.666687011719
2256.09791448292	848.666687011719
2257.11894767054	847.666687011719
2258.13981495619	845.666687011719
2259.16051636911	846
2260.18105193855	846.333312988281
2261.20142169375	848
2262.22162566392	847.333312988281
2263.2416638783	847.666687011719
2264.2615363661	846
2265.28124315652	848.666687011719
2266.30078427877	847.666687011719
2267.32015976206	847
2268.33936963556	847.333312988281
2269.35841392846	847.333312988281
2270.37729266995	846.333312988281
2271.39600588918	847
2272.41455361533	845.666687011719
2273.43293587756	847
2274.45115270502	845.333312988281
2275.46920412686	848
2276.4870901722	848.666687011719
2277.5048108702	847
2278.52236624997	844.666687011719
2279.53975634064	846.666687011719
2280.55698117133	845.666687011719
2281.57404077113	847.333312988281
2282.59093516916	848
2283.60766439451	848
2284.62422847626	849
2285.64062744351	846.333312988281
2286.65686132532	845.666687011719
2287.67293015078	847
2288.68883394894	846
2289.70457274886	848
2290.7201465796	845.333312988281
2291.7355554702	845.666687011719
2292.7507994497	846
2293.76587854713	847.333312988281
2294.78079279152	846.333312988281
2295.79554221189	846.333312988281
2296.81012683726	846.666687011719
2297.82454669663	849
2298.838801819	847.666687011719
2299.85289223338	846.333312988281
2300.86681796874	846
2301.88057905408	845
2302.89417551837	848.333312988281
2303.90760739057	848.333312988281
2304.92087469967	846.666687011719
2305.9339774746	849.333312988281
2306.94691574433	848.666687011719
2307.9596895378	850.333312988281
2308.97229888394	850
2309.9847438117	849.333312988281
2310.99702435	847.666687011719
2312.00914052776	847
2313.02109237388	847
2314.0328799173	847
2315.0445031869	846.666687011719
2316.05596221157	849
2317.06725702022	847.666687011719
2318.07838764171	848.333312988281
2319.08935410494	848.333312988281
2320.10015643876	848.666687011719
2321.11079467205	848
2322.12126883366	847.333312988281
2323.13157895245	846.666687011719
2324.14172505725	847.666687011719
2325.15170717692	849
2326.16152534028	847
2327.17117957616	848.666687011719
2328.18066991338	848.333312988281
2329.18999638076	847.666687011719
2330.1991590071	848.333312988281
2331.20815782121	849.666687011719
2332.21699285188	847.666687011719
2333.22566412791	848.333312988281
2334.23417167807	849
2335.24251553115	846.333312988281
2336.25069571591	846
2337.25871226112	848
2338.26656519555	849.333312988281
2339.27425454793	848.666687011719
2340.28178034703	848.666687011719
2341.28914262158	847.666687011719
2342.2963414003	846.666687011719
2343.30337671194	848
2344.31024858522	848
2345.31695704884	848.666687011719
2346.32350213153	850.666687011719
2347.32988386197	850
2348.33610226888	847.666687011719
2349.34215738093	849.333312988281
2350.34804922682	852.666687011719
2351.35377783523	847
2352.35934323481	847
2353.36474545426	848.333312988281
2354.36998452221	848.333312988281
2355.37506046733	848.666687011719
2356.37997331827	850.333312988281
2357.38472310366	848
2358.38930985214	850
2359.39373359234	844.666687011719
2360.39799435289	848.333312988281
2361.40209216239	848
2362.40602704947	846
2363.40979904272	848.333312988281
2364.41340817075	848.666687011719
2365.41685446215	850.333312988281
2366.4201379455	847.666687011719
2367.42325864938	851.333312988281
2368.42621660237	848.666687011719
2369.42901183303	850
2370.43164436994	847
2371.43411424163	850.333312988281
2372.43642147667	849
2373.43856610359	850
2374.44054815093	849
2375.44236764723	851
2376.44402462101	846
2377.44551910078	848.666687011719
2378.44685111506	847.666687011719
2379.44802069236	850.333312988281
2380.44902786118	851.333312988281
2381.44987265	850.666687011719
2382.45055508733	849
2383.45107520164	851.666687011719
2384.4514330214	847.333312988281
2385.45162857509	847.333312988281
2386.45166189117	851.666687011719
2387.4515329981	848
2388.45124192433	850.666687011719
2389.45078869831	850.333312988281
2390.45017334847	848.666687011719
2391.44939590325	847.333312988281
2392.44845639107	850
2393.44735484036	850.333312988281
2394.44609127953	849
2395.44466573698	848
2396.44307824114	849.333312988281
2397.44132882037	852.333312988281
2398.4394175031	849
2399.43734431768	847
2400.4351092925	849.333312988281
2401.43271245594	851
2402.43015383637	849.333312988281
2403.42743346213	848.666687011719
2404.42455136158	849.333312988281
2405.42150756309	848.333312988281
2406.41830209497	848
2407.41493498558	848.666687011719
2408.41140626323	848.666687011719
2409.40771595626	848.666687011719
2410.40386409299	848.333312988281
2411.39985070171	848
2412.39567581075	850
2413.39133944839	849.333312988281
2414.38684164293	848.666687011719
2415.38218242267	851
2416.37736181587	846.666687011719
2417.37237985082	847.666687011719
2418.36723655578	848.333312988281
2419.36193195902	848.333312988281
2420.3564660888	849.666687011719
2421.35083897336	850.666687011719
2422.34505064095	848.666687011719
2423.33910111981	848.666687011719
2424.33299043818	849.333312988281
2425.32671862427	849.333312988281
2426.32028570631	850
2427.31369171252	853.333312988281
2428.3069366711	851.666687011719
2429.30002061025	850.333312988281
2430.29294355818	850
2431.28570554307	851
2432.2783065931	852.666687011719
2433.27074673647	850.666687011719
2434.26302600133	851.333312988281
2435.25514441586	852
2436.24710200821	850.333312988281
2437.23889880654	852.333312988281
2438.23053483901	851.666687011719
2439.22201013374	851.333312988281
2440.21332471888	851.666687011719
2441.20447862255	852.666687011719
2442.19547187289	853.333312988281
2443.18630449801	854.333312988281
2444.17697652602	852.333312988281
2445.16748798503	852.666687011719
2446.15783890314	860.333312988281
2447.14802930844	857.333312988281
2448.13805922902	858
2449.12792869297	856
2450.11763772835	857.333312988281
2451.10718636325	861.333312988281
2452.09657462572	860.333312988281
2453.08580254383	860
2454.07487014561	858.666687011719
2455.06377745914	860.666687011719
2456.05252451243	863.666687011719
2457.04111133353	855.666687011719
2458.02953795047	858
2459.01780439126	854.666687011719
2460.00591068392	857.333312988281
2460.99385685647	857.666687011719
2461.98164293691	855.333312988281
2462.96926895323	855.666687011719
2463.95673493344	858
2464.9440409055	855.666687011719
2465.93118689742	855
2466.91817293715	855.666687011719
2467.90499905268	853.666687011719
2468.89166527195	857.333312988281
2469.87817162294	853.333312988281
2470.86451813358	854.333312988281
2471.85070483183	855.333312988281
2472.83673174562	856.666687011719
2473.82259890289	854.333312988281
2474.80830633156	856
2475.79385405955	852.333312988281
2476.77924211478	854.333312988281
2477.76447052516	856
2478.74953931858	852.333312988281
2479.73444852296	853
2480.71919816617	856.333312988281
2481.70378827611	855
2482.68821888065	858.333312988281
2483.67249000766	853
2484.65660168502	855.333312988281
2485.64055394059	854
2486.62434680221	855.333312988281
2487.60798029775	851.666687011719
2488.59145445503	851.666687011719
2489.57476930191	854.666687011719
2490.55792486621	852.333312988281
2491.54092117576	854.333312988281
2492.52375825838	854.333312988281
2493.50643614189	852
2494.48895485408	854.333312988281
2495.47131442277	855.666687011719
2496.45351487574	852.666687011719
2497.43555624079	854
2498.41743854571	852.333312988281
2499.39916181827	854.666687011719
2500.38072608625	857
2501.3621313774	857
2502.3433777195	854
2503.32446514029	856
2504.30539366754	855.333312988281
2505.28616332896	853.666687011719
2506.26677415232	854.333312988281
2507.24722616533	850.333312988281
2508.22751939572	852
2509.20765387122	856
2510.18762961953	853
2511.16744666836	855.333312988281
2512.14710504542	853
2513.12660477839	853
2514.10594589498	853
2515.08512842286	855
2516.06415238971	854.333312988281
2517.04301782321	852
2518.02172475102	854
2519.0002732008	852.333312988281
2519.9786632002	858
2520.95689477688	855
2521.93496795848	855
2522.91288277263	853
2523.89063924697	853
2524.86823740912	853.666687011719
2525.8456772867	852.666687011719
2526.82295890731	854
2527.80008229859	853
2528.77704748811	855
2529.75385450349	854.666687011719
2530.7305033723	854
2531.70699412213	853
2532.68332678057	851.333312988281
2533.65950137518	855
2534.63551793353	856.666687011719
2535.61137648318	852.333312988281
2536.58707705169	855
2537.5626196666	854.666687011719
2538.53800435546	853
2539.51323114581	855.666687011719
2540.48830006517	857.333312988281
2541.46321114107	855
2542.43796440104	854.666687011719
2543.41255987258	853.666687011719
2544.38699758321	854
2545.36127756042	857.333312988281
2546.33539983172	854.666687011719
2547.30936442459	855.666687011719
2548.28317136652	856.333312988281
2549.25682068499	857
2550.23031240746	853.666687011719
2551.20364656141	853
2552.17682317431	856
2553.1498422736	853
2554.12270388673	852.333312988281
2555.09540804115	856
2556.0679547643	855
2557.0403440836	854.333312988281
2558.01257602649	853
2558.98465062039	855.666687011719
2559.95656789271	852
2560.92832787086	853.666687011719
2561.89993058224	852.666687011719
2562.87137605426	851.666687011719
2563.84266431429	855.666687011719
2564.81379538974	853.666687011719
2565.78476930797	855.666687011719
2566.75558609637	857.333312988281
2567.7262457823	856.666687011719
2568.69674839312	855.666687011719
2569.66709395619	855
2570.63728249886	856.333312988281
2571.60731404848	852.333312988281
2572.57718863239	853.333312988281
2573.54690627792	854.666687011719
2574.51646701239	853.666687011719
2575.48587086314	851.666687011719
2576.45511785747	856
2577.4242080227	855.333312988281
2578.39314138613	850
2579.36191797506	853
2580.33053781679	855
2581.29900093859	852.666687011719
2582.26730736776	853.333312988281
2583.23545713157	854.666687011719
2584.20345025729	853
2585.17128677218	854
2586.1389667035	853
2587.1064900785	855
2588.07385692444	857.666687011719
2589.04106726855	854.333312988281
2590.00812113807	855
2590.97501856023	856
2591.94175956224	855
2592.90834417134	856.666687011719
2593.87477241473	856
2594.84104431962	856.333312988281
2595.80715991321	854.666687011719
2596.7731192227	856.333312988281
2597.73892227527	856.666687011719
2598.70456909811	851.666687011719
2599.67005971839	853.666687011719
2600.63539416329	855
2601.60057245998	858.333312988281
2602.56559463562	857.333312988281
2603.53046071735	856
2604.49517073233	855.333312988281
2605.45972470771	854.666687011719
2606.42412267062	856.333312988281
2607.38836464819	854.666687011719
2608.35245066755	859.666687011719
2609.31638075582	854.666687011719
2610.28015494012	856.666687011719
2611.24377324755	857.333312988281
2612.20723570521	854.333312988281
2613.17054234021	859
2614.13369317964	856.333312988281
2615.09668825058	857
2616.05952758012	857.666687011719
2617.02221119532	857.666687011719
2617.98473912326	858.666687011719
2618.947111391	854.333312988281
2619.9093280256	859.333312988281
2620.87138905411	859.666687011719
2621.83329450357	858.333312988281
2622.79504440103	860.333312988281
2623.75663877352	854.666687011719
2624.71807764808	858.333312988281
2625.67936105171	859.666687011719
2626.64048901145	859.333312988281
2627.6014615543	862.333312988281
2628.56227870727	857.666687011719
2629.52294049736	860
2630.48344695157	859.666687011719
2631.44379809688	860.666687011719
2632.40399396028	865.666687011719
2633.36403456875	860
2634.32391994925	860.666687011719
2635.28365012876	865.333312988281
2636.24322513423	863
2637.20264499262	865.333312988281
2638.16190973088	867
2639.12101937595	867.333312988281
2640.07997395477	871
2641.03877349428	864.666687011719
2641.9974180214	868
2642.95590756305	871.333312988281
2643.91424214614	868
2644.87242179759	870.333312988281
2645.8304465443	872.666687011719
2646.78831641316	873
2647.74603143108	877.666687011719
2648.70359162494	876.333312988281
2649.66099702161	877.333312988281
2650.61824764798	880
2651.57534353091	883
2652.53228469727	882.666687011719
2653.48907117392	890.666687011719
2654.4457029877	889.333312988281
2655.40218016548	895
2656.35850273409	893.666687011719
2657.31467072036	897.666687011719
2658.27068415112	904.333312988281
2659.22654305321	903
2660.18224745343	909.333312988281
2661.13779737861	912.333312988281
2662.09319285555	921
2663.04843391105	919.666687011719
2664.00352057191	927
2664.95845286492	936.666687011719
2665.91323081686	950
2666.86785445452	956
2667.82232380467	949
2668.77663889408	961
2669.7307997495	973.333312988281
2670.6848063977	980
2671.63865886543	982
2672.59235717944	985
2673.54590136646	993.666687011719
2674.49929145323	1011.33331298828
2675.45252746647	1009.66668701172
2676.40560943292	1012
2677.35853737928	1016
2678.31131133228	1021.66668701172
2679.26393131861	1020.33331298828
2680.21639736498	1020.66668701172
2681.16870949808	1027
2682.12086774461	1015.33331298828
2683.07287213124	1014.66668701172
2684.02472268467	1002.33331298828
2684.97641943154	989
2685.92796239854	986.333312988281
2686.87935161233	977
2687.83058709957	964.333312988281
2688.78166888689	958.666687011719
2689.73259700095	950.333312988281
2690.68337146839	941.333312988281
2691.63399231585	934.333312988281
2692.58445956994	925.333312988281
2693.53477325729	920.333312988281
2694.48493340452	917.666687011719
2695.43494003824	910.333312988281
2696.38479318505	909.666687011719
2697.33449287156	900
2698.28403912435	900.666687011719
2699.23343197003	892.333312988281
2700.18267143517	889.666687011719
2701.13175754635	885.666687011719
2702.08069033013	885.333312988281
2703.0294698131	884.666687011719
2703.97809602181	882.666687011719
2704.92656898281	878.666687011719
2705.87488872265	879.666687011719
2706.82305526788	873.333312988281
2707.77106864504	876.666687011719
2708.71892888066	874
2709.66663600127	875.666687011719
2710.61419003339	871.333312988281
2711.56159100353	868
2712.50883893821	869.333312988281
2713.45593386394	870.333312988281
2714.4028758072	868.333312988281
2715.3496647945	871.333312988281
2716.29630085233	865
2717.24278400717	866.666687011719
2718.18911428549	866
2719.13529171377	868
2720.08131631847	862.666687011719
2721.02718812607	860.333312988281
2721.97290716299	865.666687011719
2722.91847345571	863.333312988281
2723.86388703067	864.333312988281
2724.8091479143	862.333312988281
2725.75425613303	860.666687011719
2726.6992117133	858.333312988281
2727.64401468153	860.666687011719
2728.58866506412	857.666687011719
2729.5331628875	859.666687011719
2730.47750817807	862.666687011719
2731.42170096223	857.666687011719
2732.36574126638	857
2733.3096291169	860.333312988281
2734.25336454017	859
2735.19694756257	857
2736.14037821049	859.666687011719
2737.08365651027	856.333312988281
2738.02678248829	856.333312988281
2738.9697561709	857.666687011719
2739.91257758445	857.333312988281
2740.85524675529	859
2741.79776370975	857.333312988281
2742.74012847417	858
2743.68234107487	858.333312988281
2744.62440153819	858.333312988281
2745.56630989043	857.333312988281
2746.5080661579	855.333312988281
2747.44967036693	856.333312988281
2748.39112254379	856.666687011719
2749.3324227148	858
2750.27357090623	859.333312988281
2751.21456714439	858.666687011719
2752.15541145553	857
2753.09610386594	856.333312988281
2754.03664440188	855.333312988281
2754.97703308962	860.333312988281
2755.91726995541	855.666687011719
2756.8573550255	857
2757.79728832614	857.666687011719
2758.73706988357	856.666687011719
2759.67669972403	856.666687011719
2760.61617787374	856
2761.55550435893	861
2762.49467920581	855.333312988281
2763.4337024406	855
2764.3725740895	854.666687011719
2765.31129417873	857.666687011719
2766.24986273447	857
2767.18827978291	858.333312988281
2768.12654535024	856
2769.06465946265	856.666687011719
2770.0026221463	856
2770.94043342736	860.666687011719
2771.878093332	857.666687011719
2772.81560188638	859.333312988281
2773.75295911664	858.666687011719
2774.69016504895	858.333312988281
2775.62721970942	858.666687011719
2776.56412312421	860
2777.50087531945	857.666687011719
2778.43747632125	857.666687011719
2779.37392615575	856
2780.31022484905	861
2781.24637242726	856.666687011719
2782.18236891649	856.333312988281
2783.11821434284	858
2784.05390873239	856.666687011719
2784.98945211124	858.333312988281
2785.92484450546	857.666687011719
2786.86008594114	856.666687011719
2787.79517644434	857.666687011719
2788.73011604113	856.666687011719
2789.66490475757	859
2790.59954261971	860.666687011719
2791.53402965361	859.333312988281
2792.4683658853	855.333312988281
2793.40255134083	855.333312988281
2794.33658604623	855.666687011719
2795.27047002752	857
2796.20420331073	858
2797.13778592187	859
2798.07121788696	856.666687011719
2799.004499232	855.666687011719
2799.93762998299	860.666687011719
2800.87061016593	854.333312988281
2801.8034398068	860.666687011719
2802.7361189316	858
2803.66864756629	855.333312988281
2804.60102573685	859
2805.53325346925	859.333312988281
2806.46533078946	854.666687011719
2807.39725772342	856.333312988281
2808.3290342971	859.666687011719
2809.26066053643	859.666687011719
2810.19213646736	856.333312988281
2811.12346211582	858
2812.05463750774	862.666687011719
2812.98566266905	859
2813.91653762567	860.666687011719
2814.84726240351	858.666687011719
2815.77783702848	856.666687011719
2816.70826152648	860.666687011719
2817.63853592341	858.333312988281
2818.56866024516	858.333312988281
2819.49863451762	861.333312988281
2820.42845876667	862
2821.35813301819	857.333312988281
2822.28765729804	857
2823.2170316321	862.333312988281
2824.14625604621	863
2825.07533056625	861.666687011719
2826.00425521805	859.333312988281
2826.93303002745	861.333312988281
2827.86165502031	859.666687011719
2828.79013022245	860.333312988281
2829.7184556597	859
2830.64663135788	861
2831.5746573428	861.333312988281
2832.50253364028	863
2833.43026027613	861.666687011719
2834.35783727615	857.333312988281
2835.28526466613	859
2836.21254247186	859.333312988281
2837.13967071913	860.333312988281
2838.06664943371	858.333312988281
2838.99347864138	860.333312988281
2839.92015836791	861
2840.84668863907	861.666687011719
2841.7730694806	862.666687011719
2842.69930091826	861.666687011719
2843.62538297781	863.666687011719
2844.55131568498	860
2845.4770990655	864.333312988281
2846.40273314511	864
2847.32821794954	861
2848.25355350451	860.666687011719
2849.17873983572	862
2850.1037769689	863.333312988281
2851.02866492974	862.666687011719
2851.95340374395	861.333312988281
2852.87799343721	860
2853.80243403522	861.666687011719
2854.72672556366	862.333312988281
2855.65086804821	863
2856.57486151453	863.666687011719
2857.49870598831	862.666687011719
2858.42240149519	863
2859.34594806085	862.666687011719
2860.26934571091	863.666687011719
2861.19259447104	861.333312988281
2862.11569436687	865.333312988281
2863.03864542404	866
2863.96144766817	863.666687011719
2864.88410112491	863.666687011719
2865.80660581985	869.333312988281
2866.72896177862	865
2867.65116902682	864.333312988281
2868.57322759006	865.333312988281
2869.49513749393	865.666687011719
2870.41689876404	866.666687011719
2871.33851142596	869.666687011719
2872.25997550528	869
2873.18129102757	865.333312988281
2874.10245801841	866
2875.02347650336	867.666687011719
2875.94434650799	869
2876.86506805784	870.666687011719
2877.78564117848	865.666687011719
2878.70606589544	867
2879.62634223425	863.666687011719
2880.54647022048	868.666687011719
2881.46644987962	865.666687011719
2882.38628123722	867
2883.30596431879	866.666687011719
2884.22549914984	866.666687011719
