1205.5599911772	852.333312988281
1206.75301393864	849.666687011719
1207.94583983287	852.333312988281
1209.13846889606	851.333312988281
1210.3309011644	850.333312988281
1211.52313667407	851
1212.71517546124	851.333312988281
1213.90701756207	850
1215.09866301271	851.333312988281
1216.29011184929	852
1217.48136410796	849.666687011719
1218.67241982484	851
1219.86327903604	852.333312988281
1221.05394177768	850.666687011719
1222.24440808585	847.333312988281
1223.43467799665	851.333312988281
1224.62475154616	849.333312988281
1225.81462877046	850
1227.00430970561	850
1228.19379438767	851.666687011719
1229.38308285269	850.333312988281
1230.57217513673	849.666687011719
1231.76107127579	848
1232.94977130592	850
1234.13827526314	847.333312988281
1235.32658318344	852
1236.51469510282	849.333312988281
1237.70261105729	848.333312988281
1238.89033108283	850.333312988281
1240.07785521541	848.666687011719
1241.26518349099	851
1242.45231594553	851.333312988281
1243.639252615	850.666687011719
1244.82599353532	851.666687011719
1246.01253874243	847.333312988281
1247.19888827226	853.333312988281
1248.38504216072	852.333312988281
1249.57100044373	848.666687011719
1250.75676315718	850.333312988281
1251.94233033696	848.666687011719
1253.12770201896	849.666687011719
1254.31287823906	851.333312988281
1255.49785903312	850.333312988281
1256.682644437	847
1257.86723448654	851
1259.05162921761	851
1260.23582866602	847.333312988281
1261.41983286761	852.333312988281
1262.60364185819	851
1263.78725567356	850.333312988281
1264.97067434954	850.333312988281
1266.15389792191	853
1267.33692642646	850.666687011719
1268.51975989897	849.333312988281
1269.7023983752	849
1270.88484189091	851.333312988281
1272.06709048185	849.666687011719
1273.24914418377	849
1274.43100303241	848.333312988281
1275.61266706348	850.333312988281
1276.7941363127	849
1277.9754108158	848
1279.15649060846	849.333312988281
1280.33737572638	849.333312988281
1281.51806620525	847.666687011719
1282.69856208075	850.666687011719
1283.87886338854	851
1285.05897016428	850.333312988281
1286.23888244363	848
1287.41860026223	851.666687011719
1288.59812365572	851.666687011719
1289.77745265973	848
1290.95658730986	847.666687011719
1292.13552764175	849.666687011719
1293.31427369098	846.666687011719
1294.49282549315	849.333312988281
1295.67118308386	849.333312988281
1296.84934649867	848.666687011719
1298.02731577317	849.666687011719
1299.2050909429	849.666687011719
1300.38267204343	848.333312988281
1301.5600591103	850.333312988281
1302.73725217905	849.333312988281
1303.91425128521	851
1305.09105646429	851.666687011719
1306.26766775182	849.333312988281
1307.4440851833	848
1308.62030879422	850
1309.79633862006	850.666687011719
1310.97217469633	849.666687011719
1312.14781705847	851.333312988281
1313.32326574196	850
1314.49852078226	852.333312988281
1315.6735822148	848.333312988281
1316.84845007504	859.666687011719
1318.0231243984	849.666687011719
1319.1976052203	850
1320.37189257616	849
1321.54598650139	851
1322.71988703138	849.333312988281
1323.89359420153	848
1325.06710804722	847.333312988281
1326.24042860381	849
1327.41355590669	848
1328.5864899912	852
1329.75923089269	851
1330.93177864651	850.333312988281
1332.10413328799	854
1333.27629485246	851.333312988281
1334.44826337523	851.333312988281
1335.62003889161	850.666687011719
1336.79162143691	849.333312988281
1337.96301104641	850.666687011719
1339.1342077554	851.666687011719
1340.30521159916	851
1341.47602261295	853
1342.64664083204	851.333312988281
1343.81706629167	848.666687011719
1344.98729902711	853
1346.15733907356	851.333312988281
1347.32718646628	851.666687011719
1348.49684124046	850.666687011719
1349.66630343134	849.666687011719
1350.83557307411	849.333312988281
1352.00465020397	848.333312988281
1353.1735348561	848.666687011719
1354.34222706568	852.666687011719
1355.51072686789	849.333312988281
1356.67903429789	849
1357.84714939083	848.666687011719
1359.01507218186	848
1360.18280270613	850.333312988281
1361.35034099875	849
1362.51768709486	850.666687011719
1363.68484102956	848.333312988281
1364.85180283798	848.333312988281
1366.01857255519	848.666687011719
1367.1851502163	849.666687011719
1368.35153585639	847.333312988281
1369.51772951053	849.333312988281
1370.68373121378	848.333312988281
1371.84954100122	850.666687011719
1373.01515890787	849.666687011719
1374.18058496881	847.666687011719
1375.34581921904	850
1376.5108616936	849.333312988281
1377.67571242751	850
1378.84037145579	850
1380.00483881341	850
1381.1691145354	852.333312988281
1382.33319865672	849
1383.49709121237	847.666687011719
1384.6607922373	850
1385.82430176648	849.333312988281
1386.98761983487	849
1388.15074647741	848.666687011719
1389.31368172903	848.333312988281
1390.47642562468	849
1391.63897819927	851.666687011719
1392.80133948771	848
1393.96350952492	849
1395.12548834577	851.666687011719
1396.28727598518	848.333312988281
1397.44887247803	848.333312988281
1398.61027785917	850.666687011719
1399.77149216348	849
1400.93251542583	851.333312988281
1402.09334768105	847.333312988281
1403.25398896399	846.666687011719
1404.41443930949	848.333312988281
1405.57469875237	848
1406.73476732744	845.333312988281
1407.89464506953	846.666687011719
1409.05433201342	848.333312988281
1410.21382819392	846.333312988281
1411.37313364582	851.333312988281
1412.53224840388	846.666687011719
1413.69117250288	849
1414.84990597758	850.666687011719
1416.00844886274	846.666687011719
1417.16680119311	847.333312988281
1418.32496300341	846.333312988281
1419.48293432839	846
1420.64071520276	848
1421.79830566124	845.333312988281
1422.95570573854	846.666687011719
1424.11291546935	846.666687011719
1425.26993488836	848.666687011719
1426.42676403027	846.333312988281
1427.58340292974	845.333312988281
1428.73985162144	852.666687011719
1429.89611014002	848.666687011719
1431.05217852015	850.333312988281
1432.20805679646	850.333312988281
1433.36374500359	850
1434.51924317617	847
1435.67455134881	847.666687011719
1436.82966955613	848.333312988281
1437.98459783273	848.666687011719
1439.13933621321	849.333312988281
1440.29388473215	847.666687011719
1441.44824342414	847.666687011719
1442.60241232375	846.333312988281
1443.75639146553	847.333312988281
1444.91018088405	849.666687011719
1446.06378061386	850
1447.21719068949	848
1448.37041114548	848.333312988281
1449.52344201635	847.333312988281
1450.67628333663	848.666687011719
1451.82893514081	846
1452.9813974634	846.666687011719
1454.13367033889	849.333312988281
1455.28575380178	852
1456.43764788652	851.333312988281
1457.58935262761	848
1458.74086805949	850
1459.89219421662	847
1461.04333113344	851
1462.1942788444	849
1463.34503738393	849.333312988281
1464.49560678644	850.666687011719
1465.64598708636	848.333312988281
1466.79617831808	846.666687011719
1467.94618051601	849.666687011719
1469.09599371453	847.333312988281
1470.24561794804	847.333312988281
1471.3950532509	847.666687011719
1472.54429965749	848.666687011719
1473.69335720216	848.333312988281
1474.84222591927	848
1475.99090584315	851
1477.13939700816	848
1478.2876994486	847.333312988281
1479.4358131988	847.666687011719
1480.58373829309	846
1481.73147476575	846.666687011719
1482.8790226511	849
1484.0263819834	845.333312988281
1485.17355279696	845
1486.32053512604	847.666687011719
1487.46732900491	846.333312988281
1488.61393446782	849
1489.76035154904	846.666687011719
1490.90658028278	846.333312988281
1492.0526207033	851.666687011719
1493.19847284482	845
1494.34413674156	850
1495.48961242773	846
1496.63489993753	849
1497.77999930516	848.666687011719
1498.9249105648	845.666687011719
1500.06963375064	845
1501.21416889685	846
1502.35851603759	845.666687011719
1503.50267520703	846.333312988281
1504.6466464393	847.333312988281
1505.79042976854	847.666687011719
1506.9340252289	847
1508.0774328545	847
1509.22065267946	845.666687011719
1510.36368473788	848.333312988281
1511.50652906387	848.333312988281
1512.64918569152	854.666687011719
1513.79165465492	847.333312988281
1514.93393598815	846.333312988281
1516.07602972528	847.666687011719
1517.21793590037	846.666687011719
1518.35965454748	846.666687011719
1519.50118570066	848.333312988281
1520.64252939395	845.666687011719
1521.78368566137	849
1522.92465453696	844.333312988281
1524.06543605473	848.333312988281
1525.2060302487	848.666687011719
1526.34643715286	848.333312988281
1527.4866568012	847.333312988281
1528.62668922771	845
1529.76653446638	847.333312988281
1530.90619255116	845.333312988281
1532.04566351604	845.666687011719
1533.18494739495	848
1534.32404422185	848.666687011719
1535.46295403068	846.666687011719
1536.60167685536	847
1537.74021272983	846.666687011719
1538.87856168801	844.333312988281
1540.01672376379	847.666687011719
1541.15469899108	847.333312988281
1542.29248740378	846.333312988281
1543.43008903576	846.666687011719
1544.56750392092	849.333312988281
1545.70473209312	848.333312988281
1546.84177358622	847
1547.97862843408	848
1549.11529667053	845.333312988281
1550.25177832944	847.333312988281
1551.38807344462	846.666687011719
1552.52418204991	848
1553.66010417911	847.666687011719
1554.79583986604	847.666687011719
1555.9313891445	847.666687011719
1557.06675204828	848.333312988281
1558.20192861117	847.666687011719
1559.33691886695	847.333312988281
1560.47172284938	847.333312988281
1561.60634059224	849.666687011719
1562.74077212927	849.666687011719
1563.87501749423	847
1565.00907672085	848.666687011719
1566.14294984286	847.666687011719
1567.276636894	852
1568.41013790798	850
1569.54345291851	850.333312988281
1570.67658195929	852
1571.80952506401	853
1572.94228226636	853
1574.07485360003	853.666687011719
1575.20723909867	853.666687011719
1576.33943879597	855.333312988281
1577.47145272556	859.666687011719
1578.60328092111	864
1579.73492341624	862.333312988281
1580.86638024461	870.333312988281
1581.99765143982	877.666687011719
1583.1287370355	887
1584.25963706526	894
1585.3903515627	906.666687011719
1586.52088056141	935.333312988281
1587.651224095	968.666687011719
1588.78138219703	1011
1589.91135490107	1075
1591.04114224069	1110.66662597656
1592.17074424946	1103.33337402344
1593.30016096091	1049.66662597656
1594.4293924086	991.333312988281
1595.55843862605	943.666687011719
1596.68729964679	913
1597.81597550434	898
1598.94446623221	880
1600.07277186392	868.333312988281
1601.20089243294	862.666687011719
1602.32882797279	863
1603.45657851692	857
1604.58414409882	857.333312988281
1605.71152475196	856.666687011719
1606.83872050978	853.666687011719
1607.96573140575	854.666687011719
1609.09255747331	854.333312988281
1610.2191987459	850
1611.34565525693	851.333312988281
1612.47192703984	852.333312988281
1613.59801412803	849.666687011719
1614.72391655491	847.666687011719
1615.84963435389	848.333312988281
1616.97516755835	848.333312988281
1618.10051620167	848.666687011719
1619.22568031722	847
1620.35065993839	850.666687011719
1621.47545509852	848.666687011719
1622.60006583098	848
1623.7244921691	851
1624.84873414623	852.666687011719
1625.97279179569	850
1627.09666515081	851.333312988281
1628.2203542449	849
1629.34385911127	847
1630.46717978322	848
1631.59031629405	849
1632.71326867703	848
1633.83603696546	848.333312988281
1634.95862119259	845.666687011719
1636.08102139169	844
1637.20323759601	844.666687011719
1638.32526983881	849.666687011719
1639.44711815332	846.666687011719
1640.56878257278	844.666687011719
1641.6902631304	846
1642.81155985942	849.333312988281
1643.93267279303	849.666687011719
1645.05360196445	847.333312988281
1646.17434740686	844.666687011719
1647.29490915345	848
1648.41528723741	847.666687011719
1649.53548169191	847.333312988281
1650.65549255012	845
1651.77531984518	845.666687011719
1652.89496361026	846.333312988281
1654.01442387848	845.666687011719
1655.133700683	846.333312988281
1656.25279405694	847.666687011719
1657.37170403341	846.333312988281
1658.49043064553	846.333312988281
1659.60897392641	850.666687011719
1660.72733390915	844
1661.84551062683	846
1662.96350411254	844.666687011719
1664.08131439936	845.666687011719
1665.19894152034	846.333312988281
1666.31638550856	845
1667.43364639706	845.666687011719
1668.55072421891	844.666687011719
1669.66761900711	844.666687011719
1670.78433079473	846.666687011719
1671.90085961477	846
1673.01720550025	845.666687011719
1674.13336848418	844
1675.24934859957	842.666687011719
1676.3651458794	846.333312988281
1677.48076035666	844.666687011719
1678.59619206433	845.333312988281
1679.71144103539	846
1680.8265073028	844.666687011719
1681.94139089951	846.333312988281
1683.05609185847	843.333312988281
1684.17061021263	845.666687011719
1685.28494599492	845.333312988281
1686.39909923827	845.333312988281
1687.51306997559	846.333312988281
1688.62685823981	846
1689.74046406382	845.666687011719
1690.85388748052	844
1691.96712852281	845
1693.08018722356	845.666687011719
1694.19306361564	842.666687011719
1695.30575773194	845.333312988281
1696.41826960531	845
1697.5305992686	847.333312988281
1698.64274675465	845.333312988281
1699.75471209631	844.666687011719
1700.86649532642	844
1701.97809647778	844.666687011719
1703.08951558321	843.666687011719
1704.20075267554	845
1705.31180778755	846.333312988281
1706.42268095205	845
1707.53337220181	845
1708.64388156962	843
1709.75420908825	844.666687011719
1710.86435479047	844.333312988281
1711.97431870903	845.333312988281
1713.08410087668	844.333312988281
1714.19370132617	848
1715.30312009023	846.333312988281
1716.41235720158	846.666687011719
1717.52141269295	844.666687011719
1718.63028659706	843.333312988281
1719.73897894661	845.333312988281
1720.84748977429	845.666687011719
1721.9558191128	847.666687011719
1723.06396699482	844.666687011719
1724.17193345303	845.333312988281
1725.2797185201	844
1726.38732222869	846.666687011719
1727.49474461145	843.666687011719
1728.60198570104	845
1729.70904553008	843.333312988281
1730.81592413122	843.666687011719
1731.92262153708	846.666687011719
1733.02913778027	846.333312988281
1734.13547289342	845
1735.24162690912	846.333312988281
1736.34759985996	846
1737.45339177854	845
1738.55900269743	843.666687011719
1739.66443264922	844
1740.76968166647	845
1741.87474978174	841.333312988281
1742.97963702757	843
1744.08434343652	844
1745.18886904113	844.666687011719
1746.29321387391	845
1747.39737796741	845.333312988281
1748.50136135412	844
1749.60516406657	844.333312988281
1750.70878613725	843.666687011719
1751.81222759865	846
1752.91548848327	845.666687011719
1754.01856882358	843.666687011719
1755.12146865205	845.333312988281
1756.22418800115	844.333312988281
1757.32672690333	844.333312988281
1758.42908539106	843.333312988281
1759.53126349676	843
1760.63326125288	845.333312988281
1761.73507869184	845.666687011719
1762.83671584607	843.666687011719
1763.93817274797	842.666687011719
1765.03944942997	843
1766.14054592445	844.666687011719
1767.2414622638	846.666687011719
1768.34219848042	842.333312988281
1769.44275460668	844.666687011719
1770.54313067495	843.666687011719
1771.6433267176	843.666687011719
1772.74334276697	850
1773.84317885542	843.333312988281
1774.9428350153	845
1776.04231127892	846.333312988281
1777.14160767864	843.333312988281
1778.24072424675	845
1779.33966101558	843.333312988281
1780.43841801742	846.333312988281
1781.53699528459	845.333312988281
1782.63539284936	842.333312988281
1783.73361074403	845.333312988281
1784.83164900086	842.333312988281
1785.92950765214	852.666687011719
1787.02718673012	845
1788.12468626705	844.333312988281
1789.22200629518	844.333312988281
1790.31914684676	844.666687011719
1791.41610795402	845.333312988281
1792.51288964918	845
1793.60949196446	843.333312988281
1794.70591493207	846
1795.80215858423	845
1796.89822295312	841.666687011719
1797.99410807093	847.666687011719
1799.08981396985	845
1800.18534068207	842.666687011719
1801.28068823973	846
1802.375856675	845.333312988281
1803.47084602005	843.666687011719
1804.56565630701	843.666687011719
1805.66028756802	844
1806.75473983523	843
1807.84901314074	846
1808.9431075167	843
1810.03702299519	845.333312988281
1811.13075960833	844.666687011719
1812.22431738821	841.333312988281
1813.31769636693	844.333312988281
1814.41089657656	845
1815.50391804919	844.666687011719
1816.59676081688	845.333312988281
1817.68942491168	844.333312988281
1818.78191036567	843
1819.87421721087	845.666687011719
1820.96634547933	844.333312988281
1822.05829520309	844
1823.15006641417	843.333312988281
1824.24165914458	845.333312988281
1825.33307342635	844
1826.42430929146	845.666687011719
1827.51536677193	845.333312988281
1828.60624589973	844.666687011719
1829.69694670686	844
1830.78746922528	845.666687011719
1831.87781348696	846.333312988281
1832.96797952388	845.666687011719
1834.05796736797	845.666687011719
1835.14777705119	846
1836.23740860548	843.333312988281
1837.32686206276	844.666687011719
1838.41613745497	843.333312988281
1839.50523481403	844.666687011719
1840.59415417184	843.333312988281
1841.68289556031	843.333312988281
1842.77145901133	843.333312988281
1843.8598445568	844.666687011719
1844.94805222861	844.666687011719
1846.03608205861	845
1847.12393407869	844
1848.21160832071	845
1849.29910481652	844.333312988281
1850.38642359796	844.333312988281
1851.47356469689	849.666687011719
1852.56052814512	844.666687011719
1853.64731397449	845.333312988281
1854.73392221683	847
1855.82035290392	846.333312988281
1856.9066060676	844
1857.99268173964	845.333312988281
1859.07857995185	846.333312988281
1860.164300736	844.666687011719
1861.24984412388	845.333312988281
1862.33521014725	844.333312988281
1863.42039883788	845
1864.50541022752	844.666687011719
1865.59024434791	846.333312988281
1866.67490123081	847.333312988281
1867.75938090794	846.333312988281
1868.84368341104	846.333312988281
1869.92780877182	845
1871.01175702199	843.333312988281
1872.09552819327	844.666687011719
1873.17912231734	844
1874.26253942592	845.333312988281
1875.34577955067	846.666687011719
1876.42884272328	847
1877.51172897541	846
1878.59443833873	844.666687011719
1879.67697084491	844
1880.75932652558	847
1881.84150541239	845.666687011719
1882.92350753698	845.333312988281
1884.00533293097	845
1885.08698162599	846.333312988281
1886.16845365366	845.666687011719
1887.24974904557	846
1888.33086783333	846.333312988281
1889.41181004854	846.666687011719
1890.49257572278	846.666687011719
1891.57316488763	844.333312988281
1892.65357757466	843.333312988281
1893.73381381543	844
1894.81387364152	843.666687011719
1895.89375708447	843.666687011719
1896.97346417582	847
1898.05299494711	847.333312988281
1899.13234942987	846.666687011719
1900.21152765563	845
1901.29052965589	847
1902.36935546219	842.666687011719
1903.448005106	844
1904.52647861884	845.666687011719
1905.60477603218	847.333312988281
1906.68289737752	841.666687011719
1907.76084268632	845.333312988281
1908.83861199005	846
1909.91620532018	845.666687011719
1910.99362270815	844.666687011719
1912.07086418542	845.333312988281
1913.14792978343	846.666687011719
1914.2248195336	845.333312988281
1915.30153346737	844.666687011719
1916.37807161614	845
1917.45443401134	844
1918.53062068437	843
1919.60663166663	844.333312988281
1920.68246698951	846
1921.75812668439	845.333312988281
1922.83361078265	844
1923.90891931567	845.333312988281
1924.98405231479	845.333312988281
1926.05900981139	847.666687011719
1927.1337918368	844
1928.20839842238	844
1929.28282959945	845.666687011719
1930.35708539936	844.666687011719
1931.4311658534	845.333312988281
1932.50507099292	844.666687011719
1933.5788008492	844.666687011719
1934.65235545356	845.333312988281
1935.72573483728	845.666687011719
1936.79893903166	846
1937.87196806797	844.666687011719
1938.94482197748	844.666687011719
1940.01750079147	845.333312988281
1941.09000454119	847
1942.16233325789	843
1943.23448697283	844.333312988281
1944.30646571723	847.666687011719
1945.37826952233	845.333312988281
1946.44989841936	845
1947.52135243954	846.666687011719
1948.59263161406	846.666687011719
1949.66373597415	845.666687011719
1950.73466555099	844.333312988281
1951.80542037578	844
1952.8760004797	846
1953.94640589393	845.666687011719
1955.01663664963	844.333312988281
1956.08669277797	847.333312988281
1957.1565743101	846.333312988281
1958.22628127718	843.666687011719
1959.29581371034	846.333312988281
1960.36517164073	845
1961.43435509946	847
1962.50336411767	844.666687011719
1963.57219872646	847
1964.64085895694	844.666687011719
1965.70934484022	844.666687011719
1966.77765640739	845
1967.84579368953	848.333312988281
1968.91375671773	845.333312988281
1969.98154552306	845.333312988281
1971.04916013658	847.333312988281
1972.11660058936	845.333312988281
1973.18386691245	847.666687011719
1974.25095913689	845.333312988281
1975.31787729373	845.666687011719
1976.38462141399	846.333312988281
1977.45119152871	844.333312988281
1978.51758766889	844.333312988281
1979.58380986556	847
1980.64985814971	845.666687011719
1981.71573255234	845
1982.78143310445	844.333312988281
1983.84695983703	843.666687011719
1984.91231278104	845.666687011719
1985.97749196746	844.666687011719
1987.04249742725	844.666687011719
1988.10732919137	844
1989.17198729078	846
1990.2364717564	846.333312988281
1991.30078261919	845.666687011719
1992.36491991007	846.666687011719
1993.42888365996	843.333312988281
1994.49267389977	846
1995.55629066043	845
1996.61973397283	845
1997.68300386786	844
1998.74610037642	846.333312988281
1999.80902352939	845
2000.87177335764	844.666687011719
2001.93434989204	845
2002.99675316346	846
2004.05898320274	845.333312988281
2005.12104004074	843.666687011719
2006.1829237083	844
2007.24463423625	845.333312988281
2008.30617165542	844.333312988281
2009.36753599663	842.333312988281
2010.4287272907	846.333312988281
2011.48974556843	845.333312988281
2012.55059086062	845.666687011719
2013.61126319807	845.666687011719
2014.67176261156	847
2015.73208913188	843.333312988281
2016.79224278979	847
2017.85222361607	844.666687011719
2018.91203164148	846.666687011719
2019.97166689676	844
2021.03112941266	845
2022.09041921993	846
2023.1495363493	846
2024.20848083148	843.666687011719
2025.26725269721	844.666687011719
2026.3258519772	844
2027.38427870214	844.333312988281
2028.44253290275	843
2029.5006146097	845
2030.5585238537	846
2031.61626066541	845.666687011719
2032.67382507551	843.333312988281
2033.73121711466	845
2034.78843681353	845
2035.84548420276	845
2036.902359313	846.333312988281
2037.95906217489	843.666687011719
2039.01559281905	841
2040.07195127613	843.666687011719
2041.12813757672	843.666687011719
2042.18415175145	845
2043.23999383092	845.333312988281
2044.29566384573	845.666687011719
2045.35116182646	846
2046.40648780371	846.333312988281
2047.46164180805	843.666687011719
2048.51662387005	843.666687011719
2049.57143402028	844
2050.62607228929	844.666687011719
2051.68053870764	842.666687011719
2052.73483330587	845.666687011719
2053.78895611451	842.666687011719
2054.84290716411	844
2055.89668648518	845.333312988281
2056.95029410824	844
2058.00373006379	846
2059.05699438236	844
2060.11008709443	846
2061.16300823049	842.666687011719
2062.21575782102	845.666687011719
2063.26833589652	844.333312988281
2064.32074248743	844
2065.37297762424	843.333312988281
2066.42504133739	843
2067.47693365735	845
2068.52865461454	844.333312988281
2069.58020423941	844
2070.63158256239	842.666687011719
2071.68278961391	844.666687011719
2072.73382542437	845.333312988281
2073.7846900242	846.666687011719
2074.83538344379	844
2075.88590571355	845
2076.93625686386	845
2077.9864369251	843.333312988281
2079.03644592766	845
2080.0862839019	842.666687011719
2081.13595087819	845
2082.18544688689	845
2083.23477195835	844.333312988281
2084.2839261229	843
2085.3329094109	844
2086.38172185266	843.666687011719
2087.43036347851	843.666687011719
2088.47883431878	844.333312988281
2089.52713440377	845
2090.57526376378	844
2091.62322242911	846.333312988281
2092.67101043006	843.666687011719
2093.71862779691	843.333312988281
2094.76607455994	845
2095.81335074941	844.666687011719
2096.86045639559	846.333312988281
2097.90739152874	843.666687011719
2098.95415617911	843
2100.00075037694	845.333312988281
2101.04717415248	844
2102.09342753595	844.666687011719
2103.13951055758	842.666687011719
2104.18542324758	845
2105.23116563618	843.666687011719
2106.27673775356	842
2107.32213962994	845.333312988281
2108.3673712955	843.666687011719
2109.41243278042	842.666687011719
2110.4573241149	842.666687011719
2111.50204532908	844
2112.54659645316	845
2113.59097751727	846.666687011719
2114.63518855158	845.666687011719
2115.67922958622	842
2116.72310065135	845.333312988281
2117.76680177708	844.666687011719
2118.81033299355	844.333312988281
2119.85369433087	844
2120.89688581917	844.666687011719
2121.93990748853	843.666687011719
2122.98275936907	846.333312988281
2124.02544149087	843
2125.06795388403	846.333312988281
2126.11029657861	845
2127.1524696047	846.333312988281
2128.19447299236	845.666687011719
2129.23630677165	846.333312988281
2130.27797097263	845
2131.31946562534	846.333312988281
2132.36079075981	845.333312988281
2133.40194640609	844.333312988281
2134.4429325942	845.333312988281
2135.48374935417	845.333312988281
2136.524396716	845.666687011719
2137.5648747097	843
2138.60518336528	846.333312988281
2139.64532271273	843.333312988281
2140.68529278203	845
2141.72509360318	844.666687011719
2142.76472520613	847.666687011719
2143.80418762087	845.333312988281
2144.84348087734	843.333312988281
2145.88260500552	843.333312988281
2146.92156003534	847.333312988281
2147.96034599675	845.666687011719
2148.99896291968	844.333312988281
2150.03741083407	845.333312988281
2151.07568976983	844.333312988281
2152.11379975688	843.333312988281
2153.15174082513	843.333312988281
2154.18951300449	846
2155.22711632484	844
2156.26455081609	844
2157.3018165081	846.666687011719
2158.33891343077	846
2159.37584161395	847
2160.41260108752	846
2161.44919188133	847.666687011719
2162.48561402524	845.666687011719
2163.52186754907	846.666687011719
2164.55795248268	845.333312988281
2165.5938688559	842.666687011719
2166.62961669854	843.666687011719
2167.66519604043	846
2168.70060691139	846.333312988281
2169.7358493412	845.333312988281
2170.77092335968	849.333312988281
2171.80582899662	846.333312988281
2172.8405662818	844.333312988281
2173.875135245	847
2174.90953591599	844.666687011719
2175.94376832454	845
2176.97783250042	844.666687011719
2178.01172847336	847
2179.04545627313	845.666687011719
2180.07901592946	846
2181.11240747208	845.333312988281
2182.14563093072	846
2183.17868633511	845.666687011719
2184.21157371496	844.333312988281
2185.24429309997	848.666687011719
2186.27684451984	845.666687011719
2187.30922800429	842.666687011719
2188.34144358298	846.333312988281
2189.3734912856	843.666687011719
2190.40537114184	845.333312988281
2191.43708318135	845.333312988281
2192.46862743381	846.666687011719
2193.50000392886	845.333312988281
2194.53121269616	845
2195.56225376535	846
2196.59312716608	845.666687011719
2197.62383292796	847.666687011719
2198.65437108062	845.333312988281
2199.68474165369	846.666687011719
2200.71494467676	845.333312988281
2201.74498017946	846.666687011719
2202.77484819137	845
2203.80454874209	846
2204.8340818612	843.333312988281
2205.86344757828	845
2206.89264592291	847
2207.92167692466	847
2208.95054061307	844
2209.97923701771	845.666687011719
2211.00776616812	845.333312988281
2212.03612809384	847
2213.06432282441	844.666687011719
2214.09235038935	847
2215.1202108182	846.666687011719
2216.14790414045	847
2217.17543038562	845.666687011719
2218.20278958321	845.333312988281
2219.22998176272	845.666687011719
2220.25700695364	847.333312988281
2221.28386518545	846.666687011719
2222.31055648763	844.666687011719
2223.33708088964	845.333312988281
2224.36343842095	845.666687011719
2225.38962911102	847
2226.41565298929	846.333312988281
2227.44151008522	849.333312988281
2228.46720042825	848.333312988281
2229.4927240478	845.333312988281
2230.51808097329	847.333312988281
2231.54327123415	846.666687011719
2232.5682948598	844
2233.59315187963	846.333312988281
2234.61784232304	845.333312988281
2235.64236621944	845.666687011719
2236.66672359821	849
2237.69091448872	846
2238.71493892035	848
2239.73879692248	843.666687011719
2240.76248852446	846.333312988281
2241.78601375565	846
2242.80937264539	845
2243.83256522303	845
2244.85559151791	846
2245.87845155935	846.333312988281
2246.90114537669	845.333312988281
2247.92367299922	845.666687011719
2248.94603445628	846.333312988281
2249.96822977716	845.333312988281
2250.99025899115	845.666687011719
2252.01212212756	844.333312988281
2253.03381921566	845.666687011719
2254.05535028474	847.333312988281
2255.07671536407	844.666687011719
2256.09791448292	846.666687011719
2257.11894767054	845
2258.13981495619	846
2259.16051636911	846
2260.18105193855	849
2261.20142169375	847.666687011719
2262.22162566392	848.666687011719
2263.2416638783	846.666687011719
2264.2615363661	846.666687011719
2265.28124315652	848
2266.30078427877	844.333312988281
2267.32015976206	845.333312988281
2268.33936963556	843.333312988281
2269.35841392846	844.666687011719
2270.37729266995	845.666687011719
2271.39600588918	849
2272.41455361533	849.333312988281
2273.43293587756	845.333312988281
2274.45115270502	845.666687011719
2275.46920412686	844.666687011719
2276.4870901722	847.333312988281
2277.5048108702	846.666687011719
2278.52236624997	847.666687011719
2279.53975634064	846.666687011719
2280.55698117133	844.333312988281
2281.57404077113	846.666687011719
2282.59093516916	847.333312988281
2283.60766439451	847.666687011719
2284.62422847626	847
2285.64062744351	845
2286.65686132532	844.666687011719
2287.67293015078	845.666687011719
2288.68883394894	846.666687011719
2289.70457274886	844.666687011719
2290.7201465796	844
2291.7355554702	846
2292.7507994497	848
2293.76587854713	847.333312988281
2294.78079279152	846
2295.79554221189	845.666687011719
2296.81012683726	847.333312988281
2297.82454669663	847
2298.838801819	844.666687011719
2299.85289223338	844.666687011719
2300.86681796874	846.333312988281
2301.88057905408	847.333312988281
2302.89417551837	848
2303.90760739057	847
2304.92087469967	846.333312988281
2305.9339774746	847
2306.94691574433	847
2307.9596895378	848.333312988281
2308.97229888394	846
2309.9847438117	847
2310.99702435	847.333312988281
2312.00914052776	847.333312988281
2313.02109237388	848
2314.0328799173	846.666687011719
2315.0445031869	846.333312988281
2316.05596221157	846
2317.06725702022	846.333312988281
2318.07838764171	847
2319.08935410494	846.666687011719
2320.10015643876	846
2321.11079467205	849
2322.12126883366	847
2323.13157895245	847.666687011719
2324.14172505725	846.666687011719
2325.15170717692	847.333312988281
2326.16152534028	847.666687011719
2327.17117957616	847.666687011719
2328.18066991338	850.333312988281
2329.18999638076	846.333312988281
2330.1991590071	847.333312988281
2331.20815782121	846.666687011719
2332.21699285188	847.333312988281
2333.22566412791	848.666687011719
2334.23417167807	848
2335.24251553115	846.666687011719
2336.25069571591	846.666687011719
2337.25871226112	844.666687011719
2338.26656519555	847.333312988281
2339.27425454793	847.666687011719
2340.28178034703	846.333312988281
2341.28914262158	848.333312988281
2342.2963414003	849.666687011719
2343.30337671194	846.666687011719
2344.31024858522	846.666687011719
2345.31695704884	846.666687011719
2346.32350213153	850
2347.32988386197	846.333312988281
2348.33610226888	847
2349.34215738093	845
2350.34804922682	850.333312988281
2351.35377783523	846.333312988281
2352.35934323481	847
2353.36474545426	847.666687011719
2354.36998452221	845.333312988281
2355.37506046733	849.333312988281
2356.37997331827	847.666687011719
2357.38472310366	847.666687011719
2358.38930985214	847.666687011719
2359.39373359234	847
2360.39799435289	849.666687011719
2361.40209216239	848.666687011719
2362.40602704947	847.333312988281
2363.40979904272	846.666687011719
2364.41340817075	846.666687011719
2365.41685446215	847
2366.4201379455	846.666687011719
2367.42325864938	848
2368.42621660237	847.666687011719
2369.42901183303	849.333312988281
2370.43164436994	847.333312988281
2371.43411424163	851
2372.43642147667	847.666687011719
2373.43856610359	848
2374.44054815093	847.333312988281
2375.44236764723	848.666687011719
2376.44402462101	847.333312988281
2377.44551910078	848
2378.44685111506	846
2379.44802069236	846.333312988281
2380.44902786118	849.333312988281
2381.44987265	853
2382.45055508733	846.333312988281
2383.45107520164	848.666687011719
2384.4514330214	849
2385.45162857509	848
2386.45166189117	847
2387.4515329981	850
2388.45124192433	848.333312988281
2389.45078869831	847.333312988281
2390.45017334847	846.333312988281
2391.44939590325	846.333312988281
2392.44845639107	847.666687011719
2393.44735484036	847
2394.44609127953	851
2395.44466573698	847.666687011719
2396.44307824114	848.666687011719
2397.44132882037	847
2398.4394175031	847
2399.43734431768	846.333312988281
2400.4351092925	847
2401.43271245594	849.666687011719
2402.43015383637	848.666687011719
2403.42743346213	848.333312988281
2404.42455136158	848.666687011719
2405.42150756309	848.666687011719
2406.41830209497	848.333312988281
2407.41493498558	847.333312988281
2408.41140626323	848.333312988281
2409.40771595626	849
2410.40386409299	846.666687011719
2411.39985070171	847
2412.39567581075	849.666687011719
2413.39133944839	849
2414.38684164293	848.333312988281
2415.38218242267	851
2416.37736181587	848.333312988281
2417.37237985082	848.333312988281
2418.36723655578	847.666687011719
2419.36193195902	847.666687011719
2420.3564660888	849
2421.35083897336	849
2422.34505064095	847.333312988281
2423.33910111981	852
2424.33299043818	849
2425.32671862427	851
2426.32028570631	849
2427.31369171252	848
2428.3069366711	851.333312988281
2429.30002061025	848.666687011719
2430.29294355818	849.666687011719
2431.28570554307	849
2432.2783065931	851.666687011719
2433.27074673647	852.333312988281
2434.26302600133	852.333312988281
2435.25514441586	849.333312988281
2436.24710200821	849.666687011719
2437.23889880654	850.333312988281
2438.23053483901	850
2439.22201013374	852.666687011719
2440.21332471888	852
2441.20447862255	853
2442.19547187289	855
2443.18630449801	853.333312988281
2444.17697652602	853
2445.16748798503	855.333312988281
2446.15783890314	858.666687011719
2447.14802930844	854.666687011719
2448.13805922902	854.666687011719
2449.12792869297	855.333312988281
2450.11763772835	858
2451.10718636325	861.666687011719
2452.09657462572	860
2453.08580254383	860.333312988281
2454.07487014561	860
2455.06377745914	858.333312988281
2456.05252451243	862
2457.04111133353	860.333312988281
2458.02953795047	861.666687011719
2459.01780439126	858.333312988281
2460.00591068392	858.333312988281
2460.99385685647	856.666687011719
2461.98164293691	857
2462.96926895323	854.666687011719
2463.95673493344	856.666687011719
2464.9440409055	857.666687011719
2465.93118689742	854.666687011719
2466.91817293715	858.333312988281
2467.90499905268	853.666687011719
2468.89166527195	856
2469.87817162294	854
2470.86451813358	853.333312988281
2471.85070483183	856
2472.83673174562	856.666687011719
2473.82259890289	853.333312988281
2474.80830633156	854.666687011719
2475.79385405955	854.333312988281
2476.77924211478	854.333312988281
2477.76447052516	853.666687011719
2478.74953931858	853.666687011719
2479.73444852296	854
2480.71919816617	853
2481.70378827611	849.333312988281
2482.68821888065	854.333312988281
2483.67249000766	853
2484.65660168502	853
2485.64055394059	852.666687011719
2486.62434680221	853.666687011719
2487.60798029775	851.666687011719
2488.59145445503	851.666687011719
2489.57476930191	854.666687011719
2490.55792486621	854.333312988281
2491.54092117576	853
2492.52375825838	854.333312988281
2493.50643614189	853.666687011719
2494.48895485408	852.666687011719
2495.47131442277	853.666687011719
2496.45351487574	853
2497.43555624079	853.666687011719
2498.41743854571	855.333312988281
2499.39916181827	854.333312988281
2500.38072608625	855
2501.3621313774	856.333312988281
2502.3433777195	854.666687011719
2503.32446514029	852.666687011719
2504.30539366754	852
2505.28616332896	852.333312988281
2506.26677415232	856.666687011719
2507.24722616533	851
2508.22751939572	854.666687011719
2509.20765387122	855.666687011719
2510.18762961953	850.666687011719
2511.16744666836	854.333312988281
2512.14710504542	855.333312988281
2513.12660477839	851.666687011719
2514.10594589498	852.333312988281
2515.08512842286	852.666687011719
2516.06415238971	853
2517.04301782321	852.666687011719
2518.02172475102	852
2519.0002732008	852.666687011719
2519.9786632002	855.666687011719
2520.95689477688	852.666687011719
2521.93496795848	854.333312988281
2522.91288277263	854.666687011719
2523.89063924697	854
2524.86823740912	853.666687011719
2525.8456772867	850.666687011719
2526.82295890731	854.666687011719
2527.80008229859	855.666687011719
2528.77704748811	854
2529.75385450349	851.333312988281
2530.7305033723	852.666687011719
2531.70699412213	851.666687011719
2532.68332678057	853.666687011719
2533.65950137518	852.666687011719
2534.63551793353	854.666687011719
2535.61137648318	853.666687011719
2536.58707705169	856.666687011719
2537.5626196666	854
2538.53800435546	850.666687011719
2539.51323114581	853.333312988281
2540.48830006517	852
2541.46321114107	856
2542.43796440104	852.666687011719
2543.41255987258	852.333312988281
2544.38699758321	852.666687011719
2545.36127756042	849.666687011719
2546.33539983172	852
2547.30936442459	854
2548.28317136652	854.666687011719
2549.25682068499	855.333312988281
2550.23031240746	856.666687011719
2551.20364656141	853
2552.17682317431	856
2553.1498422736	855
2554.12270388673	854.666687011719
2555.09540804115	849.666687011719
2556.0679547643	851
2557.0403440836	852.666687011719
2558.01257602649	851.666687011719
2558.98465062039	851.666687011719
2559.95656789271	852.666687011719
2560.92832787086	852
2561.89993058224	851.666687011719
2562.87137605426	850.666687011719
2563.84266431429	856
2564.81379538974	855.333312988281
2565.78476930797	854
2566.75558609637	856
2567.7262457823	857
2568.69674839312	854.666687011719
2569.66709395619	856.333312988281
2570.63728249886	853.333312988281
2571.60731404848	852.666687011719
2572.57718863239	852.666687011719
2573.54690627792	852.333312988281
2574.51646701239	854.666687011719
2575.48587086314	853.666687011719
2576.45511785747	853
2577.4242080227	852.666687011719
2578.39314138613	850.666687011719
2579.36191797506	852
2580.33053781679	854.666687011719
2581.29900093859	853
2582.26730736776	852.333312988281
2583.23545713157	855
2584.20345025729	853
2585.17128677218	852.666687011719
2586.1389667035	853
2587.1064900785	853
2588.07385692444	851.666687011719
2589.04106726855	853
2590.00812113807	853.333312988281
2590.97501856023	852.333312988281
2591.94175956224	855
2592.90834417134	856.666687011719
2593.87477241473	854.666687011719
2594.84104431962	856.333312988281
2595.80715991321	856
2596.7731192227	854.666687011719
2597.73892227527	854.333312988281
2598.70456909811	855
2599.67005971839	853.333312988281
2600.63539416329	854
2601.60057245998	854
2602.56559463562	852.333312988281
2603.53046071735	855.666687011719
2604.49517073233	856
2605.45972470771	856
2606.42412267062	855.333312988281
2607.38836464819	856
2608.35245066755	856.666687011719
2609.31638075582	855.333312988281
2610.28015494012	855.666687011719
2611.24377324755	856.333312988281
2612.20723570521	855
2613.17054234021	853.666687011719
2614.13369317964	855
2615.09668825058	855
2616.05952758012	857.666687011719
2617.02221119532	858.333312988281
2617.98473912326	856
2618.947111391	854.333312988281
2619.9093280256	856.333312988281
2620.87138905411	857.333312988281
2621.83329450357	855.333312988281
2622.79504440103	856.333312988281
2623.75663877352	860
2624.71807764808	858.666687011719
2625.67936105171	858
2626.64048901145	861.333312988281
2627.6014615543	861.666687011719
2628.56227870727	857.666687011719
2629.52294049736	856.666687011719
2630.48344695157	861.666687011719
2631.44379809688	857.333312988281
2632.40399396028	864.666687011719
2633.36403456875	859.333312988281
2634.32391994925	860.666687011719
2635.28365012876	860.666687011719
2636.24322513423	862.333312988281
2637.20264499262	865
2638.16190973088	863
2639.12101937595	863
2640.07997395477	866
2641.03877349428	865
2641.9974180214	866
2642.95590756305	870.333312988281
2643.91424214614	870.333312988281
2644.87242179759	867.333312988281
2645.8304465443	870.333312988281
2646.78831641316	871.333312988281
2647.74603143108	870.666687011719
2648.70359162494	872.666687011719
2649.66099702161	876
2650.61824764798	877.333312988281
2651.57534353091	881.666687011719
2652.53228469727	884.666687011719
2653.48907117392	883.666687011719
2654.4457029877	886.666687011719
2655.40218016548	885
2656.35850273409	895
2657.31467072036	893.666687011719
2658.27068415112	892.666687011719
2659.22654305321	892
2660.18224745343	898.666687011719
2661.13779737861	897.666687011719
2662.09319285555	910.333312988281
2663.04843391105	911
2664.00352057191	917
2664.95845286492	922.333312988281
2665.91323081686	928.666687011719
2666.86785445452	940
2667.82232380467	942.333312988281
2668.77663889408	955.333312988281
2669.7307997495	955
2670.6848063977	965
2671.63865886543	974.333312988281
2672.59235717944	984
2673.54590136646	983
2674.49929145323	993
2675.45252746647	999.666687011719
2676.40560943292	1012
2677.35853737928	1023.33331298828
2678.31131133228	1027.33337402344
2679.26393131861	1028
2680.21639736498	1033.66662597656
2681.16870949808	1030.66662597656
2682.12086774461	1032.66662597656
2683.07287213124	1033
2684.02472268467	1026
2684.97641943154	1022.33331298828
2685.92796239854	1011.33331298828
2686.87935161233	1013.33331298828
2687.83058709957	1004
2688.78166888689	1001.33331298828
2689.73259700095	987.666687011719
2690.68337146839	975.666687011719
2691.63399231585	970.333312988281
2692.58445956994	965
2693.53477325729	962.666687011719
2694.48493340452	953.666687011719
2695.43494003824	942
2696.38479318505	936.666687011719
2697.33449287156	928
2698.28403912435	926.333312988281
2699.23343197003	924.666687011719
2700.18267143517	921
2701.13175754635	916.666687011719
2702.08069033013	906
2703.0294698131	901.333312988281
2703.97809602181	899
2704.92656898281	892
2705.87488872265	891
2706.82305526788	886
2707.77106864504	883.333312988281
2708.71892888066	887
2709.66663600127	881
2710.61419003339	878.666687011719
2711.56159100353	879.333312988281
2712.50883893821	876
2713.45593386394	873
2714.4028758072	874
2715.3496647945	874.333312988281
2716.29630085233	867
2717.24278400717	867.333312988281
2718.18911428549	868.666687011719
2719.13529171377	865.333312988281
2720.08131631847	864.333312988281
2721.02718812607	863
2721.97290716299	867.666687011719
2722.91847345571	869
2723.86388703067	868
2724.8091479143	860.666687011719
2725.75425613303	860.333312988281
2726.6992117133	862.333312988281
2727.64401468153	861.666687011719
2728.58866506412	861.666687011719
2729.5331628875	860.666687011719
2730.47750817807	862.333312988281
2731.42170096223	860.333312988281
2732.36574126638	861
2733.3096291169	858
2734.25336454017	858
2735.19694756257	859
2736.14037821049	859
2737.08365651027	858.666687011719
2738.02678248829	860.666687011719
2738.9697561709	858.666687011719
2739.91257758445	859
2740.85524675529	857.666687011719
2741.79776370975	858.333312988281
2742.74012847417	855.333312988281
2743.68234107487	858
2744.62440153819	855.333312988281
2745.56630989043	858.333312988281
2746.5080661579	859.666687011719
2747.44967036693	858
2748.39112254379	856.333312988281
2749.3324227148	857.666687011719
2750.27357090623	856.666687011719
2751.21456714439	857.666687011719
2752.15541145553	858.333312988281
2753.09610386594	858
2754.03664440188	855
2754.97703308962	864
2755.91726995541	857
2756.8573550255	857.333312988281
2757.79728832614	858.333312988281
2758.73706988357	856
2759.67669972403	856.666687011719
2760.61617787374	855.666687011719
2761.55550435893	857
2762.49467920581	855.666687011719
2763.4337024406	857
2764.3725740895	854.666687011719
2765.31129417873	857.333312988281
2766.24986273447	858.333312988281
2767.18827978291	859
2768.12654535024	858.333312988281
2769.06465946265	858.666687011719
2770.0026221463	858
2770.94043342736	855.333312988281
2771.878093332	851.666687011719
2772.81560188638	858.333312988281
2773.75295911664	856.333312988281
2774.69016504895	859.333312988281
2775.62721970942	858.333312988281
2776.56412312421	859
2777.50087531945	855.333312988281
2778.43747632125	854.666687011719
2779.37392615575	855
2780.31022484905	857.333312988281
2781.24637242726	857.333312988281
2782.18236891649	855.333312988281
2783.11821434284	857.666687011719
2784.05390873239	855.666687011719
2784.98945211124	855.333312988281
2785.92484450546	858.666687011719
2786.86008594114	856
2787.79517644434	859
2788.73011604113	859
2789.66490475757	854.333312988281
2790.59954261971	860
2791.53402965361	856.666687011719
2792.4683658853	857.333312988281
2793.40255134083	858.666687011719
2794.33658604623	860.333312988281
2795.27047002752	855.333312988281
2796.20420331073	856
2797.13778592187	859.666687011719
2798.07121788696	858
2799.004499232	855.666687011719
2799.93762998299	860
2800.87061016593	857
2801.8034398068	858
2802.7361189316	856.666687011719
2803.66864756629	859.333312988281
2804.60102573685	858
2805.53325346925	856.333312988281
2806.46533078946	857.333312988281
2807.39725772342	857.333312988281
2808.3290342971	859.333312988281
2809.26066053643	853
2810.19213646736	854
2811.12346211582	859
2812.05463750774	861.333312988281
2812.98566266905	856
2813.91653762567	860
2814.84726240351	858
2815.77783702848	860
2816.70826152648	861.666687011719
2817.63853592341	855.666687011719
2818.56866024516	860
2819.49863451762	860
2820.42845876667	860
2821.35813301819	856.666687011719
2822.28765729804	861
2823.2170316321	858
2824.14625604621	861.333312988281
2825.07533056625	858.666687011719
2826.00425521805	861
2826.93303002745	859
2827.86165502031	858.333312988281
2828.79013022245	863
2829.7184556597	858
2830.64663135788	860
2831.5746573428	860.333312988281
2832.50253364028	858.666687011719
2833.43026027613	859.666687011719
2834.35783727615	860.666687011719
2835.28526466613	860
2836.21254247186	857.666687011719
2837.13967071913	858.666687011719
2838.06664943371	862
2838.99347864138	859.333312988281
2839.92015836791	858
2840.84668863907	860.333312988281
2841.7730694806	861.333312988281
2842.69930091826	861
2843.62538297781	860.333312988281
2844.55131568498	860
2845.4770990655	863.666687011719
2846.40273314511	862.333312988281
2847.32821794954	861.666687011719
2848.25355350451	859.333312988281
2849.17873983572	861.333312988281
2850.1037769689	863
2851.02866492974	864
2851.95340374395	859
2852.87799343721	859.333312988281
2853.80243403522	862
2854.72672556366	862
2855.65086804821	866
2856.57486151453	861.333312988281
2857.49870598831	861.333312988281
2858.42240149519	862
2859.34594806085	863.666687011719
2860.26934571091	864.666687011719
2861.19259447104	863
2862.11569436687	864
2863.03864542404	863.333312988281
2863.96144766817	863.666687011719
2864.88410112491	863.666687011719
2865.80660581985	864.666687011719
2866.72896177862	863
2867.65116902682	866.666687011719
2868.57322759006	863.333312988281
2869.49513749393	864.666687011719
2870.41689876404	862.333312988281
2871.33851142596	865.333312988281
2872.25997550528	865.333312988281
2873.18129102757	866.666687011719
2874.10245801841	864.333312988281
2875.02347650336	863.333312988281
2875.94434650799	864.666687011719
2876.86506805784	866
2877.78564117848	865.666687011719
2878.70606589544	866.333312988281
2879.62634223425	865.666687011719
2880.54647022048	866.333312988281
2881.46644987962	865.666687011719
2882.38628123722	865.666687011719
2883.30596431879	866.333312988281
2884.22549914984	868.333312988281
