
12557.55	2.3153924746096E-5
12567.50	1.96530535002625E-5
12577.44	1.31005378498751E-5
12587.39	1.73754651375658E-5
12597.33	1.47268123295058E-5
12607.27	1.12115147413096E-5
12617.22	1.68565898073383E-5
12627.16	1.56575479093192E-5
12637.11	1.13788366629759E-5
12647.05	1.6948350804662E-5
12657.00	1.64534799621364E-5
12666.94	1.41028138979628E-5
12676.89	1.37588284067066E-5
12686.83	1.6494157517651E-5
12696.77	1.68149662621605E-5
12706.72	1.4123270924428E-5
12716.66	1.63510765811024E-5
12726.61	1.69763757484323E-5
12736.55	1.44440796689374E-5
12746.50	1.21338546628627E-5
12756.44	2.01494615759907E-5
12766.39	1.65843812817722E-5
12776.33	1.60195072041749E-5
12786.27	1.29178435961828E-5
12796.22	1.60604212571053E-5
12806.16	1.55377619682252E-5
12816.11	1.68726716316115E-5
12826.05	1.59966852035518E-5
12836.00	1.68127195367105E-5
12845.94	1.4326895199417E-5
12855.89	2.20124699688201E-5
12865.83	1.43611873247055E-5
12875.77	9.88038903657582E-6
12885.72	1.67933267486163E-5
12895.66	1.18832856508408E-5
12905.61	1.34843731556906E-5
12915.55	1.82423464151179E-5
12925.50	1.77593004433814E-5
12935.44	1.60318050697956E-5
12945.38	1.66806357299958E-5
12955.33	2.23218085886641E-5
12965.27	1.54883340083266E-5
12975.22	1.58284172922223E-5
12985.16	1.61890758512912E-5
12995.11	1.28459483817848E-5
13005.05	1.53324822113257E-5
13015.00	1.22127265510263E-5
13024.94	1.86828228520134E-5
13034.88	1.47097845155695E-5
13044.83	1.72613551344506E-5
13054.77	1.55436744036198E-5
13064.72	1.44508198452872E-5
13074.66	1.01265828464058E-5
13084.61	1.84432509698254E-5
13094.55	1.61180083778484E-5
13104.50	1.34907585859168E-5
13114.44	1.13192393141987E-5
13124.38	1.50605101831754E-5
13134.33	1.48836101161699E-5
13144.27	1.75285972142852E-5
13154.22	1.83899208025664E-5
13164.16	1.92748941324258E-5
13174.11	1.94423343028E-5
13184.05	1.67219045290499E-5
13194.00	1.52476978877675E-5
13203.94	1.75774339306444E-5
13213.88	1.97016537192059E-5
13223.83	1.62124890954537E-5
13233.77	1.44077773156148E-5
13243.72	1.60774490710417E-5
13253.66	1.61593954256104E-5
13263.61	1.84246859226864E-5
13273.55	1.63984943129669E-5
13283.50	1.47512898120394E-5
13293.44	1.38764858710586E-5
13303.38	9.95997041698674E-6
13313.33	1.87035163758944E-5
13323.27	1.76438897044794E-5
13333.22	1.19918379646851E-5
13343.16	1.60383087487296E-5
13353.11	1.59045694601044E-5
13363.05	1.41619382519085E-5
13373.00	1.16271589495479E-5
13382.94	1.70797251191294E-5
13392.88	1.48450610373973E-5
13402.83	1.50049332904665E-5
13412.77	1.32851240828936E-5
13422.72	2.10027442521353E-5
13432.66	2.28021348401191E-5
13442.61	1.29306144566351E-5
13452.55	2.19027351678969E-5
13462.50	1.68484306464938E-5
13472.44	1.62523389100131E-5
13482.38	1.79866927086566E-5
13492.33	1.48419865709921E-5
13502.27	9.98882310171225E-6
13512.22	2.10868190834461E-5
13522.16	1.61871838719649E-5
13532.11	1.26024742922364E-5
13542.05	1.82871626754087E-5
13552.00	1.2955801431416E-5
13561.94	1.74989167886045E-5
13571.88	1.55195516672099E-5
13581.83	2.01162336890733E-5
13591.77	1.94256612349873E-5
13601.72	1.34001800756719E-5
13611.66	1.86100998966602E-5
13621.61	1.15261745530087E-5
13631.55	1.13762351914023E-5
13641.50	1.21342094089864E-5
13651.44	1.81148743080109E-5
13661.38	1.82970955668716E-5
13671.33	1.90264535971459E-5
13681.27	1.25706653898136E-5
13691.22	1.52730031112563E-5
13701.16	1.79910679108486E-5
13711.11	1.4209355983773E-5
13721.05	2.05422837836061E-5
13731.00	1.18745352464568E-5
13740.94	1.53381581493045E-5
13750.88	1.67334929024233E-5
13760.83	1.6949415043033E-5
13770.77	1.86459292551513E-5
13780.72	1.52246393897287E-5
13790.66	1.50922008368903E-5
13800.61	1.99826126491559E-5
13810.55	1.26352291843223E-5
13820.50	1.66824094606142E-5
13830.44	1.45041500125463E-5
13840.38	1.79875204496118E-5
13850.33	2.16179922792943E-5
13860.27	1.92280676441008E-5
13870.22	1.93320082583373E-5
13880.16	2.03109893109704E-5
13890.11	1.55230991284467E-5
13900.05	1.63299100623899E-5
13910.00	1.27753539031737E-5
13919.94	2.14838982445455E-5
13929.88	1.81120363390215E-5
13939.83	1.82729728304617E-5
13949.77	1.79668269257308E-5
13959.72	1.78219722585638E-5
13969.66	2.00891547349661E-5
13979.61	1.66677466208357E-5
13989.55	1.70252124647914E-5
13999.50	2.10701460156334E-5
14009.44	1.64298302205581E-5
14019.38	2.07726322665785E-5
14029.33	1.25635704673401E-5
14039.27	1.82565362600648E-5
14049.22	1.15611761705445E-5
14059.16	1.90768275467076E-5
14069.11	1.5816828918849E-5
14079.05	1.70675455022166E-5
14089.00	1.63096895333404E-5
14098.94	1.58836394388076E-5
14108.88	1.98434339199677E-5
14118.83	1.75490542407504E-5
14128.77	1.62593155837787E-5
14138.72	1.70390475636147E-5
14148.66	1.7169475888419E-5
14158.61	2.0930021296782E-5
14168.55	1.59629843218028E-5
14178.50	2.41732286081201E-5
14188.44	1.66710575846566E-5
14198.38	1.75715214952498E-5
14208.33	2.52614714668449E-5
14218.27	2.19348988164434E-5
14228.22	1.94217590276269E-5
14238.16	2.0560848830745E-5
14248.11	1.47424211589475E-5
14258.05	2.243083389734E-5
14268.00	2.46210364649049E-5
14277.94	1.97593590886569E-5
14287.88	2.11129520478901E-5
14297.83	2.10793694148489E-5
14307.77	3.03622477304494E-5
14317.72	2.09011686120565E-5
14327.66	1.55666146529507E-5
14337.61	1.86695789967296E-5
14347.55	1.62984559060907E-5
14357.50	1.87587385224797E-5
14367.44	2.34235318000885E-5
14377.38	3.29464549927085E-5
14387.33	2.02686562735453E-5
14397.27	2.24158163114378E-5
14407.22	2.27203067342582E-5
14417.16	2.13502772046282E-5
14427.11	2.8039606610046E-5
14437.05	2.34668108271768E-5
14447.00	2.05479597215848E-5
14456.94	1.58679123606581E-5
14466.88	1.82477858556809E-5
14476.83	2.65218844442596E-5
14486.77	2.42606144032519E-5
14496.72	2.4987962205492E-5
14506.66	2.10545371861917E-5
14516.61	2.76360237700126E-5
14526.55	2.00951854190686E-5
14536.50	1.59184045589277E-5
14546.44	2.87688463916124E-5
14556.38	2.19143235412702E-5
14566.33	2.33411124506882E-5
14576.27	2.17747900659584E-5
14586.22	2.40923464919224E-5
14596.16	2.22325308142061E-5
14606.11	2.51432227589535E-5
14616.05	2.18261100051832E-5
14626.00	3.01475080769185E-5
14635.94	2.7539769321789E-5
14645.88	2.88606073889362E-5
14655.83	2.35392972851142E-5
14665.77	2.49453926706511E-5
14675.72	2.80876155854499E-5
14685.66	2.52751883169603E-5
14695.61	3.27852820038525E-5
14705.55	3.09346897253517E-5
14715.50	3.31595391643289E-5
14725.44	2.64322519236779E-5
14735.38	2.93053407793158E-5
14745.33	3.36619779241595E-5
14755.27	3.27982893617206E-5
14765.22	2.97815283259946E-5
14775.16	3.84042241054372E-5
14785.11	2.91219370333762E-5
14795.05	3.67561918635544E-5
14805.00	3.32566213535077E-5
14814.94	2.77399643842491E-5
14824.88	2.82947873216757E-5
14834.83	3.43473474350982E-5
14844.77	4.3232318848644E-5
14854.72	2.54828330480176E-5
14864.66	4.67691377016765E-5
14874.61	3.87887689035001E-5
14884.55	3.57744910906398E-5
14894.50	5.79740305153442E-5
14904.44	4.11768015593674E-5
14914.38	4.38757100682813E-5
14924.33	4.36776434825631E-5
14934.27	4.63001633261791E-5
14944.22	4.71752037645757E-5
14954.16	4.31513184837384E-5
14964.11	4.46789735409877E-5
14974.05	5.22712500798645E-5
14983.99	4.06939920850467E-5
14993.94	3.59074026383098E-5
15003.88	5.90072877248994E-5
15013.83	4.46780275513246E-5
15023.77	5.37390712909207E-5
15033.72	5.24151587573683E-5
15043.66	6.67176947229597E-5
15053.61	6.92415951441943E-5
15063.55	5.77704062403551E-5
15073.49	7.56779905634324E-5
15083.44	8.71910395098651E-5
15093.38	7.27996987646472E-5
15103.33	6.48571695529961E-5
15113.27	6.84876413826786E-5
15123.22	0.000104003640797868
15133.16	8.21647599322322E-5
15143.11	9.68189675550927E-5
15153.05	0.000111076450762977
15162.99	8.63157625740528E-5
15172.94	6.74185548146322E-5
15182.88	8.37957643601786E-5
15192.83	7.84005488139245E-5
15202.77	7.91320353209409E-5
15212.72	9.73569991759987E-5
15222.66	8.37922168989419E-5
15232.61	9.86501670454993E-5
15242.55	0.000102412959179312
15252.49	6.98320109426962E-5
15262.44	8.2774923264952E-5
15272.38	0.000135548139109816
15282.33	8.30661698324886E-5
15292.27	9.97641881225444E-5
15302.22	6.05935941412629E-5
15312.16	7.30762824924053E-5
15322.11	6.37559193364032E-5
15332.05	7.29054131095022E-5
15341.99	6.38972265423335E-5
15351.94	4.36536389948612E-5
15361.88	6.91724196500778E-5
15371.83	8.41281614780614E-5
15381.77	8.56052060883332E-5
15391.72	6.12345021380344E-5
15401.66	6.00265915869235E-5
15411.61	4.93974517319792E-5
15421.55	4.54617799872289E-5
15431.49	5.85467090076623E-5
15441.44	3.16271541587639E-5
15451.38	4.204084486793E-5
15461.33	4.8634274571248E-5
15471.27	4.55302459890981E-5
15481.22	6.96902307419343E-5
15491.16	4.7318639447248E-5
15501.11	3.90097757385492E-5
15511.05	5.15771301645418E-5
15520.99	3.92489928746135E-5
15530.94	6.23583378578345E-5
15540.88	4.58878300817618E-5
15550.83	6.20972447108103E-5
15560.77	4.1286181614167E-5
15570.72	3.87959820746815E-5
15580.66	4.04165806163335E-5
15590.61	6.29761873565672E-5
15600.55	4.5972496156612E-5
15610.49	3.64451977618E-5
15620.44	3.91708304786973E-5
15630.38	3.68373104771679E-5
15640.33	3.64285246939873E-5
15650.27	3.39017863037633E-5
15660.22	3.43804570733078E-5
15670.16	3.50556571953679E-5
15680.11	4.41111432456931E-5
15690.05	2.83618343390501E-5
15699.99	4.35965248689496E-5
15709.94	3.27040451415311E-5
15719.88	2.73797788200119E-5
15729.83	3.96769349484726E-5
15739.77	1.89305538950459E-5
15749.72	3.31292674951087E-5
15759.66	2.7003866177625E-5
15769.61	3.17037793214776E-5
15779.55	2.7431926500192E-5
15789.49	2.59591388434043E-5
15799.44	2.5733993303579E-5
15809.38	2.78716934448402E-5
15819.33	2.50898925916944E-5
15829.27	2.97805823363314E-5
15839.22	2.34811189208316E-5
15849.16	1.70700287250823E-5
15859.11	2.59091196399662E-5
15869.05	2.17860236932081E-5
15878.99	2.07299444830297E-5
15888.94	2.97365938169958E-5
15898.88	2.09476403542579E-5
15908.83	2.50819699282657E-5
15918.77	2.20591782084372E-5
15928.72	2.68480143806241E-5
15938.66	2.09103920112721E-5
15948.61	1.54610185568037E-5
15958.55	2.30514031163542E-5
15968.49	2.35071336365677E-5
15978.44	2.57772723306673E-5
15988.38	2.21579158795266E-5
15998.33	2.34543947128482E-5
16008.27	2.4360652810128E-5
16018.22	2.47250953278494E-5
16028.16	1.801566364209E-5
16038.11	2.04104364743071E-5
16048.05	2.00053164010711E-5
16057.99	2.20410861561298E-5
16067.94	1.94000012653749E-5
16077.88	2.06482346258768E-5
16087.83	2.42053922566666E-5
16097.77	1.72501215072009E-5
16107.72	1.41605192674138E-5
16117.66	2.12562694818545E-5
16127.61	2.24466792241974E-5
16137.55	3.23069659804317E-5
16147.49	2.49950571279655E-5
16157.44	1.66242310963316E-5
16167.38	2.15528372412462E-5
16177.33	2.41371627522132E-5
16187.27	2.38113875619724E-5
16197.22	2.17641476822481E-5
16207.16	1.82178689325843E-5
16217.11	1.2612761929823E-5
16227.05	1.77963122889514E-5
16236.99	2.31989775038027E-5
16246.94	1.46582280789288E-5
16256.88	1.58500568057665E-5
16266.83	1.66069667849795E-5
16276.77	2.55955240666382E-5
16286.72	1.50540065042414E-5
16296.66	1.75154716077093E-5
16306.61	2.12637191504516E-5
16316.55	1.8305372976424E-5
16326.49	2.305163961377E-5
16336.44	1.58528947747559E-5
16346.38	2.04771287455579E-5
16356.33	2.54056166417645E-5
16366.27	2.50279302687593E-5
16376.22	1.50535335094098E-5
16386.16	2.38254591582114E-5
16396.11	1.92598765465236E-5
16406.05	1.93270418126059E-5
16415.99	1.97417400311811E-5
16425.94	1.28999880412912E-5
16435.88	2.20098684972465E-5
16445.83	2.07403503693242E-5
16455.77	2.18323771867015E-5
16465.72	1.93098957499616E-5
16475.66	1.96583746921177E-5
16485.61	1.85943728185106E-5
16495.55	1.97148975744898E-5
16505.49	1.78600483425049E-5
16515.44	1.94166743331876E-5
16525.38	1.32772014194649E-5
16535.33	1.94987389364642E-5
16545.27	2.38702754185023E-5
16555.22	1.60620767390158E-5
16565.16	2.24708019606073E-5
16575.11	2.73866372450696E-5
16585.05	2.25898784094539E-5
16594.99	1.85156191790549E-5
16604.94	1.72813391660843E-5
16614.88	2.11142527836769E-5
16624.83	1.66895043830877E-5
16634.77	1.35769618939696E-5
16644.72	1.66067302875637E-5
16654.66	1.58258158206487E-5
16664.61	2.24456149858264E-5
16674.55	1.91463577869478E-5
16684.49	1.59874618043363E-5
16694.44	2.05889920232232E-5
16704.38	1.51788771397747E-5
16714.33	1.47997717822748E-5
16724.27	1.50810854583485E-5
16734.22	1.55371707246858E-5
16744.16	8.50468356896699E-6
16754.11	1.87149865005599E-5
16764.05	1.53305902319994E-5
16773.99	1.79414034535342E-5
16783.94	2.06420856930664E-5
16793.88	1.67515849547307E-5
16803.83	1.71052668400339E-5
16813.77	1.38529543781882E-5
16823.72	2.57584707861125E-5
16833.66	2.22194052076301E-5
16843.61	1.28587192422371E-5
16853.55	1.51408010558337E-5
16863.49	1.46454572184765E-5
16873.44	1.83649703252013E-5
16883.38	1.31630914163496E-5
16893.33	1.79596137545495E-5
16903.27	1.50786022354828E-5
16913.22	1.69665611056773E-5
16923.16	1.55362247350226E-5
16933.10	1.94940089881486E-5
16943.05	1.43458149926797E-5
16952.99	1.29716467582734E-5
16962.94	1.32071981843931E-5
16972.88	1.68147297647447E-5
16982.83	1.46804588360124E-5
16992.77	1.73512241524481E-5
17002.72	1.76155100145854E-5
17012.66	1.93880581458779E-5
17022.60	1.209979903499E-5
17032.55	1.41310753391488E-5
17042.49	1.84497546487594E-5
17052.44	1.02889383223407E-5
17062.38	1.44398227154533E-5
17072.33	1.19343690926499E-5
17082.27	1.37543349558068E-5
17092.22	1.47467963611395E-5
17102.16	1.8827086275641E-5
17112.10	1.71477181261669E-5
17122.05	1.78126306106404E-5
17131.99	2.23031252928172E-5
17141.94	2.18551991873245E-5
17151.88	1.5975755182255E-5
17161.83	1.51397368174627E-5
17171.77	1.32776744142964E-5
17181.72	2.05878095361443E-5
17191.66	7.46645991368029E-6
17201.60	1.10296482285726E-5
17211.55	1.22742158791298E-5
17221.49	1.1660859831297E-5
17231.44	2.31869161355978E-5
17241.38	1.48319354308213E-5
17251.33	1.72647843469795E-5
17261.27	1.1355896413645E-5
17271.22	1.85305185162493E-5
17281.16	1.84742321312929E-5
17291.10	1.78451490053106E-5
17301.05	1.70271044441177E-5
17310.99	1.81341488473972E-5
17320.94	1.98789085323352E-5
17330.88	1.36330117815102E-5
17340.83	1.62207665050061E-5
17350.77	1.38631237670669E-5
17360.72	2.1061868606081E-5
17370.66	1.38906757160056E-5
17380.60	1.72934005342892E-5
17390.55	1.69944678007397E-5
17400.49	1.10337869333488E-5
17410.44	1.67680215251276E-5
17420.38	1.51412740506653E-5
17430.33	1.30381025321084E-5
17440.27	1.49874324816985E-5
17450.22	1.62146175721957E-5
17460.16	1.58435531268324E-5
17470.10	1.89543218853321E-5
17480.05	1.66777977610064E-5
17489.99	1.46369433115083E-5
17499.94	1.65636877578912E-5
17509.88	1.46908647223068E-5
17519.83	1.34797614560829E-5
17529.77	2.1262181917249E-5
17539.72	1.14023681558463E-5
17549.66	1.7888191534983E-5
17559.60	1.98212031628842E-5
17569.55	1.39651724019772E-5
17579.49	1.23717710631402E-5
17589.44	1.87259836303938E-5
17599.38	1.664338738701E-5
17609.33	1.21441423004492E-5
17619.27	1.68039691323266E-5
17629.22	1.3425130553037E-5
17639.16	1.70535921546854E-5
