time	dz	Bias	T-B	Topo
 0.000000E+0000	 0.000000E+0000	-6.650000E-0005	 3.917882E+0001	-3.121062E+0002
 5.888000E-0004	 1.562526E+0000	-6.650000E-0005	 4.054679E+0001	-3.105437E+0002
 1.177600E-0003	 3.125017E+0000	-6.650000E-0005	 3.974068E+0001	-3.089812E+0002
 1.766400E-0003	 4.687507E+0000	-6.650000E-0005	 3.947328E+0001	-3.074187E+0002
 2.355200E-0003	 6.250033E+0000	-6.650000E-0005	 3.737524E+0001	-3.058562E+0002
 2.944000E-0003	 7.812524E+0000	-6.650000E-0005	 3.650536E+0001	-3.042937E+0002
 3.532800E-0003	 9.375015E+0000	-6.650000E-0005	 3.590626E+0001	-3.027312E+0002
 4.121600E-0003	 1.093750E+0001	-6.650000E-0005	 3.270673E+0001	-3.011687E+0002
 4.710400E-0003	 1.250003E+0001	-6.650000E-0005	 3.371845E+0001	-2.996062E+0002
 5.299200E-0003	 1.406252E+0001	-6.650000E-0005	 3.112599E+0001	-2.980437E+0002
 5.888000E-0003	 1.562501E+0001	-6.650000E-0005	 3.005259E+0001	-2.964812E+0002
 6.476800E-0003	 1.718750E+0001	-6.650000E-0005	 2.969838E+0001	-2.949187E+0002
 7.065600E-0003	 1.875003E+0001	-6.650000E-0005	 2.626251E+0001	-2.933562E+0002
 7.654400E-0003	 2.031252E+0001	-6.650000E-0005	 2.756596E+0001	-2.917937E+0002
 8.243200E-0003	 2.187501E+0001	-6.650000E-0005	 2.602129E+0001	-2.902312E+0002
 8.832000E-0003	 2.343750E+0001	-6.650000E-0005	 2.475304E+0001	-2.886687E+0002
 9.420800E-0003	 2.500003E+0001	-6.650000E-0005	 2.426897E+0001	-2.871062E+0002
 1.000960E-0002	 2.656252E+0001	-6.650000E-0005	 2.182114E+0001	-2.855437E+0002
 1.059840E-0002	 2.812501E+0001	-6.650000E-0005	 2.228032E+0001	-2.839812E+0002
 1.118720E-0002	 2.968753E+0001	-6.650000E-0005	 2.048861E+0001	-2.824187E+0002
 1.177600E-0002	 3.125003E+0001	-6.650000E-0005	 1.984826E+0001	-2.808562E+0002
 1.236480E-0002	 3.281252E+0001	-6.650000E-0005	 1.818286E+0001	-2.792937E+0002
 1.295360E-0002	 3.437501E+0001	-6.650000E-0005	 1.642245E+0001	-2.777312E+0002
 1.354240E-0002	 3.593753E+0001	-6.650000E-0005	 1.673268E+0001	-2.761687E+0002
 1.413120E-0002	 3.750002E+0001	-6.650000E-0005	 1.427217E+0001	-2.746062E+0002
 1.472000E-0002	 3.906251E+0001	-6.650000E-0005	 1.418798E+0001	-2.730437E+0002
 1.530880E-0002	 4.062500E+0001	-6.650000E-0005	 1.212718E+0001	-2.714812E+0002
 1.589760E-0002	 4.218753E+0001	-6.650000E-0005	 1.048552E+0001	-2.699187E+0002
 1.648640E-0002	 4.375002E+0001	-6.650000E-0005	 1.124369E+0001	-2.683562E+0002
 1.707520E-0002	 4.531251E+0001	-6.650000E-0005	 8.026760E+0000	-2.667937E+0002
 1.766400E-0002	 4.687500E+0001	-6.650000E-0005	 8.226670E+0000	-2.652312E+0002
 1.825280E-0002	 4.843753E+0001	-6.650000E-0005	 7.482760E+0000	-2.636687E+0002
 1.884160E-0002	 5.000002E+0001	-6.650000E-0005	 5.266960E+0000	-2.621062E+0002
 1.943040E-0002	 5.156251E+0001	-6.650000E-0005	 5.429990E+0000	-2.605437E+0002
 2.001920E-0002	 5.312500E+0001	-6.650000E-0005	 3.760870E+0000	-2.589812E+0002
 2.060800E-0002	 5.468753E+0001	-6.650000E-0005	 2.917810E+0000	-2.574187E+0002
 2.119680E-0002	 5.625002E+0001	-6.650000E-0005	 1.988710E+0000	-2.558562E+0002
 2.178560E-0002	 5.781251E+0001	-6.650000E-0005	 1.055530E+0000	-2.542937E+0002
 2.237440E-0002	 5.937503E+0001	-6.650000E-0005	-5.151400E-0001	-2.527312E+0002
 2.296320E-0002	 6.093752E+0001	-6.650000E-0005	-1.586150E+0000	-2.511687E+0002
 2.355200E-0002	 6.250002E+0001	-6.650000E-0005	-2.228650E+0000	-2.496062E+0002
 2.414080E-0002	 6.406251E+0001	-6.650000E-0005	-4.733440E+0000	-2.480437E+0002
 2.472960E-0002	 6.562503E+0001	-6.650000E-0005	-4.422690E+0000	-2.464812E+0002
 2.531840E-0002	 6.718752E+0001	-6.650000E-0005	-6.228820E+0000	-2.449187E+0002
 2.590720E-0002	 6.875001E+0001	-6.650000E-0005	-7.598190E+0000	-2.433562E+0002
 2.649600E-0002	 7.031250E+0001	-6.650000E-0005	-7.326420E+0000	-2.417937E+0002
 2.708480E-0002	 7.187503E+0001	-6.650000E-0005	-1.003170E+0001	-2.402312E+0002
 2.767360E-0002	 7.343752E+0001	-6.650000E-0005	-9.899170E+0000	-2.386687E+0002
 2.826240E-0002	 7.500001E+0001	-6.650000E-0005	-1.114432E+0001	-2.371062E+0002
 2.885120E-0002	 7.656250E+0001	-6.650000E-0005	-1.312133E+0001	-2.355437E+0002
 2.944000E-0002	 7.812503E+0001	-6.650000E-0005	-1.299758E+0001	-2.339812E+0002
 3.002880E-0002	 7.968752E+0001	-6.650000E-0005	-1.512616E+0001	-2.324187E+0002
 3.061760E-0002	 8.125001E+0001	-6.650000E-0005	-1.559214E+0001	-2.308562E+0002
 3.120640E-0002	 8.281254E+0001	-6.650000E-0005	-1.664645E+0001	-2.292937E+0002
 3.179520E-0002	 8.437503E+0001	-6.650000E-0005	-1.785477E+0001	-2.277312E+0002
 3.238400E-0002	 8.593752E+0001	-6.650000E-0005	-1.870103E+0001	-2.261687E+0002
 3.297280E-0002	 8.750001E+0001	-6.650000E-0005	-2.013032E+0001	-2.246062E+0002
 3.356160E-0002	 8.906253E+0001	-6.650000E-0005	-2.017344E+0001	-2.230437E+0002
 3.415040E-0002	 9.062502E+0001	-6.650000E-0005	-2.301050E+0001	-2.214812E+0002
 3.473920E-0002	 9.218751E+0001	-6.650000E-0005	-2.249966E+0001	-2.199187E+0002
 3.532800E-0002	 9.375001E+0001	-6.650000E-0005	-2.407121E+0001	-2.183562E+0002
 3.591680E-0002	 9.531253E+0001	-6.650000E-0005	-2.636375E+0001	-2.167937E+0002
 3.650560E-0002	 9.687502E+0001	-6.650000E-0005	-2.517096E+0001	-2.152312E+0002
 3.709440E-0002	 9.843751E+0001	-6.650000E-0005	-2.820352E+0001	-2.136687E+0002
 3.768320E-0002	 1.000000E+0002	-6.650000E-0005	-2.832930E+0001	-2.121062E+0002
 3.827200E-0002	 1.015625E+0002	-6.650000E-0005	-2.890402E+0001	-2.105437E+0002
 3.886080E-0002	 1.031250E+0002	-6.650000E-0005	-3.175482E+0001	-2.089812E+0002
 3.944960E-0002	 1.046875E+0002	-6.650000E-0005	-3.075531E+0001	-2.074187E+0002
 4.003840E-0002	 1.062500E+0002	-6.650000E-0005	-3.282135E+0001	-2.058562E+0002
 4.062720E-0002	 1.078125E+0002	-6.650000E-0005	-3.347328E+0001	-2.042937E+0002
 4.121600E-0002	 1.093750E+0002	-6.650000E-0005	-3.401925E+0001	-2.027312E+0002
 4.180480E-0002	 1.109375E+0002	-6.650000E-0005	-3.562210E+0001	-2.011687E+0002
 4.239360E-0002	 1.125000E+0002	-6.650000E-0005	-3.584151E+0001	-1.996062E+0002
 4.298240E-0002	 1.140625E+0002	-6.650000E-0005	-3.716590E+0001	-1.980437E+0002
 4.357120E-0002	 1.156250E+0002	-6.650000E-0005	-3.774772E+0001	-1.964812E+0002
 4.416000E-0002	 1.171875E+0002	-6.650000E-0005	-3.947275E+0001	-1.949187E+0002
 4.474880E-0002	 1.187500E+0002	-6.650000E-0005	-4.005882E+0001	-1.933562E+0002
 4.533760E-0002	 1.203125E+0002	-6.650000E-0005	-4.099101E+0001	-1.917937E+0002
 4.592640E-0002	 1.218750E+0002	-6.650000E-0005	-4.288209E+0001	-1.902312E+0002
 4.651520E-0002	 1.234375E+0002	-6.650000E-0005	-4.277399E+0001	-1.886687E+0002
 4.710400E-0002	 1.250000E+0002	-6.650000E-0005	-4.482525E+0001	-1.871062E+0002
 4.769280E-0002	 1.265625E+0002	-6.650000E-0005	-4.587467E+0001	-1.855437E+0002
 4.828160E-0002	 1.281250E+0002	-6.650000E-0005	-4.585460E+0001	-1.839812E+0002
 4.887040E-0002	 1.296875E+0002	-6.650000E-0005	-4.785640E+0001	-1.824187E+0002
 4.945920E-0002	 1.312500E+0002	-6.650000E-0005	-4.797451E+0001	-1.808562E+0002
 5.004800E-0002	 1.328125E+0002	-6.650000E-0005	-4.955194E+0001	-1.792937E+0002
 5.063680E-0002	 1.343750E+0002	-6.650000E-0005	-5.076096E+0001	-1.777312E+0002
 5.122560E-0002	 1.359375E+0002	-6.650000E-0005	-5.098391E+0001	-1.761687E+0002
 5.181440E-0002	 1.375000E+0002	-6.650000E-0005	-5.251642E+0001	-1.746062E+0002
 5.240320E-0002	 1.390625E+0002	-6.650000E-0005	-5.293742E+0001	-1.730437E+0002
 5.299200E-0002	 1.406250E+0002	-6.650000E-0005	-5.413888E+0001	-1.714812E+0002
 5.358080E-0002	 1.421875E+0002	-6.650000E-0005	-5.495726E+0001	-1.699187E+0002
 5.416960E-0002	 1.437500E+0002	-6.650000E-0005	-5.603130E+0001	-1.683562E+0002
 5.475840E-0002	 1.453125E+0002	-6.650000E-0005	-5.693858E+0001	-1.667937E+0002
 5.534720E-0002	 1.468750E+0002	-6.650000E-0005	-5.789469E+0001	-1.652312E+0002
 5.593600E-0002	 1.484375E+0002	-6.650000E-0005	-5.930827E+0001	-1.636687E+0002
 5.652480E-0002	 1.500000E+0002	-6.650000E-0005	-5.945291E+0001	-1.621062E+0002
 5.711360E-0002	 1.515625E+0002	-6.650000E-0005	-6.118504E+0001	-1.605437E+0002
 5.770240E-0002	 1.531250E+0002	-6.650000E-0005	-6.244503E+0001	-1.589812E+0002
 5.829120E-0002	 1.546875E+0002	-6.650000E-0005	-6.230487E+0001	-1.574187E+0002
 5.888000E-0002	 1.562500E+0002	-6.650000E-0005	-6.415877E+0001	-1.558562E+0002
 5.946880E-0002	 1.578125E+0002	-6.650000E-0005	-6.476258E+0001	-1.542937E+0002
 6.005760E-0002	 1.593750E+0002	-6.650000E-0005	-6.539845E+0001	-1.527312E+0002
 6.064640E-0002	 1.609375E+0002	-6.650000E-0005	-6.702359E+0001	-1.511687E+0002
 6.123520E-0002	 1.625000E+0002	-6.650000E-0005	-6.746769E+0001	-1.496062E+0002
 6.182400E-0002	 1.640625E+0002	-6.650000E-0005	-6.857437E+0001	-1.480437E+0002
 6.241280E-0002	 1.656250E+0002	-6.650000E-0005	-7.006103E+0001	-1.464812E+0002
 6.300160E-0002	 1.671875E+0002	-6.650000E-0005	-7.029579E+0001	-1.449187E+0002
 6.359040E-0002	 1.687500E+0002	-6.650000E-0005	-7.172613E+0001	-1.433562E+0002
 6.417920E-0002	 1.703125E+0002	-6.650000E-0005	-7.276858E+0001	-1.417937E+0002
 6.476800E-0002	 1.718750E+0002	-6.650000E-0005	-7.295831E+0001	-1.402312E+0002
 6.535680E-0002	 1.734375E+0002	-6.650000E-0005	-7.462749E+0001	-1.386687E+0002
 6.594560E-0002	 1.750000E+0002	-6.650000E-0005	-7.548142E+0001	-1.371062E+0002
 6.653440E-0002	 1.765625E+0002	-6.650000E-0005	-7.587915E+0001	-1.355437E+0002
 6.712320E-0002	 1.781250E+0002	-6.650000E-0005	-7.765061E+0001	-1.339812E+0002
 6.771200E-0002	 1.796875E+0002	-6.650000E-0005	-7.833815E+0001	-1.324187E+0002
 6.830080E-0002	 1.812500E+0002	-6.650000E-0005	-7.894440E+0001	-1.308562E+0002
 6.888960E-0002	 1.828125E+0002	-6.650000E-0005	-8.053393E+0001	-1.292937E+0002
 6.947840E-0002	 1.843750E+0002	-6.650000E-0005	-8.120704E+0001	-1.277311E+0002
 7.006720E-0002	 1.859375E+0002	-6.650000E-0005	-8.171554E+0001	-1.261686E+0002
 7.065600E-0002	 1.875000E+0002	-6.650000E-0005	-8.340386E+0001	-1.246062E+0002
 7.124480E-0002	 1.890625E+0002	-6.650000E-0005	-8.390830E+0001	-1.230436E+0002
 7.183360E-0002	 1.906250E+0002	-6.650000E-0005	-8.470882E+0001	-1.214811E+0002
 7.242240E-0002	 1.921875E+0002	-6.650000E-0005	-8.628235E+0001	-1.199186E+0002
 7.301120E-0002	 1.937500E+0002	-6.650000E-0005	-8.644933E+0001	-1.183562E+0002
 7.360000E-0002	 1.953125E+0002	-6.650000E-0005	-8.798580E+0001	-1.167936E+0002
 7.418880E-0002	 1.968750E+0002	-6.650000E-0005	-8.898472E+0001	-1.152311E+0002
 7.477760E-0002	 1.984375E+0002	-6.650000E-0005	-8.935261E+0001	-1.136687E+0002
 7.536640E-0002	 2.000000E+0002	-6.650000E-0005	-9.075805E+0001	-1.121062E+0002
 7.595520E-0002	 2.015625E+0002	-6.650000E-0005	-9.118632E+0001	-1.105436E+0002
 7.654400E-0002	 2.031250E+0002	-6.650000E-0005	-9.253911E+0001	-1.089811E+0002
 7.713280E-0002	 2.046875E+0002	-6.650000E-0005	-9.379712E+0001	-1.074187E+0002
 7.772160E-0002	 2.062500E+0002	-6.650000E-0005	-9.400029E+0001	-1.058561E+0002
 7.831040E-0002	 2.078125E+0002	-6.650000E-0005	-9.520523E+0001	-1.042936E+0002
 7.889920E-0002	 2.093750E+0002	-6.650000E-0005	-9.589463E+0001	-1.027311E+0002
 7.948800E-0002	 2.109375E+0002	-6.650000E-0005	-9.714327E+0001	-1.011687E+0002
 8.007680E-0002	 2.125000E+0002	-6.650000E-0005	-9.794240E+0001	-9.960617E+0001
 8.066560E-0002	 2.140625E+0002	-6.650000E-0005	-9.883694E+0001	-9.804368E+0001
 8.125440E-0002	 2.156250E+0002	-6.650000E-0005	-9.981189E+0001	-9.648119E+0001
 8.184320E-0002	 2.171875E+0002	-6.650000E-0005	-1.003456E+0002	-9.491870E+0001
 8.243200E-0002	 2.187500E+0002	-6.650000E-0005	-1.019232E+0002	-9.335618E+0001
 8.302080E-0002	 2.203125E+0002	-6.650000E-0005	-1.023835E+0002	-9.179368E+0001
 8.360960E-0002	 2.218750E+0002	-6.650000E-0005	-1.034320E+0002	-9.023119E+0001
 8.419840E-0002	 2.234375E+0002	-6.650000E-0005	-1.048161E+0002	-8.866870E+0001
 8.478720E-0002	 2.250000E+0002	-6.650000E-0005	-1.049117E+0002	-8.710618E+0001
 8.537600E-0002	 2.265625E+0002	-6.650000E-0005	-1.065917E+0002	-8.554369E+0001
 8.596480E-0002	 2.281250E+0002	-6.650000E-0005	-1.072929E+0002	-8.398120E+0001
 8.655360E-0002	 2.296875E+0002	-6.650000E-0005	-1.079593E+0002	-8.241871E+0001
 8.714240E-0002	 2.312500E+0002	-6.650000E-0005	-1.095802E+0002	-8.085618E+0001
 8.773120E-0002	 2.328125E+0002	-6.650000E-0005	-1.098728E+0002	-7.929369E+0001
 8.832000E-0002	 2.343750E+0002	-6.650000E-0005	-1.109698E+0002	-7.773120E+0001
 8.890880E-0002	 2.359375E+0002	-6.650000E-0005	-1.122654E+0002	-7.616867E+0001
 8.949760E-0002	 2.375000E+0002	-6.650000E-0005	-1.127906E+0002	-7.460618E+0001
 9.008640E-0002	 2.390625E+0002	-6.650000E-0005	-1.139727E+0002	-7.304369E+0001
 9.067520E-0002	 2.406250E+0002	-6.650000E-0005	-1.146223E+0002	-7.148120E+0001
 9.126400E-0002	 2.421875E+0002	-6.650000E-0005	-1.156823E+0002	-6.991867E+0001
 9.185280E-0002	 2.437500E+0002	-6.650000E-0005	-1.166450E+0002	-6.835618E+0001
 9.244160E-0002	 2.453125E+0002	-6.650000E-0005	-1.175266E+0002	-6.679369E+0001
 9.303040E-0002	 2.468750E+0002	-6.650000E-0005	-1.184983E+0002	-6.523120E+0001
 9.361920E-0002	 2.484375E+0002	-6.650000E-0005	-1.192979E+0002	-6.366868E+0001
 9.420800E-0002	 2.500000E+0002	-6.650000E-0005	-1.207085E+0002	-6.210619E+0001
 9.479680E-0002	 2.515625E+0002	-6.650000E-0005	-1.210709E+0002	-6.054369E+0001
 9.538560E-0002	 2.531250E+0002	-6.650000E-0005	-1.223083E+0002	-5.898120E+0001
 9.597440E-0002	 2.546875E+0002	-6.650000E-0005	-1.233994E+0002	-5.741868E+0001
 9.656320E-0002	 2.562500E+0002	-6.650000E-0005	-1.236553E+0002	-5.585619E+0001
 9.715200E-0002	 2.578125E+0002	-6.650000E-0005	-1.255248E+0002	-5.429370E+0001
 9.774080E-0002	 2.593750E+0002	-6.650000E-0005	-1.257898E+0002	-5.273117E+0001
 9.832960E-0002	 2.609375E+0002	-6.650000E-0005	-1.266656E+0002	-5.116868E+0001
 9.891840E-0002	 2.625000E+0002	-6.650000E-0005	-1.282399E+0002	-4.960619E+0001
 9.950720E-0002	 2.640625E+0002	-6.650000E-0005	-1.284091E+0002	-4.804370E+0001
 1.000960E-0001	 2.656250E+0002	-6.650000E-0005	-1.296983E+0002	-4.648117E+0001
 1.006848E-0001	 2.671875E+0002	-6.650000E-0005	-1.306227E+0002	-4.491868E+0001
 1.012736E-0001	 2.687500E+0002	-6.650000E-0005	-1.312226E+0002	-4.335619E+0001
 1.018624E-0001	 2.703125E+0002	-6.650000E-0005	-1.324701E+0002	-4.179370E+0001
 1.024512E-0001	 2.718750E+0002	-6.650000E-0005	-1.330459E+0002	-4.023117E+0001
 1.030400E-0001	 2.734375E+0002	-6.650000E-0005	-1.338969E+0002	-3.866868E+0001
 1.036288E-0001	 2.750000E+0002	-6.650000E-0005	-1.351580E+0002	-3.710619E+0001
 1.042176E-0001	 2.765625E+0002	-6.650000E-0005	-1.356773E+0002	-3.554370E+0001
 1.048064E-0001	 2.781250E+0002	-6.650000E-0005	-1.366422E+0002	-3.398118E+0001
 1.053952E-0001	 2.796875E+0002	-6.650000E-0005	-1.377343E+0002	-3.241869E+0001
 1.059840E-0001	 2.812500E+0002	-6.650000E-0005	-1.385104E+0002	-3.085620E+0001
 1.065728E-0001	 2.828125E+0002	-6.650000E-0005	-1.395210E+0002	-2.929367E+0001
 1.071616E-0001	 2.843750E+0002	-6.650000E-0005	-1.407705E+0002	-2.773118E+0001
 1.077504E-0001	 2.859375E+0002	-6.650000E-0005	-1.414911E+0002	-2.616869E+0001
 1.083392E-0001	 2.875000E+0002	-6.650000E-0005	-1.425568E+0002	-2.460620E+0001
 1.089280E-0001	 2.890625E+0002	-6.650000E-0005	-1.438047E+0002	-2.304367E+0001
 1.095168E-0001	 2.906250E+0002	-6.650000E-0005	-1.441617E+0002	-2.148118E+0001
 1.101056E-0001	 2.921875E+0002	-6.650000E-0005	-1.453535E+0002	-1.991869E+0001
 1.106944E-0001	 2.937500E+0002	-6.650000E-0005	-1.463693E+0002	-1.835620E+0001
 1.112832E-0001	 2.953125E+0002	-6.650000E-0005	-1.470414E+0002	-1.679367E+0001
 1.118720E-0001	 2.968750E+0002	-6.650000E-0005	-1.482932E+0002	-1.523118E+0001
 1.124608E-0001	 2.984375E+0002	-6.650000E-0005	-1.490234E+0002	-1.366869E+0001
 1.130496E-0001	 3.000000E+0002	-6.650000E-0005	-1.498492E+0002	-1.210620E+0001
 1.136384E-0001	 3.015625E+0002	-6.650000E-0005	-1.510591E+0002	-1.054367E+0001
 1.142272E-0001	 3.031250E+0002	-6.650000E-0005	-1.518131E+0002	-8.981185E+0000
 1.148160E-0001	 3.046875E+0002	-6.650000E-0005	-1.527717E+0002	-7.418694E+0000
 1.154048E-0001	 3.062500E+0002	-6.650000E-0005	-1.540230E+0002	-5.856168E+0000
 1.159936E-0001	 3.078125E+0002	-6.650000E-0005	-1.547911E+0002	-4.293677E+0000
 1.165824E-0001	 3.093750E+0002	-6.650000E-0005	-1.557036E+0002	-2.731187E+0000
 1.171712E-0001	 3.109375E+0002	-6.650000E-0005	-1.570414E+0002	-1.168696E+0000
 1.177600E-0001	 3.125000E+0002	-6.650000E-0005	-1.575181E+0002	 3.938299E-0001
 1.183488E-0001	 3.140625E+0002	-6.650000E-0005	-1.585867E+0002	 1.956321E+0000
 1.189376E-0001	 3.156250E+0002	-6.650000E-0005	-1.596307E+0002	 3.518811E+0000
 1.195264E-0001	 3.171875E+0002	-6.650000E-0005	-1.603051E+0002	 5.081302E+0000
 1.201152E-0001	 3.187500E+0002	-6.650000E-0005	-1.612303E+0002	 6.643828E+0000
 1.207040E-0001	 3.203125E+0002	-6.650000E-0005	-1.623708E+0002	 8.206319E+0000
 1.212928E-0001	 3.218750E+0002	-6.650000E-0005	-1.630674E+0002	 9.768809E+0000
 1.218816E-0001	 3.234375E+0002	-6.650000E-0005	-1.639748E+0002	 1.133130E+0001
 1.224704E-0001	 3.250000E+0002	-6.650000E-0005	-1.653417E+0002	 1.289382E+0001
 1.230592E-0001	 3.265625E+0002	-6.650000E-0005	-1.657931E+0002	 1.445631E+0001
 1.236480E-0001	 3.281250E+0002	-6.650000E-0005	-1.671495E+0002	 1.601881E+0001
 1.242368E-0001	 3.296875E+0002	-6.650000E-0005	-1.681406E+0002	 1.758130E+0001
 1.248256E-0001	 3.312500E+0002	-6.650000E-0005	-1.686033E+0002	 1.914382E+0001
 1.254144E-0001	 3.328125E+0002	-6.650000E-0005	-1.702502E+0002	 2.070631E+0001
 1.260032E-0001	 3.343750E+0002	-6.650000E-0005	-1.707189E+0002	 2.226881E+0001
 1.265920E-0001	 3.359375E+0002	-6.650000E-0005	-1.717545E+0002	 2.383133E+0001
 1.271808E-0001	 3.375000E+0002	-6.650000E-0005	-1.732107E+0002	 2.539382E+0001
 1.277696E-0001	 3.390625E+0002	-6.650000E-0005	-1.734001E+0002	 2.695631E+0001
 1.283584E-0001	 3.406250E+0002	-6.650000E-0005	-1.746147E+0002	 2.851880E+0001
 1.289472E-0001	 3.421875E+0002	-6.650000E-0005	-1.755157E+0002	 3.008133E+0001
 1.295360E-0001	 3.437500E+0002	-6.650000E-0005	-1.762501E+0002	 3.164382E+0001
 1.301248E-0001	 3.453125E+0002	-6.650000E-0005	-1.773990E+0002	 3.320631E+0001
 1.307136E-0001	 3.468750E+0002	-6.650000E-0005	-1.782179E+0002	 3.476880E+0001
 1.313024E-0001	 3.484375E+0002	-6.650000E-0005	-1.791128E+0002	 3.633133E+0001
 1.318912E-0001	 3.500000E+0002	-6.650000E-0005	-1.800827E+0002	 3.789382E+0001
 1.324800E-0001	 3.515625E+0002	-6.650000E-0005	-1.813533E+0002	 3.945631E+0001
 1.330688E-0001	 3.531250E+0002	-6.650000E-0005	-1.819998E+0002	 4.101880E+0001
 1.336576E-0001	 3.546875E+0002	-6.650000E-0005	-1.830316E+0002	 4.258133E+0001
 1.342464E-0001	 3.562500E+0002	-6.650000E-0005	-1.843323E+0002	 4.414382E+0001
 1.348352E-0001	 3.578125E+0002	-6.650000E-0005	-1.847625E+0002	 4.570631E+0001
 1.354240E-0001	 3.593750E+0002	-6.650000E-0005	-1.862634E+0002	 4.726883E+0001
 1.360128E-0001	 3.609375E+0002	-6.650000E-0005	-1.869247E+0002	 4.883132E+0001
 1.366016E-0001	 3.625000E+0002	-6.650000E-0005	-1.875925E+0002	 5.039381E+0001
 1.371904E-0001	 3.640625E+0002	-6.650000E-0005	-1.893781E+0002	 5.195630E+0001
 1.377792E-0001	 3.656250E+0002	-6.650000E-0005	-1.895025E+0002	 5.351883E+0001
 1.383680E-0001	 3.671875E+0002	-6.650000E-0005	-1.907468E+0002	 5.508132E+0001
 1.389568E-0001	 3.687500E+0002	-6.650000E-0005	-1.917860E+0002	 5.664381E+0001
 1.395456E-0001	 3.703125E+0002	-6.650000E-0005	-1.923113E+0002	 5.820630E+0001
 1.401344E-0001	 3.718750E+0002	-6.650000E-0005	-1.936236E+0002	 5.976883E+0001
 1.407232E-0001	 3.734375E+0002	-6.650000E-0005	-1.943131E+0002	 6.133132E+0001
 1.413120E-0001	 3.750000E+0002	-6.650000E-0005	-1.953073E+0002	 6.289381E+0001
 1.419008E-0001	 3.765625E+0002	-6.650000E-0005	-1.962408E+0002	 6.445630E+0001
 1.424896E-0001	 3.781250E+0002	-6.650000E-0005	-1.971496E+0002	 6.601883E+0001
 1.430784E-0001	 3.796875E+0002	-6.650000E-0005	-1.980720E+0002	 6.758132E+0001
 1.436672E-0001	 3.812500E+0002	-6.650000E-0005	-1.988994E+0002	 6.914381E+0001
 1.442560E-0001	 3.828125E+0002	-6.650000E-0005	-1.999621E+0002	 7.070633E+0001
 1.448448E-0001	 3.843750E+0002	-6.650000E-0005	-2.005467E+0002	 7.226882E+0001
 1.454336E-0001	 3.859375E+0002	-6.650000E-0005	-2.018449E+0002	 7.383132E+0001
 1.460224E-0001	 3.875000E+0002	-6.650000E-0005	-2.026656E+0002	 7.539381E+0001
 1.466112E-0001	 3.890625E+0002	-6.650000E-0005	-2.034658E+0002	 7.695633E+0001
 1.472000E-0001	 3.906250E+0002	-6.650000E-0005	-2.048155E+0002	 7.851882E+0001
 1.477888E-0001	 3.921875E+0002	-6.650000E-0005	-2.054267E+0002	 8.008131E+0001
 1.483776E-0001	 3.937500E+0002	-6.650000E-0005	-2.065656E+0002	 8.164380E+0001
 1.489664E-0001	 3.953125E+0002	-6.650000E-0005	-2.075194E+0002	 8.320633E+0001
 1.495552E-0001	 3.968750E+0002	-6.650000E-0005	-2.082683E+0002	 8.476882E+0001
 1.501440E-0001	 3.984375E+0002	-6.650000E-0005	-2.093211E+0002	 8.633131E+0001
 1.507328E-0001	 4.000000E+0002	-6.650000E-0005	-2.101876E+0002	 8.789380E+0001
 1.513216E-0001	 4.015625E+0002	-6.650000E-0005	-2.110599E+0002	 8.945633E+0001
 1.519104E-0001	 4.031250E+0002	-6.650000E-0005	-2.120006E+0002	 9.101882E+0001
 1.524992E-0001	 4.046875E+0002	-6.650000E-0005	-2.130323E+0002	 9.258131E+0001
 1.530880E-0001	 4.062500E+0002	-6.650000E-0005	-2.138234E+0002	 9.414380E+0001
 1.536768E-0001	 4.078125E+0002	-6.650000E-0005	-2.148686E+0002	 9.570633E+0001
 1.542656E-0001	 4.093750E+0002	-6.650000E-0005	-2.158176E+0002	 9.726882E+0001
 1.548544E-0001	 4.109375E+0002	-6.650000E-0005	-2.164553E+0002	 9.883131E+0001
 1.554432E-0001	 4.125000E+0002	-6.650000E-0005	-2.177059E+0002	 1.003938E+0002
 1.560320E-0001	 4.140625E+0002	-6.650000E-0005	-2.184874E+0002	 1.019563E+0002
 1.566208E-0001	 4.156250E+0002	-6.650000E-0005	-2.192947E+0002	 1.035188E+0002
 1.572096E-0001	 4.171875E+0002	-6.650000E-0005	-2.207072E+0002	 1.050813E+0002
 1.577984E-0001	 4.187500E+0002	-6.650000E-0005	-2.212325E+0002	 1.066438E+0002
 1.583872E-0001	 4.203125E+0002	-6.650000E-0005	-2.221696E+0002	 1.082063E+0002
 1.589760E-0001	 4.218750E+0002	-6.650000E-0005	-2.232316E+0002	 1.097688E+0002
 1.595648E-0001	 4.234375E+0002	-6.650000E-0005	-2.240089E+0002	 1.113313E+0002
 1.601536E-0001	 4.250000E+0002	-6.650000E-0005	-2.250283E+0002	 1.128938E+0002
 1.607424E-0001	 4.265625E+0002	-6.650000E-0005	-2.259049E+0002	 1.144563E+0002
 1.613312E-0001	 4.281250E+0002	-6.650000E-0005	-2.266192E+0002	 1.160188E+0002
 1.619200E-0001	 4.296875E+0002	-6.650000E-0005	-2.275219E+0002	 1.175813E+0002
 1.625088E-0001	 4.312500E+0002	-6.650000E-0005	-2.284982E+0002	 1.191438E+0002
 1.630976E-0001	 4.328125E+0002	-6.650000E-0005	-2.292009E+0002	 1.207063E+0002
 1.636864E-0001	 4.343750E+0002	-6.650000E-0005	-2.302392E+0002	 1.222688E+0002
 1.642752E-0001	 4.359375E+0002	-6.650000E-0005	-2.310678E+0002	 1.238313E+0002
 1.648640E-0001	 4.375000E+0002	-6.650000E-0005	-2.319283E+0002	 1.253938E+0002
 1.654528E-0001	 4.390625E+0002	-6.650000E-0005	-2.329709E+0002	 1.269563E+0002
 1.660416E-0001	 4.406250E+0002	-6.650000E-0005	-2.337478E+0002	 1.285188E+0002
 1.666304E-0001	 4.421875E+0002	-6.650000E-0005	-2.346194E+0002	 1.300813E+0002
 1.672192E-0001	 4.437500E+0002	-6.650000E-0005	-2.355575E+0002	 1.316438E+0002
 1.678080E-0001	 4.453125E+0002	-6.650000E-0005	-2.364069E+0002	 1.332063E+0002
 1.683968E-0001	 4.468750E+0002	-6.650000E-0005	-2.373274E+0002	 1.347688E+0002
 1.689856E-0001	 4.484375E+0002	-6.650000E-0005	-2.381141E+0002	 1.363313E+0002
 1.695744E-0001	 4.500000E+0002	-6.650000E-0005	-2.389375E+0002	 1.378938E+0002
 1.701632E-0001	 4.515625E+0002	-6.650000E-0005	-2.398629E+0002	 1.394563E+0002
 1.707520E-0001	 4.531250E+0002	-6.650000E-0005	-2.406929E+0002	 1.410188E+0002
 1.713408E-0001	 4.546875E+0002	-6.650000E-0005	-2.414083E+0002	 1.425813E+0002
 1.719296E-0001	 4.562500E+0002	-6.650000E-0005	-2.423097E+0002	 1.441438E+0002
 1.725184E-0001	 4.578125E+0002	-6.650000E-0005	-2.431815E+0002	 1.457063E+0002
 1.731072E-0001	 4.593750E+0002	-6.650000E-0005	-2.439969E+0002	 1.472688E+0002
 1.736960E-0001	 4.609375E+0002	-6.650000E-0005	-2.448702E+0002	 1.488313E+0002
 1.742848E-0001	 4.625000E+0002	-6.650000E-0005	-2.457100E+0002	 1.503938E+0002
 1.748736E-0001	 4.640625E+0002	-6.650000E-0005	-2.465900E+0002	 1.519563E+0002
 1.754624E-0001	 4.656250E+0002	-6.650000E-0005	-2.474011E+0002	 1.535188E+0002
 1.760512E-0001	 4.671875E+0002	-6.650000E-0005	-2.445228E+0002	 1.550813E+0002
 1.766400E-0001	 4.687500E+0002	-6.650000E-0005	-1.812963E+0002	 1.566438E+0002
 1.772288E-0001	 4.703125E+0002	-6.650000E-0005	-1.812859E+0002	 1.582063E+0002
 1.778176E-0001	 4.718750E+0002	-6.650000E-0005	-1.811150E+0002	 1.597688E+0002
 1.784064E-0001	 4.734375E+0002	-6.650000E-0005	-1.808983E+0002	 1.613313E+0002
 1.789952E-0001	 4.750000E+0002	-6.650000E-0005	-1.808201E+0002	 1.628938E+0002
 1.795840E-0001	 4.765625E+0002	-6.650000E-0005	-1.808443E+0002	 1.644563E+0002
 1.801728E-0001	 4.781250E+0002	-6.650000E-0005	-1.808962E+0002	 1.660188E+0002
 1.807616E-0001	 4.796875E+0002	-6.650000E-0005	-1.808508E+0002	 1.675813E+0002
 1.813504E-0001	 4.812500E+0002	-6.650000E-0005	-1.808231E+0002	 1.691438E+0002
 1.819392E-0001	 4.828125E+0002	-6.650000E-0005	-1.808054E+0002	 1.707063E+0002
 1.825280E-0001	 4.843750E+0002	-6.650000E-0005	-1.807499E+0002	 1.722688E+0002
 1.831168E-0001	 4.859375E+0002	-6.650000E-0005	-1.807611E+0002	 1.738313E+0002
 1.837056E-0001	 4.875000E+0002	-6.650000E-0005	-1.807441E+0002	 1.753938E+0002
 1.842944E-0001	 4.890625E+0002	-6.650000E-0005	-1.807765E+0002	 1.769563E+0002
 1.848832E-0001	 4.906250E+0002	-6.650000E-0005	-1.808663E+0002	 1.785188E+0002
 1.854720E-0001	 4.921875E+0002	-6.650000E-0005	-1.809266E+0002	 1.800813E+0002
 1.860608E-0001	 4.937500E+0002	-6.650000E-0005	-1.808786E+0002	 1.816438E+0002
 1.866496E-0001	 4.953125E+0002	-6.650000E-0005	-1.808693E+0002	 1.832063E+0002
 1.872384E-0001	 4.968750E+0002	-6.650000E-0005	-1.808114E+0002	 1.847688E+0002
 1.878272E-0001	 4.984375E+0002	-6.650000E-0005	-1.809271E+0002	 1.863313E+0002
 1.884160E-0001	 5.000000E+0002	-6.650000E-0005	-1.810114E+0002	 1.878938E+0002
 1.890048E-0001	 5.015625E+0002	-6.650000E-0005	-1.809447E+0002	 1.894563E+0002
 1.895936E-0001	 5.031250E+0002	-6.650000E-0005	-1.809379E+0002	 1.910188E+0002
 1.901824E-0001	 5.046875E+0002	-6.650000E-0005	-1.810294E+0002	 1.925813E+0002
 1.907712E-0001	 5.062500E+0002	-6.650000E-0005	-1.810421E+0002	 1.941438E+0002
 1.913600E-0001	 5.078125E+0002	-6.650000E-0005	-1.810035E+0002	 1.957063E+0002
 1.919488E-0001	 5.093750E+0002	-6.650000E-0005	-1.810147E+0002	 1.972688E+0002
 1.925376E-0001	 5.109375E+0002	-6.650000E-0005	-1.809687E+0002	 1.988313E+0002
 1.931264E-0001	 5.125000E+0002	-6.650000E-0005	-1.809285E+0002	 2.003938E+0002
 1.937152E-0001	 5.140625E+0002	-6.650000E-0005	-1.810356E+0002	 2.019563E+0002
 1.943040E-0001	 5.156250E+0002	-6.650000E-0005	-1.810104E+0002	 2.035188E+0002
 1.948928E-0001	 5.171875E+0002	-6.650000E-0005	-1.809898E+0002	 2.050813E+0002
 1.954816E-0001	 5.187500E+0002	-6.650000E-0005	-1.809831E+0002	 2.066438E+0002
 1.960704E-0001	 5.203125E+0002	-6.650000E-0005	-1.810232E+0002	 2.082063E+0002
 1.966592E-0001	 5.218750E+0002	-6.650000E-0005	-1.809655E+0002	 2.097688E+0002
 1.972480E-0001	 5.234375E+0002	-6.650000E-0005	-1.811197E+0002	 2.113313E+0002
 1.978368E-0001	 5.250000E+0002	-6.650000E-0005	-1.810627E+0002	 2.128938E+0002
 1.984256E-0001	 5.265625E+0002	-6.650000E-0005	-1.809937E+0002	 2.144563E+0002
 1.990144E-0001	 5.281250E+0002	-6.650000E-0005	-1.810218E+0002	 2.160188E+0002
 1.996032E-0001	 5.296875E+0002	-6.650000E-0005	-1.810457E+0002	 2.175813E+0002
 2.001920E-0001	 5.312500E+0002	-6.650000E-0005	-1.810501E+0002	 2.191438E+0002
 2.007808E-0001	 5.328125E+0002	-6.650000E-0005	-1.809995E+0002	 2.207063E+0002
 2.013696E-0001	 5.343750E+0002	-6.650000E-0005	-1.810124E+0002	 2.222688E+0002
 2.019584E-0001	 5.359375E+0002	-6.650000E-0005	-1.810910E+0002	 2.238313E+0002
 2.025472E-0001	 5.375000E+0002	-6.650000E-0005	-1.810075E+0002	 2.253938E+0002
 2.031360E-0001	 5.390625E+0002	-6.650000E-0005	-1.810037E+0002	 2.269563E+0002
 2.037248E-0001	 5.406250E+0002	-6.650000E-0005	-1.809844E+0002	 2.285188E+0002
 2.043136E-0001	 5.421875E+0002	-6.650000E-0005	-1.809624E+0002	 2.300813E+0002
 2.049024E-0001	 5.437500E+0002	-6.650000E-0005	-1.809526E+0002	 2.316438E+0002
 2.054912E-0001	 5.453125E+0002	-6.650000E-0005	-1.809125E+0002	 2.332063E+0002
 2.060800E-0001	 5.468750E+0002	-6.650000E-0005	-1.810269E+0002	 2.347688E+0002
 2.066688E-0001	 5.484375E+0002	-6.650000E-0005	-1.809694E+0002	 2.363313E+0002
 2.072576E-0001	 5.500000E+0002	-6.650000E-0005	-1.809207E+0002	 2.378938E+0002
 2.078464E-0001	 5.515625E+0002	-6.650000E-0005	-1.809817E+0002	 2.394563E+0002
 2.084352E-0001	 5.531250E+0002	-6.650000E-0005	-1.809841E+0002	 2.410188E+0002
 2.090240E-0001	 5.546875E+0002	-6.650000E-0005	-1.809286E+0002	 2.425813E+0002
 2.096128E-0001	 5.562500E+0002	-6.650000E-0005	-1.809229E+0002	 2.441438E+0002
 2.102016E-0001	 5.578125E+0002	-6.650000E-0005	-1.809719E+0002	 2.457063E+0002
 2.107904E-0001	 5.593751E+0002	-6.650000E-0005	-1.809726E+0002	 2.472688E+0002
 2.113792E-0001	 5.609375E+0002	-6.650000E-0005	-1.810195E+0002	 2.488313E+0002
 2.119680E-0001	 5.625000E+0002	-6.650000E-0005	-1.809691E+0002	 2.503938E+0002
 2.125568E-0001	 5.640625E+0002	-6.650000E-0005	-1.808767E+0002	 2.519563E+0002
 2.131456E-0001	 5.656250E+0002	-6.650000E-0005	-1.809291E+0002	 2.535188E+0002
 2.137344E-0001	 5.671875E+0002	-6.650000E-0005	-1.808922E+0002	 2.550813E+0002
 2.143232E-0001	 5.687500E+0002	-6.650000E-0005	-1.809063E+0002	 2.566438E+0002
 2.149120E-0001	 5.703125E+0002	-6.650000E-0005	-1.808742E+0002	 2.582063E+0002
 2.155008E-0001	 5.718750E+0002	-6.650000E-0005	-1.808214E+0002	 2.597688E+0002
 2.160896E-0001	 5.734375E+0002	-6.650000E-0005	-1.808248E+0002	 2.613313E+0002
 2.166784E-0001	 5.750000E+0002	-6.650000E-0005	-1.807583E+0002	 2.628938E+0002
 2.172672E-0001	 5.765625E+0002	-6.650000E-0005	-1.808240E+0002	 2.644563E+0002
 2.178560E-0001	 5.781250E+0002	-6.650000E-0005	-1.807949E+0002	 2.660188E+0002
 2.184448E-0001	 5.796875E+0002	-6.650000E-0005	-1.806650E+0002	 2.675813E+0002
 2.190336E-0001	 5.812500E+0002	-6.650000E-0005	-1.805916E+0002	 2.691438E+0002
 2.196224E-0001	 5.828125E+0002	-6.650000E-0005	-1.805426E+0002	 2.707063E+0002
 2.202112E-0001	 5.843750E+0002	-6.650000E-0005	-1.805676E+0002	 2.722688E+0002
 2.208000E-0001	 5.859375E+0002	-6.650000E-0005	-1.805510E+0002	 2.738313E+0002
 2.213888E-0001	 5.875000E+0002	-6.650000E-0005	-1.805157E+0002	 2.753938E+0002
 2.219776E-0001	 5.890626E+0002	-6.650000E-0005	-1.805009E+0002	 2.769563E+0002
 2.225664E-0001	 5.906250E+0002	-6.650000E-0005	-1.804798E+0002	 2.785188E+0002
 2.231552E-0001	 5.921875E+0002	-6.650000E-0005	-1.804698E+0002	 2.800813E+0002
 2.237440E-0001	 5.937500E+0002	-6.650000E-0005	-1.804446E+0002	 2.816438E+0002
 2.243328E-0001	 5.953125E+0002	-6.650000E-0005	-1.803867E+0002	 2.832063E+0002
 2.249216E-0001	 5.968750E+0002	-6.650000E-0005	-1.803474E+0002	 2.847688E+0002
 2.255104E-0001	 5.984375E+0002	-6.650000E-0005	-1.803868E+0002	 2.863313E+0002
 2.260992E-0001	 6.000000E+0002	-6.650000E-0005	-1.803802E+0002	 2.878938E+0002
 2.266880E-0001	 6.015625E+0002	-6.650000E-0005	-1.803598E+0002	 2.894563E+0002
 2.272768E-0001	 6.031250E+0002	-6.650000E-0005	-1.802822E+0002	 2.910188E+0002
 2.278656E-0001	 6.046875E+0002	-6.650000E-0005	-1.802980E+0002	 2.925813E+0002
 2.284544E-0001	 6.062500E+0002	-6.650000E-0005	-1.803414E+0002	 2.941438E+0002
 2.290432E-0001	 6.078125E+0002	-6.650000E-0005	-1.802490E+0002	 2.957063E+0002
 2.296320E-0001	 6.093750E+0002	-6.650000E-0005	-1.802235E+0002	 2.972688E+0002
 2.302208E-0001	 6.109375E+0002	-6.650000E-0005	-1.802467E+0002	 2.988313E+0002
 2.308096E-0001	 6.125001E+0002	-6.650000E-0005	-1.801602E+0002	 3.003938E+0002
 2.313984E-0001	 6.140625E+0002	-6.650000E-0005	-1.800781E+0002	 3.019563E+0002
 2.319872E-0001	 6.156250E+0002	-6.650000E-0005	-1.801344E+0002	 3.035188E+0002
 2.325760E-0001	 6.171875E+0002	-6.650000E-0005	-1.800782E+0002	 3.050813E+0002
 2.331648E-0001	 6.187500E+0002	-6.650000E-0005	-1.800616E+0002	 3.066438E+0002
 2.337536E-0001	 6.203125E+0002	-6.650000E-0005	-1.800113E+0002	 3.082063E+0002
 2.343424E-0001	 6.218750E+0002	-6.650000E-0005	-1.799809E+0002	 3.097688E+0002
 2.349312E-0001	 6.234375E+0002	-6.650000E-0005	-1.800608E+0002	 3.113313E+0002
 2.355200E-0001	 6.250000E+0002	-6.650000E-0005	-1.800954E+0002	 3.128938E+0002
 2.361088E-0001	 6.265625E+0002	-6.650000E-0005	-1.801283E+0002	 3.144563E+0002
 2.366976E-0001	 6.281250E+0002	-6.650000E-0005	-1.800812E+0002	 3.160188E+0002
 2.372864E-0001	 6.296875E+0002	-6.650000E-0005	-1.800391E+0002	 3.175813E+0002
 2.378752E-0001	 6.312500E+0002	-6.650000E-0005	-1.800320E+0002	 3.191438E+0002
 2.384640E-0001	 6.328125E+0002	-6.650000E-0005	-1.800003E+0002	 3.207063E+0002
 2.390528E-0001	 6.343750E+0002	-6.650000E-0005	-1.800037E+0002	 3.222688E+0002
 2.396416E-0001	 6.359376E+0002	-6.650000E-0005	-1.799669E+0002	 3.238313E+0002
 2.402304E-0001	 6.375000E+0002	-6.650000E-0005	-1.799614E+0002	 3.253938E+0002
 2.408192E-0001	 6.390625E+0002	-6.650000E-0005	-1.799166E+0002	 3.269563E+0002
 2.414080E-0001	 6.406250E+0002	-6.650000E-0005	-1.799207E+0002	 3.285188E+0002
 2.419968E-0001	 6.421876E+0002	-6.650000E-0005	-1.799291E+0002	 3.300813E+0002
 2.425856E-0001	 6.437500E+0002	-6.650000E-0005	-1.799383E+0002	 3.316438E+0002
 2.431744E-0001	 6.453125E+0002	-6.650000E-0005	-1.798920E+0002	 3.332063E+0002
 2.437632E-0001	 6.468750E+0002	-6.650000E-0005	-1.798572E+0002	 3.347688E+0002
 2.443520E-0001	 6.484375E+0002	-6.650000E-0005	-1.798297E+0002	 3.363313E+0002
 2.449408E-0001	 6.500000E+0002	-6.650000E-0005	-1.798469E+0002	 3.378938E+0002
 2.455296E-0001	 6.515625E+0002	-6.650000E-0005	-1.798495E+0002	 3.394563E+0002
 2.461184E-0001	 6.531250E+0002	-6.650000E-0005	-1.798581E+0002	 3.410188E+0002
 2.467072E-0001	 6.546875E+0002	-6.650000E-0005	-1.797917E+0002	 3.425813E+0002
 2.472960E-0001	 6.562500E+0002	-6.650000E-0005	-1.796986E+0002	 3.441438E+0002
 2.478848E-0001	 6.578125E+0002	-6.650000E-0005	-1.798275E+0002	 3.457063E+0002
 2.484736E-0001	 6.593751E+0002	-6.650000E-0005	-1.798422E+0002	 3.472688E+0002
 2.490624E-0001	 6.609375E+0002	-6.650000E-0005	-1.798220E+0002	 3.488313E+0002
 2.496512E-0001	 6.625000E+0002	-6.650000E-0005	-1.797863E+0002	 3.503938E+0002
 2.502400E-0001	 6.640625E+0002	-6.650000E-0005	-1.798231E+0002	 3.519563E+0002
 2.508288E-0001	 6.656251E+0002	-6.650000E-0005	-1.797495E+0002	 3.535188E+0002
 2.514176E-0001	 6.671875E+0002	-6.650000E-0005	-1.796862E+0002	 3.550813E+0002
 2.520064E-0001	 6.687500E+0002	-6.650000E-0005	-1.797021E+0002	 3.566438E+0002
 2.525952E-0001	 6.703125E+0002	-6.650000E-0005	-1.797574E+0002	 3.582063E+0002
 2.531840E-0001	 6.718751E+0002	-6.650000E-0005	-1.797253E+0002	 3.597688E+0002
 2.537728E-0001	 6.734375E+0002	-6.650000E-0005	-1.797851E+0002	 3.613313E+0002
 2.543616E-0001	 6.750000E+0002	-6.650000E-0005	-1.797624E+0002	 3.628938E+0002
 2.549504E-0001	 6.765625E+0002	-6.650000E-0005	-1.797675E+0002	 3.644563E+0002
 2.555392E-0001	 6.781250E+0002	-6.650000E-0005	-1.797342E+0002	 3.660188E+0002
 2.561280E-0001	 6.796875E+0002	-6.650000E-0005	-1.797621E+0002	 3.675813E+0002
 2.567168E-0001	 6.812500E+0002	-6.650000E-0005	-1.797536E+0002	 3.691438E+0002
 2.573056E-0001	 6.828125E+0002	-6.650000E-0005	-1.798524E+0002	 3.707063E+0002
 2.578944E-0001	 6.843750E+0002	-6.650000E-0005	-1.798252E+0002	 3.722688E+0002
 2.584832E-0001	 6.859375E+0002	-6.650000E-0005	-1.797826E+0002	 3.738313E+0002
 2.590720E-0001	 6.875000E+0002	-6.650000E-0005	-1.799001E+0002	 3.753938E+0002
 2.596608E-0001	 6.890626E+0002	-6.650000E-0005	-1.798628E+0002	 3.769563E+0002
 2.602496E-0001	 6.906250E+0002	-6.650000E-0005	-1.799090E+0002	 3.785188E+0002
 2.608384E-0001	 6.921875E+0002	-6.650000E-0005	-1.798947E+0002	 3.800813E+0002
 2.614272E-0001	 6.937500E+0002	-6.650000E-0005	-1.798417E+0002	 3.816438E+0002
 2.620160E-0001	 6.953126E+0002	-6.650000E-0005	-1.798873E+0002	 3.832063E+0002
 2.626048E-0001	 6.968750E+0002	-6.650000E-0005	-1.799135E+0002	 3.847688E+0002
 2.631936E-0001	 6.984375E+0002	-6.650000E-0005	-1.798899E+0002	 3.863313E+0002
 2.637824E-0001	 7.000000E+0002	-6.650000E-0005	-1.799027E+0002	 3.878938E+0002
 2.643712E-0001	 7.015625E+0002	-6.650000E-0005	-1.799607E+0002	 3.894563E+0002
 2.649600E-0001	 7.031250E+0002	-6.650000E-0005	-1.799289E+0002	 3.910188E+0002
 2.655488E-0001	 7.046875E+0002	-6.650000E-0005	-1.799693E+0002	 3.925813E+0002
 2.661376E-0001	 7.062500E+0002	-6.650000E-0005	-1.799302E+0002	 3.941438E+0002
 2.667264E-0001	 7.078125E+0002	-6.650000E-0005	-1.799676E+0002	 3.957063E+0002
 2.673152E-0001	 7.093750E+0002	-6.650000E-0005	-1.799341E+0002	 3.972688E+0002
 2.679040E-0001	 7.109375E+0002	-6.650000E-0005	-1.799808E+0002	 3.988313E+0002
 2.684928E-0001	 7.125001E+0002	-6.650000E-0005	-1.800433E+0002	 4.003938E+0002
 2.690816E-0001	 7.140625E+0002	-6.650000E-0005	-1.799672E+0002	 4.019563E+0002
 2.696704E-0001	 7.156250E+0002	-6.650000E-0005	-1.799980E+0002	 4.035188E+0002
 2.702592E-0001	 7.171875E+0002	-6.650000E-0005	-1.799756E+0002	 4.050813E+0002
 2.708480E-0001	 7.187501E+0002	-6.650000E-0005	-1.800273E+0002	 4.066438E+0002
 2.714368E-0001	 7.203125E+0002	-6.650000E-0005	-1.801037E+0002	 4.082063E+0002
 2.720256E-0001	 7.218750E+0002	-6.650000E-0005	-1.800647E+0002	 4.097688E+0002
 2.726144E-0001	 7.234375E+0002	-6.650000E-0005	-1.800795E+0002	 4.113313E+0002
 2.732032E-0001	 7.250001E+0002	-6.650000E-0005	-1.801417E+0002	 4.128938E+0002
 2.737920E-0001	 7.265625E+0002	-6.650000E-0005	-1.801869E+0002	 4.144563E+0002
 2.743808E-0001	 7.281250E+0002	-6.650000E-0005	-1.801750E+0002	 4.160188E+0002
 2.749696E-0001	 7.296875E+0002	-6.650000E-0005	-1.801539E+0002	 4.175813E+0002
 2.755584E-0001	 7.312500E+0002	-6.650000E-0005	-1.802231E+0002	 4.191438E+0002
 2.761472E-0001	 7.328125E+0002	-6.650000E-0005	-1.802937E+0002	 4.207063E+0002
 2.767360E-0001	 7.343750E+0002	-6.650000E-0005	-1.802594E+0002	 4.222688E+0002
 2.773248E-0001	 7.359376E+0002	-6.650000E-0005	-1.802963E+0002	 4.238313E+0002
 2.779136E-0001	 7.375000E+0002	-6.650000E-0005	-1.802876E+0002	 4.253938E+0002
 2.785024E-0001	 7.390625E+0002	-6.650000E-0005	-1.803535E+0002	 4.269563E+0002
 2.790912E-0001	 7.406250E+0002	-6.650000E-0005	-1.803782E+0002	 4.285188E+0002
 2.796800E-0001	 7.421876E+0002	-6.650000E-0005	-1.804179E+0002	 4.300813E+0002
 2.802688E-0001	 7.437500E+0002	-6.650000E-0005	-1.804530E+0002	 4.316438E+0002
 2.808576E-0001	 7.453125E+0002	-6.650000E-0005	-1.804478E+0002	 4.332063E+0002
 2.814464E-0001	 7.468750E+0002	-6.650000E-0005	-1.804304E+0002	 4.347688E+0002
 2.820352E-0001	 7.484376E+0002	-6.650000E-0005	-1.804490E+0002	 4.363313E+0002
 2.826240E-0001	 7.500000E+0002	-6.650000E-0005	-1.804702E+0002	 4.378938E+0002
 2.832128E-0001	 7.515625E+0002	-6.650000E-0005	-1.805285E+0002	 4.394563E+0002
 2.838016E-0001	 7.531250E+0002	-6.650000E-0005	-1.804376E+0002	 4.410188E+0002
 2.843904E-0001	 7.546876E+0002	-6.650000E-0005	-1.805291E+0002	 4.425813E+0002
 2.849792E-0001	 7.562500E+0002	-6.650000E-0005	-1.805749E+0002	 4.441438E+0002
 2.855680E-0001	 7.578125E+0002	-6.650000E-0005	-1.806373E+0002	 4.457063E+0002
 2.861568E-0001	 7.593750E+0002	-6.650000E-0005	-1.806336E+0002	 4.472688E+0002
 2.867456E-0001	 7.609375E+0002	-6.650000E-0005	-1.806631E+0002	 4.488313E+0002
 2.873344E-0001	 7.625000E+0002	-6.650000E-0005	-1.805819E+0002	 4.503938E+0002
 2.879232E-0001	 7.640625E+0002	-6.650000E-0005	-1.807107E+0002	 4.519563E+0002
 2.885120E-0001	 7.656251E+0002	-6.650000E-0005	-1.807921E+0002	 4.535188E+0002
 2.891008E-0001	 7.671875E+0002	-6.650000E-0005	-1.807625E+0002	 4.550813E+0002
 2.896896E-0001	 7.687500E+0002	-6.650000E-0005	-1.807838E+0002	 4.566438E+0002
 2.902784E-0001	 7.703125E+0002	-6.650000E-0005	-1.807891E+0002	 4.582063E+0002
 2.908672E-0001	 7.718751E+0002	-6.650000E-0005	-1.807693E+0002	 4.597688E+0002
 2.914560E-0001	 7.734375E+0002	-6.650000E-0005	-1.807863E+0002	 4.613313E+0002
 2.920448E-0001	 7.750000E+0002	-6.650000E-0005	-1.807792E+0002	 4.628938E+0002
 2.926336E-0001	 7.765625E+0002	-6.650000E-0005	-1.807295E+0002	 4.644563E+0002
 2.932224E-0001	 7.781251E+0002	-6.650000E-0005	-1.807239E+0002	 4.660188E+0002
 2.938112E-0001	 7.796875E+0002	-6.650000E-0005	-1.807576E+0002	 4.675813E+0002
 2.944000E-0001	 7.812500E+0002	-6.650000E-0005	-1.808160E+0002	 4.691438E+0002
 2.949888E-0001	 7.828125E+0002	-6.650000E-0005	-1.808211E+0002	 4.707063E+0002
 2.955776E-0001	 7.843750E+0002	-6.650000E-0005	-1.808539E+0002	 4.722688E+0002
 2.961664E-0001	 7.859375E+0002	-6.650000E-0005	-1.808838E+0002	 4.738313E+0002
 2.967552E-0001	 7.875000E+0002	-6.650000E-0005	-1.808323E+0002	 4.753938E+0002
 2.973440E-0001	 7.890626E+0002	-6.650000E-0005	-1.809111E+0002	 4.769563E+0002
 2.979328E-0001	 7.906250E+0002	-6.650000E-0005	-1.808375E+0002	 4.785188E+0002
 2.985216E-0001	 7.921875E+0002	-6.650000E-0005	-1.808240E+0002	 4.800813E+0002
 2.991104E-0001	 7.937500E+0002	-6.650000E-0005	-1.809211E+0002	 4.816438E+0002
 2.996992E-0001	 7.953126E+0002	-6.650000E-0005	-1.808990E+0002	 4.832063E+0002
 3.002880E-0001	 7.968750E+0002	-6.650000E-0005	-1.808814E+0002	 4.847688E+0002
 3.008768E-0001	 7.984375E+0002	-6.650000E-0005	-1.808611E+0002	 4.863313E+0002
 3.014656E-0001	 8.000000E+0002	-6.650000E-0005	-1.808492E+0002	 4.878938E+0002
 3.020544E-0001	 7.984345E+0002	-6.650000E-0005	-1.808377E+0002	 4.863283E+0002
 3.026432E-0001	 7.968689E+0002	-6.650000E-0005	-1.808864E+0002	 4.847627E+0002
 3.032320E-0001	 7.953034E+0002	-6.650000E-0005	-1.808487E+0002	 4.831971E+0002
 3.038208E-0001	 7.937378E+0002	-6.650000E-0005	-1.808821E+0002	 4.816316E+0002
 3.044096E-0001	 7.921723E+0002	-6.650000E-0005	-1.809311E+0002	 4.800660E+0002
 3.049984E-0001	 7.906067E+0002	-6.650000E-0005	-1.809310E+0002	 4.785005E+0002
 3.055872E-0001	 7.890411E+0002	-6.650000E-0005	-1.809431E+0002	 4.769349E+0002
 3.061760E-0001	 7.874756E+0002	-6.650000E-0005	-1.808929E+0002	 4.753694E+0002
 3.067648E-0001	 7.859100E+0002	-6.650000E-0005	-1.809319E+0002	 4.738038E+0002
 3.073536E-0001	 7.843445E+0002	-6.650000E-0005	-1.808720E+0002	 4.722382E+0002
 3.079424E-0001	 7.827789E+0002	-6.650000E-0005	-1.809471E+0002	 4.706727E+0002
 3.085312E-0001	 7.812134E+0002	-6.650000E-0005	-1.809159E+0002	 4.691072E+0002
 3.091200E-0001	 7.796478E+0002	-6.650000E-0005	-1.807980E+0002	 4.675416E+0002
 3.097088E-0001	 7.780822E+0002	-6.650000E-0005	-1.808688E+0002	 4.659760E+0002
 3.102976E-0001	 7.765167E+0002	-6.650000E-0005	-1.809550E+0002	 4.644105E+0002
 3.108864E-0001	 7.749511E+0002	-6.650000E-0005	-1.808840E+0002	 4.628449E+0002
 3.114752E-0001	 7.733856E+0002	-6.650000E-0005	-1.808905E+0002	 4.612794E+0002
 3.120640E-0001	 7.718200E+0002	-6.650000E-0005	-1.808621E+0002	 4.597138E+0002
 3.126528E-0001	 7.702544E+0002	-6.650000E-0005	-1.807835E+0002	 4.581482E+0002
 3.132416E-0001	 7.686889E+0002	-6.650000E-0005	-1.807824E+0002	 4.565827E+0002
 3.138304E-0001	 7.671233E+0002	-6.650000E-0005	-1.807603E+0002	 4.550171E+0002
 3.144192E-0001	 7.655578E+0002	-6.650000E-0005	-1.807601E+0002	 4.534515E+0002
 3.150080E-0001	 7.639922E+0002	-6.650000E-0005	-1.808318E+0002	 4.518860E+0002
 3.155968E-0001	 7.624267E+0002	-6.650000E-0005	-1.807687E+0002	 4.503205E+0002
 3.161856E-0001	 7.608611E+0002	-6.650000E-0005	-1.807623E+0002	 4.487549E+0002
 3.167744E-0001	 7.592955E+0002	-6.650000E-0005	-1.808234E+0002	 4.471893E+0002
 3.173632E-0001	 7.577300E+0002	-6.650000E-0005	-1.808478E+0002	 4.456238E+0002
 3.179520E-0001	 7.561644E+0002	-6.650000E-0005	-1.807178E+0002	 4.440582E+0002
 3.185408E-0001	 7.545989E+0002	-6.650000E-0005	-1.807050E+0002	 4.424927E+0002
 3.191296E-0001	 7.530333E+0002	-6.650000E-0005	-1.807260E+0002	 4.409271E+0002
 3.197184E-0001	 7.514677E+0002	-6.650000E-0005	-1.807621E+0002	 4.393615E+0002
 3.203072E-0001	 7.499022E+0002	-6.650000E-0005	-1.807040E+0002	 4.377960E+0002
 3.208960E-0001	 7.483366E+0002	-6.650000E-0005	-1.806936E+0002	 4.362304E+0002
 3.214848E-0001	 7.467711E+0002	-6.650000E-0005	-1.807267E+0002	 4.346649E+0002
 3.220736E-0001	 7.452055E+0002	-6.650000E-0005	-1.806434E+0002	 4.330993E+0002
 3.226624E-0001	 7.436400E+0002	-6.650000E-0005	-1.805890E+0002	 4.315338E+0002
 3.232512E-0001	 7.420744E+0002	-6.650000E-0005	-1.806254E+0002	 4.299682E+0002
 3.238400E-0001	 7.405088E+0002	-6.650000E-0005	-1.806256E+0002	 4.284026E+0002
 3.244288E-0001	 7.389433E+0002	-6.650000E-0005	-1.805933E+0002	 4.268371E+0002
 3.250176E-0001	 7.373777E+0002	-6.650000E-0005	-1.806260E+0002	 4.252715E+0002
 3.256064E-0001	 7.358122E+0002	-6.650000E-0005	-1.805598E+0002	 4.237060E+0002
 3.261952E-0001	 7.342466E+0002	-6.650000E-0005	-1.805200E+0002	 4.221404E+0002
 3.267840E-0001	 7.326811E+0002	-6.650000E-0005	-1.805464E+0002	 4.205749E+0002
 3.273728E-0001	 7.311155E+0002	-6.650000E-0005	-1.804658E+0002	 4.190093E+0002
 3.279616E-0001	 7.295499E+0002	-6.650000E-0005	-1.805122E+0002	 4.174437E+0002
 3.285504E-0001	 7.279844E+0002	-6.650000E-0005	-1.804919E+0002	 4.158782E+0002
 3.291392E-0001	 7.264188E+0002	-6.650000E-0005	-1.805146E+0002	 4.143126E+0002
 3.297280E-0001	 7.248533E+0002	-6.650000E-0005	-1.805226E+0002	 4.127471E+0002
 3.303168E-0001	 7.232877E+0002	-6.650000E-0005	-1.805210E+0002	 4.111815E+0002
 3.309056E-0001	 7.217221E+0002	-6.650000E-0005	-1.804005E+0002	 4.096159E+0002
 3.314944E-0001	 7.201566E+0002	-6.650000E-0005	-1.804255E+0002	 4.080504E+0002
 3.320832E-0001	 7.185911E+0002	-6.650000E-0005	-1.803994E+0002	 4.064848E+0002
 3.326720E-0001	 7.170255E+0002	-6.650000E-0005	-1.804510E+0002	 4.049193E+0002
 3.332608E-0001	 7.154599E+0002	-6.650000E-0005	-1.803360E+0002	 4.033537E+0002
 3.338496E-0001	 7.138944E+0002	-6.650000E-0005	-1.803458E+0002	 4.017882E+0002
 3.344384E-0001	 7.123288E+0002	-6.650000E-0005	-1.803388E+0002	 4.002226E+0002
 3.350272E-0001	 7.107632E+0002	-6.650000E-0005	-1.803883E+0002	 3.986570E+0002
 3.356160E-0001	 7.091977E+0002	-6.650000E-0005	-1.804118E+0002	 3.970915E+0002
 3.362048E-0001	 7.076321E+0002	-6.650000E-0005	-1.803792E+0002	 3.955259E+0002
 3.367936E-0001	 7.060666E+0002	-6.650000E-0005	-1.803088E+0002	 3.939604E+0002
 3.373824E-0001	 7.045010E+0002	-6.650000E-0005	-1.803163E+0002	 3.923948E+0002
 3.379712E-0001	 7.029354E+0002	-6.650000E-0005	-1.802078E+0002	 3.908292E+0002
 3.385600E-0001	 7.013699E+0002	-6.650000E-0005	-1.802302E+0002	 3.892637E+0002
 3.391488E-0001	 6.998044E+0002	-6.650000E-0005	-1.803302E+0002	 3.876981E+0002
 3.397376E-0001	 6.982388E+0002	-6.650000E-0005	-1.802711E+0002	 3.861326E+0002
 3.403264E-0001	 6.966732E+0002	-6.650000E-0005	-1.802130E+0002	 3.845670E+0002
 3.409152E-0001	 6.951077E+0002	-6.650000E-0005	-1.802217E+0002	 3.830015E+0002
 3.415040E-0001	 6.935421E+0002	-6.650000E-0005	-1.802357E+0002	 3.814359E+0002
 3.420928E-0001	 6.919766E+0002	-6.650000E-0005	-1.802526E+0002	 3.798703E+0002
 3.426816E-0001	 6.904110E+0002	-6.650000E-0005	-1.801994E+0002	 3.783048E+0002
 3.432704E-0001	 6.888454E+0002	-6.650000E-0005	-1.801276E+0002	 3.767392E+0002
 3.438592E-0001	 6.872799E+0002	-6.650000E-0005	-1.801621E+0002	 3.751737E+0002
 3.444480E-0001	 6.857143E+0002	-6.650000E-0005	-1.801549E+0002	 3.736081E+0002
 3.450368E-0001	 6.841488E+0002	-6.650000E-0005	-1.801105E+0002	 3.720426E+0002
 3.456256E-0001	 6.825832E+0002	-6.650000E-0005	-1.800926E+0002	 3.704770E+0002
 3.462144E-0001	 6.810177E+0002	-6.650000E-0005	-1.800657E+0002	 3.689114E+0002
 3.468032E-0001	 6.794521E+0002	-6.650000E-0005	-1.801242E+0002	 3.673459E+0002
 3.473920E-0001	 6.778865E+0002	-6.650000E-0005	-1.800306E+0002	 3.657803E+0002
 3.479808E-0001	 6.763210E+0002	-6.650000E-0005	-1.801018E+0002	 3.642148E+0002
 3.485696E-0001	 6.747554E+0002	-6.650000E-0005	-1.800824E+0002	 3.626492E+0002
 3.491584E-0001	 6.731899E+0002	-6.650000E-0005	-1.800343E+0002	 3.610836E+0002
 3.497472E-0001	 6.716243E+0002	-6.650000E-0005	-1.799958E+0002	 3.595181E+0002
 3.503360E-0001	 6.700588E+0002	-6.650000E-0005	-1.800156E+0002	 3.579525E+0002
 3.509248E-0001	 6.684932E+0002	-6.650000E-0005	-1.799701E+0002	 3.563870E+0002
 3.515136E-0001	 6.669276E+0002	-6.650000E-0005	-1.799893E+0002	 3.548214E+0002
 3.521024E-0001	 6.653621E+0002	-6.650000E-0005	-1.799770E+0002	 3.532559E+0002
 3.526912E-0001	 6.637965E+0002	-6.650000E-0005	-1.799359E+0002	 3.516903E+0002
 3.532800E-0001	 6.622310E+0002	-6.650000E-0005	-1.799953E+0002	 3.501247E+0002
 3.538688E-0001	 6.606654E+0002	-6.650000E-0005	-1.799671E+0002	 3.485592E+0002
 3.544576E-0001	 6.590998E+0002	-6.650000E-0005	-1.799808E+0002	 3.469936E+0002
 3.550464E-0001	 6.575343E+0002	-6.650000E-0005	-1.799342E+0002	 3.454281E+0002
 3.556352E-0001	 6.559687E+0002	-6.650000E-0005	-1.799104E+0002	 3.438625E+0002
 3.562240E-0001	 6.544032E+0002	-6.650000E-0005	-1.799522E+0002	 3.422969E+0002
 3.568128E-0001	 6.528376E+0002	-6.650000E-0005	-1.799302E+0002	 3.407314E+0002
 3.574016E-0001	 6.512721E+0002	-6.650000E-0005	-1.800140E+0002	 3.391659E+0002
 3.579904E-0001	 6.497065E+0002	-6.650000E-0005	-1.799076E+0002	 3.376003E+0002
 3.585792E-0001	 6.481409E+0002	-6.650000E-0005	-1.798933E+0002	 3.360347E+0002
 3.591680E-0001	 6.465754E+0002	-6.650000E-0005	-1.799881E+0002	 3.344692E+0002
 3.597568E-0001	 6.450098E+0002	-6.650000E-0005	-1.799859E+0002	 3.329036E+0002
 3.603456E-0001	 6.434443E+0002	-6.650000E-0005	-1.799585E+0002	 3.313380E+0002
 3.609344E-0001	 6.418787E+0002	-6.650000E-0005	-1.799770E+0002	 3.297725E+0002
 3.615232E-0001	 6.403131E+0002	-6.650000E-0005	-1.799109E+0002	 3.282069E+0002
 3.621120E-0001	 6.387476E+0002	-6.650000E-0005	-1.799288E+0002	 3.266414E+0002
 3.627008E-0001	 6.371820E+0002	-6.650000E-0005	-1.798706E+0002	 3.250758E+0002
 3.632896E-0001	 6.356165E+0002	-6.650000E-0005	-1.798515E+0002	 3.235103E+0002
 3.638784E-0001	 6.340509E+0002	-6.650000E-0005	-1.798964E+0002	 3.219447E+0002
 3.644672E-0001	 6.324854E+0002	-6.650000E-0005	-1.798699E+0002	 3.203792E+0002
 3.650560E-0001	 6.309198E+0002	-6.650000E-0005	-1.798340E+0002	 3.188136E+0002
 3.656448E-0001	 6.293542E+0002	-6.650000E-0005	-1.798481E+0002	 3.172480E+0002
 3.662336E-0001	 6.277887E+0002	-6.650000E-0005	-1.798640E+0002	 3.156825E+0002
 3.668224E-0001	 6.262231E+0002	-6.650000E-0005	-1.798816E+0002	 3.141169E+0002
 3.674112E-0001	 6.246576E+0002	-6.650000E-0005	-1.798783E+0002	 3.125513E+0002
 3.680000E-0001	 6.230920E+0002	-6.650000E-0005	-1.799363E+0002	 3.109858E+0002
 3.685888E-0001	 6.215265E+0002	-6.650000E-0005	-1.799617E+0002	 3.094203E+0002
 3.691776E-0001	 6.199609E+0002	-6.650000E-0005	-1.799536E+0002	 3.078547E+0002
 3.697664E-0001	 6.183953E+0002	-6.650000E-0005	-1.799684E+0002	 3.062891E+0002
 3.703552E-0001	 6.168298E+0002	-6.650000E-0005	-1.799542E+0002	 3.047236E+0002
 3.709440E-0001	 6.152642E+0002	-6.650000E-0005	-1.798797E+0002	 3.031580E+0002
 3.715328E-0001	 6.136987E+0002	-6.650000E-0005	-1.799284E+0002	 3.015925E+0002
 3.721216E-0001	 6.121331E+0002	-6.650000E-0005	-1.798772E+0002	 3.000269E+0002
 3.727104E-0001	 6.105675E+0002	-6.650000E-0005	-1.798731E+0002	 2.984613E+0002
 3.732992E-0001	 6.090020E+0002	-6.650000E-0005	-1.798906E+0002	 2.968958E+0002
 3.738880E-0001	 6.074364E+0002	-6.650000E-0005	-1.799533E+0002	 2.953302E+0002
 3.744768E-0001	 6.058709E+0002	-6.650000E-0005	-1.799680E+0002	 2.937647E+0002
 3.750656E-0001	 6.043053E+0002	-6.650000E-0005	-1.799728E+0002	 2.921991E+0002
 3.756544E-0001	 6.027398E+0002	-6.650000E-0005	-1.799349E+0002	 2.906336E+0002
 3.762432E-0001	 6.011742E+0002	-6.650000E-0005	-1.799978E+0002	 2.890680E+0002
 3.768320E-0001	 5.996086E+0002	-6.650000E-0005	-1.800514E+0002	 2.875024E+0002
 3.774208E-0001	 5.980431E+0002	-6.650000E-0005	-1.800720E+0002	 2.859369E+0002
 3.780096E-0001	 5.964775E+0002	-6.650000E-0005	-1.799775E+0002	 2.843713E+0002
 3.785984E-0001	 5.949120E+0002	-6.650000E-0005	-1.800541E+0002	 2.828058E+0002
 3.791872E-0001	 5.933464E+0002	-6.650000E-0005	-1.800435E+0002	 2.812402E+0002
 3.797760E-0001	 5.917808E+0002	-6.650000E-0005	-1.800205E+0002	 2.796746E+0002
 3.803648E-0001	 5.902153E+0002	-6.650000E-0005	-1.799744E+0002	 2.781091E+0002
 3.809536E-0001	 5.886497E+0002	-6.650000E-0005	-1.798933E+0002	 2.765435E+0002
 3.815424E-0001	 5.870842E+0002	-6.650000E-0005	-1.799630E+0002	 2.749780E+0002
 3.821312E-0001	 5.855186E+0002	-6.650000E-0005	-1.799830E+0002	 2.734124E+0002
 3.827200E-0001	 5.839531E+0002	-6.650000E-0005	-1.800762E+0002	 2.718469E+0002
 3.833088E-0001	 5.823875E+0002	-6.650000E-0005	-1.800224E+0002	 2.702813E+0002
 3.838976E-0001	 5.808219E+0002	-6.650000E-0005	-1.800212E+0002	 2.687157E+0002
 3.844864E-0001	 5.792564E+0002	-6.650000E-0005	-1.800506E+0002	 2.671502E+0002
 3.850752E-0001	 5.776909E+0002	-6.650000E-0005	-1.800542E+0002	 2.655846E+0002
 3.856640E-0001	 5.761253E+0002	-6.650000E-0005	-1.800611E+0002	 2.640191E+0002
 3.862528E-0001	 5.745597E+0002	-6.650000E-0005	-1.800615E+0002	 2.624535E+0002
 3.868416E-0001	 5.729942E+0002	-6.650000E-0005	-1.801647E+0002	 2.608880E+0002
 3.874304E-0001	 5.714286E+0002	-6.650000E-0005	-1.801059E+0002	 2.593224E+0002
 3.880192E-0001	 5.698630E+0002	-6.650000E-0005	-1.800543E+0002	 2.577568E+0002
 3.886080E-0001	 5.682975E+0002	-6.650000E-0005	-1.801079E+0002	 2.561913E+0002
 3.891968E-0001	 5.667319E+0002	-6.650000E-0005	-1.801047E+0002	 2.546257E+0002
 3.897856E-0001	 5.651664E+0002	-6.650000E-0005	-1.801435E+0002	 2.530602E+0002
 3.903744E-0001	 5.636008E+0002	-6.650000E-0005	-1.801669E+0002	 2.514946E+0002
 3.909632E-0001	 5.620352E+0002	-6.650000E-0005	-1.801560E+0002	 2.499290E+0002
 3.915520E-0001	 5.604697E+0002	-6.650000E-0005	-1.801678E+0002	 2.483635E+0002
 3.921408E-0001	 5.589042E+0002	-6.650000E-0005	-1.802690E+0002	 2.467979E+0002
 3.927296E-0001	 5.573386E+0002	-6.650000E-0005	-1.802191E+0002	 2.452324E+0002
 3.933184E-0001	 5.557730E+0002	-6.650000E-0005	-1.803149E+0002	 2.436668E+0002
 3.939072E-0001	 5.542075E+0002	-6.650000E-0005	-1.802832E+0002	 2.421013E+0002
 3.944960E-0001	 5.526419E+0002	-6.650000E-0005	-1.803411E+0002	 2.405357E+0002
 3.950848E-0001	 5.510764E+0002	-6.650000E-0005	-1.803888E+0002	 2.389701E+0002
 3.956736E-0001	 5.495108E+0002	-6.650000E-0005	-1.803945E+0002	 2.374046E+0002
 3.962624E-0001	 5.479452E+0002	-6.650000E-0005	-1.803853E+0002	 2.358390E+0002
 3.968512E-0001	 5.463797E+0002	-6.650000E-0005	-1.803491E+0002	 2.342735E+0002
 3.974400E-0001	 5.448141E+0002	-6.650000E-0005	-1.803824E+0002	 2.327079E+0002
 3.980288E-0001	 5.432485E+0002	-6.650000E-0005	-1.802874E+0002	 2.311423E+0002
 3.986176E-0001	 5.416830E+0002	-6.650000E-0005	-1.802538E+0002	 2.295768E+0002
 3.992064E-0001	 5.401175E+0002	-6.650000E-0005	-1.803580E+0002	 2.280112E+0002
 3.997952E-0001	 5.385519E+0002	-6.650000E-0005	-1.804070E+0002	 2.264457E+0002
 4.003840E-0001	 5.369863E+0002	-6.650000E-0005	-1.804068E+0002	 2.248801E+0002
 4.009728E-0001	 5.354208E+0002	-6.650000E-0005	-1.804370E+0002	 2.233146E+0002
 4.015616E-0001	 5.338552E+0002	-6.650000E-0005	-1.803971E+0002	 2.217490E+0002
 4.021504E-0001	 5.322897E+0002	-6.650000E-0005	-1.803958E+0002	 2.201834E+0002
 4.027392E-0001	 5.307241E+0002	-6.650000E-0005	-1.804532E+0002	 2.186179E+0002
 4.033280E-0001	 5.291586E+0002	-6.650000E-0005	-1.804568E+0002	 2.170523E+0002
 4.039168E-0001	 5.275930E+0002	-6.650000E-0005	-1.804347E+0002	 2.154868E+0002
 4.045056E-0001	 5.260274E+0002	-6.650000E-0005	-1.804654E+0002	 2.139212E+0002
 4.050944E-0001	 5.244619E+0002	-6.650000E-0005	-1.805662E+0002	 2.123557E+0002
 4.056832E-0001	 5.228963E+0002	-6.650000E-0005	-1.805759E+0002	 2.107901E+0002
 4.062720E-0001	 5.213308E+0002	-6.650000E-0005	-1.806013E+0002	 2.092245E+0002
 4.068608E-0001	 5.197652E+0002	-6.650000E-0005	-1.805919E+0002	 2.076590E+0002
 4.074496E-0001	 5.181996E+0002	-6.650000E-0005	-1.806611E+0002	 2.060934E+0002
 4.080384E-0001	 5.166341E+0002	-6.650000E-0005	-1.807377E+0002	 2.045279E+0002
 4.086272E-0001	 5.150685E+0002	-6.650000E-0005	-1.807515E+0002	 2.029623E+0002
 4.092160E-0001	 5.135030E+0002	-6.650000E-0005	-1.806800E+0002	 2.013967E+0002
 4.098048E-0001	 5.119374E+0002	-6.650000E-0005	-1.806747E+0002	 1.998312E+0002
 4.103936E-0001	 5.103719E+0002	-6.650000E-0005	-1.806887E+0002	 1.982657E+0002
 4.109824E-0001	 5.088063E+0002	-6.650000E-0005	-1.807245E+0002	 1.967001E+0002
 4.115712E-0001	 5.072407E+0002	-6.650000E-0005	-1.807821E+0002	 1.951345E+0002
 4.121600E-0001	 5.056752E+0002	-6.650000E-0005	-1.807600E+0002	 1.935690E+0002
 4.127488E-0001	 5.041096E+0002	-6.650000E-0005	-1.808290E+0002	 1.920034E+0002
 4.133376E-0001	 5.025441E+0002	-6.650000E-0005	-1.807908E+0002	 1.904378E+0002
 4.139264E-0001	 5.009785E+0002	-6.650000E-0005	-1.807383E+0002	 1.888723E+0002
 4.145152E-0001	 4.994129E+0002	-6.650000E-0005	-1.807984E+0002	 1.873067E+0002
 4.151040E-0001	 4.978474E+0002	-6.650000E-0005	-1.809050E+0002	 1.857412E+0002
 4.156928E-0001	 4.962818E+0002	-6.650000E-0005	-1.808312E+0002	 1.841756E+0002
 4.162816E-0001	 4.947163E+0002	-6.650000E-0005	-1.807876E+0002	 1.826100E+0002
 4.168704E-0001	 4.931507E+0002	-6.650000E-0005	-1.808577E+0002	 1.810445E+0002
 4.174592E-0001	 4.915852E+0002	-6.650000E-0005	-1.809412E+0002	 1.794790E+0002
 4.180480E-0001	 4.900196E+0002	-6.650000E-0005	-1.808369E+0002	 1.779134E+0002
 4.186368E-0001	 4.884540E+0002	-6.650000E-0005	-1.809170E+0002	 1.763478E+0002
 4.192256E-0001	 4.868885E+0002	-6.650000E-0005	-1.809363E+0002	 1.747823E+0002
 4.198144E-0001	 4.853229E+0002	-6.650000E-0005	-1.808506E+0002	 1.732167E+0002
 4.204032E-0001	 4.837574E+0002	-6.650000E-0005	-1.809799E+0002	 1.716512E+0002
 4.209920E-0001	 4.821918E+0002	-6.650000E-0005	-1.809649E+0002	 1.700856E+0002
 4.215808E-0001	 4.806263E+0002	-6.650000E-0005	-1.810135E+0002	 1.685201E+0002
 4.221696E-0001	 4.790607E+0002	-6.650000E-0005	-1.810839E+0002	 1.669545E+0002
 4.227584E-0001	 4.774951E+0002	-6.650000E-0005	-1.810123E+0002	 1.653889E+0002
 4.233472E-0001	 4.759296E+0002	-6.650000E-0005	-1.810680E+0002	 1.638234E+0002
 4.239360E-0001	 4.743640E+0002	-6.650000E-0005	-1.810840E+0002	 1.622578E+0002
 4.245248E-0001	 4.727985E+0002	-6.650000E-0005	-1.811235E+0002	 1.606923E+0002
 4.251136E-0001	 4.712329E+0002	-6.650000E-0005	-1.811344E+0002	 1.591267E+0002
 4.257024E-0001	 4.696673E+0002	-6.650000E-0005	-1.810964E+0002	 1.575611E+0002
 4.262912E-0001	 4.681018E+0002	-6.650000E-0005	-1.810539E+0002	 1.559956E+0002
 4.268800E-0001	 4.665362E+0002	-6.650000E-0005	-1.810812E+0002	 1.544300E+0002
 4.274688E-0001	 4.649707E+0002	-6.650000E-0005	-1.811389E+0002	 1.528645E+0002
 4.280576E-0001	 4.634051E+0002	-6.650000E-0005	-1.811523E+0002	 1.512989E+0002
 4.286464E-0001	 4.618396E+0002	-6.650000E-0005	-1.810778E+0002	 1.497334E+0002
 4.292352E-0001	 4.602740E+0002	-6.650000E-0005	-1.810579E+0002	 1.481678E+0002
 4.298240E-0001	 4.587084E+0002	-6.650000E-0005	-1.810690E+0002	 1.466022E+0002
 4.304128E-0001	 4.571429E+0002	-6.650000E-0005	-1.810618E+0002	 1.450367E+0002
 4.310016E-0001	 4.555773E+0002	-6.650000E-0005	-1.810827E+0002	 1.434711E+0002
 4.315904E-0001	 4.540118E+0002	-6.650000E-0005	-1.810704E+0002	 1.419056E+0002
 4.321792E-0001	 4.524462E+0002	-6.650000E-0005	-1.810578E+0002	 1.403400E+0002
 4.327680E-0001	 4.508806E+0002	-6.650000E-0005	-1.811044E+0002	 1.387744E+0002
 4.333568E-0001	 4.493151E+0002	-6.650000E-0005	-1.811287E+0002	 1.372089E+0002
 4.339456E-0001	 4.477495E+0002	-6.650000E-0005	-1.811448E+0002	 1.356433E+0002
 4.345344E-0001	 4.461840E+0002	-6.650000E-0005	-1.810952E+0002	 1.340778E+0002
 4.351232E-0001	 4.446184E+0002	-6.650000E-0005	-1.810008E+0002	 1.325122E+0002
 4.357120E-0001	 4.430529E+0002	-6.650000E-0005	-1.810365E+0002	 1.309467E+0002
 4.363008E-0001	 4.414873E+0002	-6.650000E-0005	-1.810361E+0002	 1.293811E+0002
 4.368896E-0001	 4.399217E+0002	-6.650000E-0005	-1.810467E+0002	 1.278155E+0002
 4.374784E-0001	 4.383562E+0002	-6.650000E-0005	-1.811259E+0002	 1.262499E+0002
 4.380672E-0001	 4.367907E+0002	-6.650000E-0005	-1.810070E+0002	 1.246844E+0002
 4.386560E-0001	 4.352251E+0002	-6.650000E-0005	-1.810030E+0002	 1.231188E+0002
 4.392448E-0001	 4.336595E+0002	-6.650000E-0005	-1.810740E+0002	 1.215533E+0002
 4.398336E-0001	 4.320940E+0002	-6.650000E-0005	-1.811046E+0002	 1.199877E+0002
 4.404224E-0001	 4.305284E+0002	-6.650000E-0005	-1.810708E+0002	 1.184221E+0002
 4.410112E-0001	 4.289629E+0002	-6.650000E-0005	-1.809826E+0002	 1.168566E+0002
 4.416000E-0001	 4.273973E+0002	-6.650000E-0005	-1.809518E+0002	 1.152910E+0002
 4.421888E-0001	 4.258317E+0002	-6.650000E-0005	-1.808335E+0002	 1.137255E+0002
 4.427776E-0001	 4.242662E+0002	-6.650000E-0005	-1.809319E+0002	 1.121599E+0002
 4.433664E-0001	 4.227006E+0002	-6.650000E-0005	-1.809043E+0002	 1.105944E+0002
 4.439552E-0001	 4.211350E+0002	-6.650000E-0005	-1.808381E+0002	 1.090288E+0002
 4.445440E-0001	 4.195695E+0002	-6.650000E-0005	-1.808042E+0002	 1.074632E+0002
 4.451328E-0001	 4.180040E+0002	-6.650000E-0005	-1.808134E+0002	 1.058977E+0002
 4.457216E-0001	 4.164384E+0002	-6.650000E-0005	-1.808124E+0002	 1.043321E+0002
 4.463104E-0001	 4.148728E+0002	-6.650000E-0005	-1.808565E+0002	 1.027666E+0002
 4.468992E-0001	 4.133073E+0002	-6.650000E-0005	-1.807852E+0002	 1.012010E+0002
 4.474880E-0001	 4.117417E+0002	-6.650000E-0005	-1.807962E+0002	 9.963549E+0001
 4.480768E-0001	 4.101762E+0002	-6.650000E-0005	-1.808582E+0002	 9.806994E+0001
 4.486656E-0001	 4.086106E+0002	-6.650000E-0005	-1.808856E+0002	 9.650440E+0001
 4.492544E-0001	 4.070450E+0002	-6.650000E-0005	-1.808753E+0002	 9.493881E+0001
 4.498432E-0001	 4.054795E+0002	-6.650000E-0005	-1.807940E+0002	 9.337327E+0001
 4.504320E-0001	 4.039139E+0002	-6.650000E-0005	-1.807975E+0002	 9.180772E+0001
 4.510208E-0001	 4.023484E+0002	-6.650000E-0005	-1.807443E+0002	 9.024214E+0001
 4.516096E-0001	 4.007828E+0002	-6.650000E-0005	-1.806714E+0002	 8.867659E+0001
 4.521984E-0001	 3.992173E+0002	-6.650000E-0005	-1.806762E+0002	 8.711105E+0001
 4.527872E-0001	 3.976517E+0002	-6.650000E-0005	-1.806707E+0002	 8.554546E+0001
 4.533760E-0001	 3.960861E+0002	-6.650000E-0005	-1.806876E+0002	 8.397992E+0001
 4.539648E-0001	 3.945206E+0002	-6.650000E-0005	-1.806285E+0002	 8.241437E+0001
 4.545536E-0001	 3.929550E+0002	-6.650000E-0005	-1.806241E+0002	 8.084879E+0001
 4.551424E-0001	 3.913895E+0002	-6.650000E-0005	-1.806119E+0002	 7.928324E+0001
 4.557312E-0001	 3.898239E+0002	-6.650000E-0005	-1.805606E+0002	 7.771770E+0001
 4.563200E-0001	 3.882584E+0002	-6.650000E-0005	-1.805435E+0002	 7.615215E+0001
 4.569088E-0001	 3.866928E+0002	-6.650000E-0005	-1.805656E+0002	 7.458657E+0001
 4.574976E-0001	 3.851272E+0002	-6.650000E-0005	-1.805904E+0002	 7.302102E+0001
 4.580864E-0001	 3.835617E+0002	-6.650000E-0005	-1.805061E+0002	 7.145548E+0001
 4.586752E-0001	 3.819961E+0002	-6.650000E-0005	-1.804412E+0002	 6.988990E+0001
 4.592640E-0001	 3.804306E+0002	-6.650000E-0005	-1.804663E+0002	 6.832435E+0001
 4.598528E-0001	 3.788650E+0002	-6.650000E-0005	-1.804770E+0002	 6.675880E+0001
 4.604416E-0001	 3.772994E+0002	-6.650000E-0005	-1.803976E+0002	 6.519322E+0001
 4.610304E-0001	 3.757339E+0002	-6.650000E-0005	-1.804244E+0002	 6.362767E+0001
 4.616192E-0001	 3.741683E+0002	-6.650000E-0005	-1.803355E+0002	 6.206213E+0001
 4.622080E-0001	 3.726028E+0002	-6.650000E-0005	-1.803266E+0002	 6.049655E+0001
 4.627968E-0001	 3.710372E+0002	-6.650000E-0005	-1.803306E+0002	 5.893100E+0001
 4.633856E-0001	 3.694717E+0002	-6.650000E-0005	-1.802793E+0002	 5.736545E+0001
 4.639744E-0001	 3.679061E+0002	-6.650000E-0005	-1.802648E+0002	 5.579987E+0001
 4.645632E-0001	 3.663405E+0002	-6.650000E-0005	-1.802744E+0002	 5.423433E+0001
 4.651520E-0001	 3.647750E+0002	-6.650000E-0005	-1.802686E+0002	 5.266878E+0001
 4.657408E-0001	 3.632094E+0002	-6.650000E-0005	-1.802773E+0002	 5.110320E+0001
 4.663296E-0001	 3.616439E+0002	-6.650000E-0005	-1.801893E+0002	 4.953765E+0001
 4.669184E-0001	 3.600783E+0002	-6.650000E-0005	-1.801059E+0002	 4.797210E+0001
 4.675072E-0001	 3.585127E+0002	-6.650000E-0005	-1.800830E+0002	 4.640652E+0001
 4.680960E-0001	 3.569472E+0002	-6.650000E-0005	-1.801702E+0002	 4.484098E+0001
 4.686848E-0001	 3.553816E+0002	-6.650000E-0005	-1.801547E+0002	 4.327543E+0001
 4.692736E-0001	 3.538161E+0002	-6.650000E-0005	-1.800579E+0002	 4.170985E+0001
 4.698624E-0001	 3.522505E+0002	-6.650000E-0005	-1.801343E+0002	 4.014430E+0001
 4.704512E-0001	 3.506850E+0002	-6.650000E-0005	-1.800912E+0002	 3.857876E+0001
 4.710400E-0001	 3.491194E+0002	-6.650000E-0005	-1.800435E+0002	 3.701317E+0001
 4.716288E-0001	 3.475538E+0002	-6.650000E-0005	-1.800770E+0002	 3.544763E+0001
 4.722176E-0001	 3.459883E+0002	-6.650000E-0005	-1.800939E+0002	 3.388208E+0001
 4.728064E-0001	 3.444227E+0002	-6.650000E-0005	-1.801003E+0002	 3.231650E+0001
 4.733952E-0001	 3.428572E+0002	-6.650000E-0005	-1.801244E+0002	 3.075095E+0001
 4.739840E-0001	 3.412916E+0002	-6.650000E-0005	-1.801102E+0002	 2.918541E+0001
 4.745728E-0001	 3.397261E+0002	-6.650000E-0005	-1.800827E+0002	 2.761986E+0001
 4.751616E-0001	 3.381605E+0002	-6.650000E-0005	-1.799651E+0002	 2.605428E+0001
 4.757504E-0001	 3.365949E+0002	-6.650000E-0005	-1.800197E+0002	 2.448873E+0001
 4.763392E-0001	 3.350294E+0002	-6.650000E-0005	-1.799473E+0002	 2.292319E+0001
 4.769280E-0001	 3.334638E+0002	-6.650000E-0005	-1.799061E+0002	 2.135760E+0001
 4.775168E-0001	 3.318983E+0002	-6.650000E-0005	-1.799612E+0002	 1.979206E+0001
 4.781056E-0001	 3.303327E+0002	-6.650000E-0005	-1.799468E+0002	 1.822651E+0001
 4.786944E-0001	 3.287671E+0002	-6.650000E-0005	-1.799537E+0002	 1.666093E+0001
 4.792832E-0001	 3.272016E+0002	-6.650000E-0005	-1.799053E+0002	 1.509538E+0001
 4.798720E-0001	 3.256360E+0002	-6.650000E-0005	-1.799136E+0002	 1.352983E+0001
 4.804608E-0001	 3.240705E+0002	-6.650000E-0005	-1.800096E+0002	 1.196425E+0001
 4.810496E-0001	 3.225049E+0002	-6.650000E-0005	-1.799003E+0002	 1.039870E+0001
 4.816384E-0001	 3.209394E+0002	-6.650000E-0005	-1.798299E+0002	 8.833162E+0000
 4.822272E-0001	 3.193738E+0002	-6.650000E-0005	-1.797968E+0002	 7.267581E+0000
 4.828160E-0001	 3.178082E+0002	-6.650000E-0005	-1.797641E+0002	 5.702034E+0000
 4.834048E-0001	 3.162427E+0002	-6.650000E-0005	-1.798026E+0002	 4.136488E+0000
 4.839936E-0001	 3.146771E+0002	-6.650000E-0005	-1.798663E+0002	 2.570906E+0000
 4.845824E-0001	 3.131116E+0002	-6.650000E-0005	-1.797727E+0002	 1.005360E+0000
 4.851712E-0001	 3.115460E+0002	-6.650000E-0005	-1.797748E+0002	-5.601865E-0001
 4.857600E-0001	 3.099804E+0002	-6.650000E-0005	-1.797093E+0002	-2.125768E+0000
 4.863488E-0001	 3.084149E+0002	-6.650000E-0005	-1.796650E+0002	-3.691315E+0000
 4.869376E-0001	 3.068494E+0002	-6.650000E-0005	-1.797343E+0002	-5.256861E+0000
 4.875264E-0001	 3.052838E+0002	-6.650000E-0005	-1.796564E+0002	-6.822443E+0000
 4.881152E-0001	 3.037182E+0002	-6.650000E-0005	-1.797847E+0002	-8.387989E+0000
 4.887040E-0001	 3.021527E+0002	-6.650000E-0005	-1.796634E+0002	-9.953535E+0000
 4.892928E-0001	 3.005871E+0002	-6.650000E-0005	-1.797007E+0002	-1.151911E+0001
 4.898816E-0001	 2.990215E+0002	-6.650000E-0005	-1.797184E+0002	-1.308466E+0001
 4.904704E-0001	 2.974560E+0002	-6.650000E-0005	-1.797424E+0002	-1.465021E+0001
 4.910592E-0001	 2.958904E+0002	-6.650000E-0005	-1.797577E+0002	-1.621579E+0001
 4.916480E-0001	 2.943249E+0002	-6.650000E-0005	-1.797367E+0002	-1.778134E+0001
 4.922368E-0001	 2.927593E+0002	-6.650000E-0005	-1.797344E+0002	-1.934688E+0001
 4.928256E-0001	 2.911938E+0002	-6.650000E-0005	-1.796350E+0002	-2.091243E+0001
 4.934144E-0001	 2.896282E+0002	-6.650000E-0005	-1.797310E+0002	-2.247801E+0001
 4.940032E-0001	 2.880627E+0002	-6.650000E-0005	-1.797613E+0002	-2.404356E+0001
 4.945920E-0001	 2.864971E+0002	-6.650000E-0005	-1.797684E+0002	-2.560911E+0001
 4.951808E-0001	 2.849315E+0002	-6.650000E-0005	-1.797293E+0002	-2.717469E+0001
 4.957696E-0001	 2.833660E+0002	-6.650000E-0005	-1.810485E+0002	-2.874023E+0001
 4.963584E-0001	 2.818004E+0002	-6.650000E-0005	-1.806752E+0002	-3.030578E+0001
 4.969472E-0001	 2.802349E+0002	-6.650000E-0005	-1.802362E+0002	-3.187136E+0001
 4.975360E-0001	 2.786693E+0002	-6.650000E-0005	-1.791836E+0002	-3.343691E+0001
 4.981248E-0001	 2.771038E+0002	-6.650000E-0005	-1.780440E+0002	-3.500245E+0001
 4.987136E-0001	 2.755382E+0002	-6.650000E-0005	-1.775607E+0002	-3.656804E+0001
 4.993024E-0001	 2.739726E+0002	-6.650000E-0005	-1.761480E+0002	-3.813358E+0001
 4.998912E-0001	 2.724071E+0002	-6.650000E-0005	-1.756211E+0002	-3.969913E+0001
 5.004800E-0001	 2.708415E+0002	-6.650000E-0005	-1.746012E+0002	-4.126471E+0001
 5.010688E-0001	 2.692760E+0002	-6.650000E-0005	-1.736642E+0002	-4.283026E+0001
 5.016576E-0001	 2.677104E+0002	-6.650000E-0005	-1.727798E+0002	-4.439580E+0001
 5.022464E-0001	 2.661448E+0002	-6.650000E-0005	-1.716603E+0002	-4.596138E+0001
 5.028352E-0001	 2.645793E+0002	-6.650000E-0005	-1.710008E+0002	-4.752693E+0001
 5.034240E-0001	 2.630137E+0002	-6.650000E-0005	-1.698376E+0002	-4.909248E+0001
 5.040128E-0001	 2.614482E+0002	-6.650000E-0005	-1.690964E+0002	-5.065806E+0001
 5.046016E-0001	 2.598826E+0002	-6.650000E-0005	-1.679117E+0002	-5.222361E+0001
 5.051904E-0001	 2.583171E+0002	-6.650000E-0005	-1.666327E+0002	-5.378915E+0001
 5.057792E-0001	 2.567515E+0002	-6.650000E-0005	-1.662688E+0002	-5.535473E+0001
 5.063680E-0001	 2.551859E+0002	-6.650000E-0005	-1.649673E+0002	-5.692028E+0001
 5.069568E-0001	 2.536204E+0002	-6.650000E-0005	-1.642313E+0002	-5.848583E+0001
 5.075456E-0001	 2.520548E+0002	-6.650000E-0005	-1.634097E+0002	-6.005141E+0001
 5.081344E-0001	 2.504893E+0002	-6.650000E-0005	-1.619298E+0002	-6.161695E+0001
 5.087232E-0001	 2.489237E+0002	-6.650000E-0005	-1.617224E+0002	-6.318250E+0001
 5.093120E-0001	 2.473581E+0002	-6.650000E-0005	-1.604953E+0002	-6.474808E+0001
 5.099008E-0001	 2.457926E+0002	-6.650000E-0005	-1.595756E+0002	-6.631363E+0001
 5.104896E-0001	 2.442270E+0002	-6.650000E-0005	-1.587017E+0002	-6.787918E+0001
 5.110784E-0001	 2.426615E+0002	-6.650000E-0005	-1.574747E+0002	-6.944476E+0001
 5.116672E-0001	 2.410959E+0002	-6.650000E-0005	-1.568384E+0002	-7.101030E+0001
 5.122560E-0001	 2.395304E+0002	-6.650000E-0005	-1.555533E+0002	-7.257585E+0001
 5.128448E-0001	 2.379648E+0002	-6.650000E-0005	-1.549021E+0002	-7.414140E+0001
 5.134336E-0001	 2.363992E+0002	-6.650000E-0005	-1.534502E+0002	-7.570698E+0001
 5.140224E-0001	 2.348337E+0002	-6.650000E-0005	-1.527264E+0002	-7.727252E+0001
 5.146112E-0001	 2.332681E+0002	-6.650000E-0005	-1.516509E+0002	-7.883807E+0001
 5.152000E-0001	 2.317026E+0002	-6.650000E-0005	-1.503087E+0002	-8.040365E+0001
 5.157888E-0001	 2.301370E+0002	-6.650000E-0005	-1.502301E+0002	-8.196920E+0001
 5.163776E-0001	 2.285715E+0002	-6.650000E-0005	-1.485338E+0002	-8.353475E+0001
 5.169664E-0001	 2.270059E+0002	-6.650000E-0005	-1.478343E+0002	-8.510033E+0001
 5.175552E-0001	 2.254403E+0002	-6.650000E-0005	-1.470677E+0002	-8.666587E+0001
 5.181440E-0001	 2.238748E+0002	-6.650000E-0005	-1.451782E+0002	-8.823142E+0001
 5.187328E-0001	 2.223092E+0002	-6.650000E-0005	-1.451452E+0002	-8.979700E+0001
 5.193216E-0001	 2.207437E+0002	-6.650000E-0005	-1.439017E+0002	-9.136255E+0001
 5.199104E-0001	 2.191781E+0002	-6.650000E-0005	-1.429074E+0002	-9.292809E+0001
 5.204992E-0001	 2.176125E+0002	-6.650000E-0005	-1.422595E+0002	-9.449368E+0001
 5.210880E-0001	 2.160470E+0002	-6.650000E-0005	-1.406133E+0002	-9.605922E+0001
 5.216768E-0001	 2.144814E+0002	-6.650000E-0005	-1.403105E+0002	-9.762477E+0001
 5.222656E-0001	 2.129159E+0002	-6.650000E-0005	-1.392571E+0002	-9.919035E+0001
 5.228544E-0001	 2.113503E+0002	-6.650000E-0005	-1.381690E+0002	-1.007559E+0002
 5.234432E-0001	 2.097848E+0002	-6.650000E-0005	-1.375331E+0002	-1.023214E+0002
 5.240320E-0001	 2.082192E+0002	-6.650000E-0005	-1.360777E+0002	-1.038870E+0002
 5.246208E-0001	 2.066536E+0002	-6.650000E-0005	-1.356691E+0002	-1.054525E+0002
 5.252096E-0001	 2.050881E+0002	-6.650000E-0005	-1.344337E+0002	-1.070181E+0002
 5.257984E-0001	 2.035225E+0002	-6.650000E-0005	-1.334993E+0002	-1.085837E+0002
 5.263872E-0001	 2.019570E+0002	-6.650000E-0005	-1.324745E+0002	-1.101492E+0002
 5.269760E-0001	 2.003914E+0002	-6.650000E-0005	-1.315291E+0002	-1.117147E+0002
 5.275648E-0001	 1.988258E+0002	-6.650000E-0005	-1.307593E+0002	-1.132803E+0002
 5.281536E-0001	 1.972603E+0002	-6.650000E-0005	-1.293442E+0002	-1.148459E+0002
 5.287424E-0001	 1.956947E+0002	-6.650000E-0005	-1.289615E+0002	-1.164114E+0002
 5.293312E-0001	 1.941292E+0002	-6.650000E-0005	-1.276954E+0002	-1.179770E+0002
 5.299200E-0001	 1.925636E+0002	-6.650000E-0005	-1.267223E+0002	-1.195425E+0002
 5.305088E-0001	 1.909981E+0002	-6.650000E-0005	-1.261555E+0002	-1.211081E+0002
 5.310976E-0001	 1.894325E+0002	-6.650000E-0005	-1.246909E+0002	-1.226736E+0002
 5.316864E-0001	 1.878669E+0002	-6.650000E-0005	-1.240107E+0002	-1.242392E+0002
 5.322752E-0001	 1.863014E+0002	-6.650000E-0005	-1.228726E+0002	-1.258048E+0002
 5.328640E-0001	 1.847358E+0002	-6.650000E-0005	-1.217152E+0002	-1.273703E+0002
 5.334528E-0001	 1.831703E+0002	-6.650000E-0005	-1.211791E+0002	-1.289359E+0002
 5.340416E-0001	 1.816047E+0002	-6.650000E-0005	-1.198263E+0002	-1.305015E+0002
 5.346304E-0001	 1.800392E+0002	-6.650000E-0005	-1.190265E+0002	-1.320670E+0002
 5.352192E-0001	 1.784736E+0002	-6.650000E-0005	-1.179794E+0002	-1.336326E+0002
 5.358080E-0001	 1.769080E+0002	-6.650000E-0005	-1.169094E+0002	-1.351982E+0002
 5.363968E-0001	 1.753425E+0002	-6.650000E-0005	-1.161229E+0002	-1.367637E+0002
 5.369856E-0001	 1.737769E+0002	-6.650000E-0005	-1.151325E+0002	-1.383293E+0002
 5.375744E-0001	 1.722114E+0002	-6.650000E-0005	-1.140667E+0002	-1.398948E+0002
 5.381632E-0001	 1.706458E+0002	-6.650000E-0005	-1.127593E+0002	-1.414604E+0002
 5.387520E-0001	 1.690802E+0002	-6.650000E-0005	-1.120773E+0002	-1.430260E+0002
 5.393408E-0001	 1.675147E+0002	-6.650000E-0005	-1.110597E+0002	-1.445915E+0002
 5.399296E-0001	 1.659492E+0002	-6.650000E-0005	-1.099924E+0002	-1.461571E+0002
 5.405184E-0001	 1.643836E+0002	-6.650000E-0005	-1.092442E+0002	-1.477226E+0002
 5.411072E-0001	 1.628180E+0002	-6.650000E-0005	-1.078206E+0002	-1.492882E+0002
 5.416960E-0001	 1.612525E+0002	-6.650000E-0005	-1.068742E+0002	-1.508537E+0002
 5.422848E-0001	 1.596869E+0002	-6.650000E-0005	-1.059876E+0002	-1.524193E+0002
 5.428736E-0001	 1.581213E+0002	-6.650000E-0005	-1.047767E+0002	-1.539849E+0002
 5.434624E-0001	 1.565558E+0002	-6.650000E-0005	-1.039849E+0002	-1.555504E+0002
 5.440512E-0001	 1.549902E+0002	-6.650000E-0005	-1.030472E+0002	-1.571160E+0002
 5.446400E-0001	 1.534247E+0002	-6.650000E-0005	-1.018329E+0002	-1.586815E+0002
 5.452288E-0001	 1.518591E+0002	-6.650000E-0005	-1.009491E+0002	-1.602471E+0002
 5.458176E-0001	 1.502935E+0002	-6.650000E-0005	-9.982359E+0001	-1.618127E+0002
 5.464064E-0001	 1.487280E+0002	-6.650000E-0005	-9.861736E+0001	-1.633782E+0002
 5.469952E-0001	 1.471625E+0002	-6.650000E-0005	-9.795886E+0001	-1.649438E+0002
 5.475840E-0001	 1.455969E+0002	-6.650000E-0005	-9.659456E+0001	-1.665093E+0002
 5.481728E-0001	 1.440313E+0002	-6.650000E-0005	-9.553600E+0001	-1.680749E+0002
 5.487616E-0001	 1.424658E+0002	-6.650000E-0005	-9.470673E+0001	-1.696404E+0002
 5.493504E-0001	 1.409002E+0002	-6.650000E-0005	-9.352005E+0001	-1.712060E+0002
 5.499392E-0001	 1.393347E+0002	-6.650000E-0005	-9.256145E+0001	-1.727716E+0002
 5.505280E-0001	 1.377691E+0002	-6.650000E-0005	-9.174592E+0001	-1.743371E+0002
 5.511168E-0001	 1.362036E+0002	-6.650000E-0005	-9.056320E+0001	-1.759027E+0002
 5.517056E-0001	 1.346380E+0002	-6.650000E-0005	-8.949079E+0001	-1.774682E+0002
 5.522944E-0001	 1.330724E+0002	-6.650000E-0005	-8.881797E+0001	-1.790338E+0002
 5.528832E-0001	 1.315069E+0002	-6.650000E-0005	-8.715502E+0001	-1.805993E+0002
 5.534720E-0001	 1.299413E+0002	-6.650000E-0005	-8.650181E+0001	-1.821649E+0002
 5.540608E-0001	 1.283758E+0002	-6.650000E-0005	-8.580904E+0001	-1.837305E+0002
 5.546496E-0001	 1.268102E+0002	-6.650000E-0005	-8.420212E+0001	-1.852960E+0002
 5.552384E-0001	 1.252446E+0002	-6.650000E-0005	-8.361268E+0001	-1.868616E+0002
 5.558272E-0001	 1.236790E+0002	-6.650000E-0005	-8.231342E+0001	-1.884271E+0002
 5.564160E-0001	 1.221135E+0002	-6.650000E-0005	-8.103604E+0001	-1.899927E+0002
 5.570048E-0001	 1.205479E+0002	-6.650000E-0005	-8.040814E+0001	-1.915583E+0002
 5.575936E-0001	 1.189824E+0002	-6.650000E-0005	-7.916514E+0001	-1.931238E+0002
 5.581824E-0001	 1.174168E+0002	-6.650000E-0005	-7.781143E+0001	-1.946894E+0002
 5.587712E-0001	 1.158512E+0002	-6.650000E-0005	-7.719744E+0001	-1.962549E+0002
 5.593600E-0001	 1.142857E+0002	-6.650000E-0005	-7.617861E+0001	-1.978205E+0002
 5.599488E-0001	 1.127201E+0002	-6.650000E-0005	-7.489181E+0001	-1.993860E+0002
 5.605376E-0001	 1.111546E+0002	-6.650000E-0005	-7.406295E+0001	-2.009516E+0002
 5.611264E-0001	 1.095890E+0002	-6.650000E-0005	-7.277399E+0001	-2.025172E+0002
 5.617152E-0001	 1.080235E+0002	-6.650000E-0005	-7.144727E+0001	-2.040827E+0002
 5.623040E-0001	 1.064579E+0002	-6.650000E-0005	-7.079389E+0001	-2.056483E+0002
 5.628928E-0001	 1.048923E+0002	-6.650000E-0005	-6.909120E+0001	-2.072138E+0002
 5.634816E-0001	 1.033268E+0002	-6.650000E-0005	-6.833437E+0001	-2.087794E+0002
 5.640704E-0001	 1.017612E+0002	-6.650000E-0005	-6.774917E+0001	-2.103450E+0002
 5.646592E-0001	 1.001957E+0002	-6.650000E-0005	-6.535505E+0001	-2.119105E+0002
 5.652480E-0001	 9.863016E+0001	-6.650000E-0005	-6.534912E+0001	-2.134760E+0002
 5.658368E-0001	 9.706458E+0001	-6.650000E-0005	-6.396980E+0001	-2.150416E+0002
 5.664256E-0001	 9.549904E+0001	-6.650000E-0005	-6.177728E+0001	-2.166072E+0002
 5.670144E-0001	 9.393349E+0001	-6.650000E-0005	-6.256023E+0001	-2.181727E+0002
 5.676032E-0001	 9.236794E+0001	-6.650000E-0005	-6.028584E+0001	-2.197383E+0002
 5.681920E-0001	 9.080236E+0001	-6.650000E-0005	-5.931508E+0001	-2.213039E+0002
 5.687808E-0001	 8.923681E+0001	-6.650000E-0005	-5.863296E+0001	-2.228694E+0002
 5.693696E-0001	 8.767127E+0001	-6.650000E-0005	-5.635991E+0001	-2.244349E+0002
 5.699584E-0001	 8.610569E+0001	-6.650000E-0005	-5.648814E+0001	-2.260005E+0002
 5.705472E-0001	 8.454014E+0001	-6.650000E-0005	-5.526813E+0001	-2.275661E+0002
 5.711360E-0001	 8.297459E+0001	-6.650000E-0005	-5.418432E+0001	-2.291316E+0002
 5.717248E-0001	 8.140901E+0001	-6.650000E-0005	-5.296925E+0001	-2.306972E+0002
 5.723136E-0001	 7.984347E+0001	-6.650000E-0005	-5.222370E+0001	-2.322627E+0002
 5.729024E-0001	 7.827792E+0001	-6.650000E-0005	-5.086749E+0001	-2.338283E+0002
 5.734912E-0001	 7.671234E+0001	-6.650000E-0005	-4.956858E+0001	-2.353939E+0002
 5.740800E-0001	 7.514679E+0001	-6.650000E-0005	-4.897216E+0001	-2.369594E+0002
 5.746688E-0001	 7.358124E+0001	-6.650000E-0005	-4.628299E+0001	-2.385250E+0002
 5.752576E-0001	 7.201566E+0001	-6.650000E-0005	-4.581655E+0001	-2.400905E+0002
 5.758464E-0001	 7.045012E+0001	-6.650000E-0005	-4.510318E+0001	-2.416561E+0002
 5.764352E-0001	 6.888457E+0001	-6.650000E-0005	-4.217850E+0001	-2.432216E+0002
 5.770240E-0001	 6.731899E+0001	-6.650000E-0005	-4.293713E+0001	-2.447872E+0002
 5.776128E-0001	 6.575344E+0001	-6.650000E-0005	-4.107025E+0001	-2.463528E+0002
 5.782016E-0001	 6.418790E+0001	-6.650000E-0005	-3.949509E+0001	-2.479183E+0002
 5.787904E-0001	 6.262231E+0001	-6.650000E-0005	-3.915723E+0001	-2.494839E+0002
 5.793792E-0001	 6.105677E+0001	-6.650000E-0005	-3.758033E+0001	-2.510494E+0002
 5.799680E-0001	 5.949122E+0001	-6.650000E-0005	-3.699252E+0001	-2.526150E+0002
 5.805568E-0001	 5.792564E+0001	-6.650000E-0005	-3.569617E+0001	-2.541806E+0002
 5.811456E-0001	 5.636009E+0001	-6.650000E-0005	-3.468660E+0001	-2.557461E+0002
 5.817344E-0001	 5.479455E+0001	-6.650000E-0005	-3.321565E+0001	-2.573117E+0002
 5.823232E-0001	 5.322897E+0001	-6.650000E-0005	-3.249099E+0001	-2.588772E+0002
 5.829120E-0001	 5.166342E+0001	-6.650000E-0005	-3.102481E+0001	-2.604428E+0002
 5.835008E-0001	 5.009787E+0001	-6.650000E-0005	-2.897518E+0001	-2.620083E+0002
 5.840896E-0001	 4.853229E+0001	-6.650000E-0005	-2.910370E+0001	-2.635739E+0002
 5.846784E-0001	 4.696674E+0001	-6.650000E-0005	-2.669666E+0001	-2.651395E+0002
 5.852672E-0001	 4.540120E+0001	-6.650000E-0005	-2.592477E+0001	-2.667050E+0002
 5.858560E-0001	 4.383565E+0001	-6.650000E-0005	-2.516404E+0001	-2.682706E+0002
 5.864448E-0001	 4.227007E+0001	-6.650000E-0005	-2.206824E+0001	-2.698361E+0002
 5.870336E-0001	 4.070452E+0001	-6.650000E-0005	-2.276893E+0001	-2.714017E+0002
 5.876224E-0001	 3.913898E+0001	-6.650000E-0005	-2.078516E+0001	-2.729672E+0002
 5.882112E-0001	 3.757340E+0001	-6.650000E-0005	-1.949434E+0001	-2.745328E+0002
 5.888000E-0001	 3.600785E+0001	-6.650000E-0005	-1.863901E+0001	-2.760984E+0002
 5.893888E-0001	 3.444230E+0001	-6.650000E-0005	-1.671214E+0001	-2.776639E+0002
 5.899776E-0001	 3.287672E+0001	-6.650000E-0005	-1.627520E+0001	-2.792295E+0002
 5.905664E-0001	 3.131117E+0001	-6.650000E-0005	-1.423592E+0001	-2.807950E+0002
 5.911552E-0001	 2.974563E+0001	-6.650000E-0005	-1.377582E+0001	-2.823606E+0002
 5.917440E-0001	 2.818005E+0001	-6.650000E-0005	-1.158417E+0001	-2.839262E+0002
 5.923328E-0001	 2.661450E+0001	-6.650000E-0005	-1.068631E+0001	-2.854917E+0002
 5.929216E-0001	 2.504895E+0001	-6.650000E-0005	-1.005981E+0001	-2.870573E+0002
 5.935104E-0001	 2.348337E+0001	-6.650000E-0005	-6.978900E+0000	-2.886228E+0002
 5.940992E-0001	 2.191783E+0001	-6.650000E-0005	-7.647700E+0000	-2.901884E+0002
 5.946880E-0001	 2.035228E+0001	-6.650000E-0005	-5.263650E+0000	-2.917539E+0002
 5.952768E-0001	 1.878670E+0001	-6.650000E-0005	-4.006980E+0000	-2.933195E+0002
 5.958656E-0001	 1.722115E+0001	-6.650000E-0005	-3.875950E+0000	-2.948851E+0002
 5.964544E-0001	 1.565560E+0001	-6.650000E-0005	 6.638000E-0002	-2.964506E+0002
 5.970432E-0001	 1.409002E+0001	-6.650000E-0005	-9.394000E-0001	-2.980162E+0002
 5.976320E-0001	 1.252447E+0001	-6.650000E-0005	 1.155080E+0000	-2.995817E+0002
 5.982208E-0001	 1.095893E+0001	-6.650000E-0005	 3.558450E+0000	-3.011473E+0002
 5.988096E-0001	 9.393349E+0000	-6.650000E-0005	 3.161300E+0000	-3.027129E+0002
 5.993984E-0001	 7.827802E+0000	-6.650000E-0005	 6.547250E+0000	-3.042784E+0002
 5.999872E-0001	 6.262256E+0000	-6.650000E-0005	 5.942450E+0000	-3.058440E+0002
 6.005760E-0001	 4.696674E+0000	-6.650000E-0005	 7.744000E+0000	-3.074095E+0002
 6.011648E-0001	 3.131128E+0000	-6.650000E-0005	 8.951970E+0000	-3.089751E+0002
 6.017536E-0001	 1.565582E+0000	-6.650000E-0005	 1.021614E+0001	-3.105406E+0002
 6.023424E-0001	 0.000000E+0000	-6.650000E-0005	 1.290705E+0001	-3.121062E+0002
