1205.5599911772	868.25
1206.75301393864	869.25
1207.94583983287	870.25
1209.13846889606	870.75
1210.3309011644	869.5
1211.52313667407	871.25
1212.71517546124	869.75
1213.90701756207	871
1215.09866301271	869.25
1216.29011184929	872.25
1217.48136410796	866.5
1218.67241982484	869
1219.86327903604	863.25
1221.05394177768	868.75
1222.24440808585	869
1223.43467799665	870
1224.62475154616	870
1225.81462877046	868.75
1227.00430970561	868
1228.19379438767	876
1229.38308285269	872
1230.57217513673	868.75
1231.76107127579	870.5
1232.94977130592	871.5
1234.13827526314	868.25
1235.32658318344	871.5
1236.51469510282	868.75
1237.70261105729	870.75
1238.89033108283	873.75
1240.07785521541	872.25
1241.26518349099	870.25
1242.45231594553	867.5
1243.639252615	871.25
1244.82599353532	870.75
1246.01253874243	870.75
1247.19888827226	872.25
1248.38504216072	867
1249.57100044373	868.5
1250.75676315718	871
1251.94233033696	867.75
1253.12770201896	869.75
1254.31287823906	869
1255.49785903312	871
1256.682644437	868.25
1257.86723448654	867.75
1259.05162921761	870.5
1260.23582866602	870.25
1261.41983286761	869.25
1262.60364185819	868.5
1263.78725567356	867
1264.97067434954	871.5
1266.15389792191	869.5
1267.33692642646	870.25
1268.51975989897	868.5
1269.7023983752	871.25
1270.88484189091	870.75
1272.06709048185	867.5
1273.24914418377	869
1274.43100303241	869
1275.61266706348	870.25
1276.7941363127	869
1277.9754108158	870.75
1279.15649060846	869.5
1280.33737572638	868.5
1281.51806620525	870.25
1282.69856208075	872.5
1283.87886338854	871
1285.05897016428	879.25
1286.23888244363	866.5
1287.41860026223	867
1288.59812365572	867
1289.77745265973	870.75
1290.95658730986	871
1292.13552764175	872.5
1293.31427369098	869.75
1294.49282549315	868.25
1295.67118308386	871.25
1296.84934649867	869
1298.02731577317	873.5
1299.2050909429	872.75
1300.38267204343	871.5
1301.5600591103	871.25
1302.73725217905	872
1303.91425128521	873.75
1305.09105646429	870.5
1306.26766775182	873.75
1307.4440851833	869.5
1308.62030879422	870.75
1309.79633862006	873.25
1310.97217469633	873
1312.14781705847	875.25
1313.32326574196	870.5
1314.49852078226	873
1315.6735822148	875
1316.84845007504	883.5
1318.0231243984	872.25
1319.1976052203	873.5
1320.37189257616	874
1321.54598650139	872.75
1322.71988703138	871.25
1323.89359420153	876.75
1325.06710804722	872.25
1326.24042860381	870.25
1327.41355590669	872
1328.5864899912	875.75
1329.75923089269	875.75
1330.93177864651	873.75
1332.10413328799	873
1333.27629485246	872
1334.44826337523	878
1335.62003889161	875.75
1336.79162143691	879.5
1337.96301104641	872.5
1339.1342077554	875.5
1340.30521159916	871.75
1341.47602261295	872.75
1342.64664083204	872.25
1343.81706629167	872.75
1344.98729902711	873
1346.15733907356	874
1347.32718646628	874.5
1348.49684124046	874.75
1349.66630343134	874.5
1350.83557307411	875
1352.00465020397	877
1353.1735348561	876.25
1354.34222706568	877
1355.51072686789	875.5
1356.67903429789	874.75
1357.84714939083	875.5
1359.01507218186	877
1360.18280270613	879.5
1361.35034099875	873.75
1362.51768709486	875.75
1363.68484102956	875.75
1364.85180283798	875.75
1366.01857255519	875.5
1367.1851502163	877.25
1368.35153585639	874
1369.51772951053	874.5
1370.68373121378	876.75
1371.84954100122	877.5
1373.01515890787	874.75
1374.18058496881	874.25
1375.34581921904	877.5
1376.5108616936	879.25
1377.67571242751	881
1378.84037145579	876.75
1380.00483881341	874.5
1381.1691145354	873.25
1382.33319865672	876
1383.49709121237	872.25
1384.6607922373	873.5
1385.82430176648	873.25
1386.98761983487	874.75
1388.15074647741	871
1389.31368172903	874.5
1390.47642562468	875.25
1391.63897819927	871.75
1392.80133948771	871
1393.96350952492	873
1395.12548834577	874.75
1396.28727598518	872.75
1397.44887247803	872.75
1398.61027785917	869.25
1399.77149216348	871.5
1400.93251542583	873.5
1402.09334768105	872.5
1403.25398896399	870.5
1404.41443930949	873.25
1405.57469875237	872.75
1406.73476732744	872.75
1407.89464506953	871.25
1409.05433201342	875.25
1410.21382819392	877.5
1411.37313364582	879.25
1412.53224840388	875.75
1413.69117250288	874.75
1414.84990597758	877
1416.00844886274	878
1417.16680119311	881.75
1418.32496300341	878.25
1419.48293432839	878.25
1420.64071520276	875
1421.79830566124	876.25
1422.95570573854	875.25
1424.11291546935	877
1425.26993488836	882
1426.42676403027	881.25
1427.58340292974	882.5
1428.73985162144	893.5
1429.89611014002	883.75
1431.05217852015	882.75
1432.20805679646	882
1433.36374500359	884.5
1434.51924317617	887.5
1435.67455134881	885.25
1436.82966955613	890.25
1437.98459783273	887
1439.13933621321	888.25
1440.29388473215	887
1441.44824342414	885
1442.60241232375	889.5
1443.75639146553	888.25
1444.91018088405	886.75
1446.06378061386	891.5
1447.21719068949	885.75
1448.37041114548	886.25
1449.52344201635	883.5
1450.67628333663	882.5
1451.82893514081	877.75
1452.9813974634	876.75
1454.13367033889	874.25
1455.28575380178	880.25
1456.43764788652	873.75
1457.58935262761	871.75
1458.74086805949	870.5
1459.89219421662	870.75
1461.04333113344	870
1462.1942788444	869.75
1463.34503738393	868.75
1464.49560678644	869.5
1465.64598708636	872.75
1466.79617831808	867.25
1467.94618051601	865.25
1469.09599371453	867.5
1470.24561794804	869.75
1471.3950532509	864
1472.54429965749	863
1473.69335720216	866.25
1474.84222591927	868
1475.99090584315	867
1477.13939700816	868.5
1478.2876994486	867.25
1479.4358131988	864.25
1480.58373829309	869
1481.73147476575	870.75
1482.8790226511	873.25
1484.0263819834	866.25
1485.17355279696	864
1486.32053512604	863.75
1487.46732900491	867
1488.61393446782	870
1489.76035154904	864.25
1490.90658028278	864.5
1492.0526207033	869.75
1493.19847284482	866.75
1494.34413674156	869.75
1495.48961242773	867.75
1496.63489993753	864.75
1497.77999930516	866
1498.9249105648	866.75
1500.06963375064	866
1501.21416889685	864.5
1502.35851603759	862.25
1503.50267520703	864.5
1504.6466464393	866
1505.79042976854	865
1506.9340252289	867.5
1508.0774328545	867.5
1509.22065267946	864
1510.36368473788	865.75
1511.50652906387	871.25
1512.64918569152	880
1513.79165465492	866.25
1514.93393598815	865
1516.07602972528	863.25
1517.21793590037	865.25
1518.35965454748	864.25
1519.50118570066	863
1520.64252939395	865.75
1521.78368566137	868.25
1522.92465453696	864.75
1524.06543605473	865.75
1525.2060302487	865.75
1526.34643715286	868.25
1527.4866568012	864
1528.62668922771	865.25
1529.76653446638	865
1530.90619255116	865.75
1532.04566351604	865.5
1533.18494739495	863.25
1534.32404422185	868.75
1535.46295403068	866
1536.60167685536	866.5
1537.74021272983	866.75
1538.87856168801	863.5
1540.01672376379	864.75
1541.15469899108	868.5
1542.29248740378	869.75
1543.43008903576	866.25
1544.56750392092	871.5
1545.70473209312	872
1546.84177358622	869
1547.97862843408	866.25
1549.11529667053	871
1550.25177832944	868
1551.38807344462	868
1552.52418204991	870.25
1553.66010417911	867.5
1554.79583986604	868.75
1555.9313891445	868
1557.06675204828	874.5
1558.20192861117	872.25
1559.33691886695	871.25
1560.47172284938	870.5
1561.60634059224	870
1562.74077212927	871.5
1563.87501749423	871.75
1565.00907672085	875
1566.14294984286	878.5
1567.276636894	880
1568.41013790798	879.5
1569.54345291851	880.5
1570.67658195929	883.25
1571.80952506401	893.75
1572.94228226636	887.5
1574.07485360003	898.5
1575.20723909867	899.5
1576.33943879597	916.25
1577.47145272556	922.5
1578.60328092111	933.75
1579.73492341624	931.75
1580.86638024461	942.25
1581.99765143982	943.75
1583.1287370355	941.75
1584.25963706526	938.5
1585.3903515627	932.5
1586.52088056141	923.75
1587.651224095	917.75
1588.78138219703	915.75
1589.91135490107	904.5
1591.04114224069	899
1592.17074424946	889
1593.30016096091	888
1594.4293924086	884.25
1595.55843862605	883
1596.68729964679	881
1597.81597550434	882.5
1598.94446623221	874.75
1600.07277186392	878.25
1601.20089243294	873.25
1602.32882797279	870.5
1603.45657851692	872
1604.58414409882	869.75
1605.71152475196	872
1606.83872050978	868.5
1607.96573140575	871.75
1609.09255747331	868.5
1610.2191987459	865.75
1611.34565525693	867.25
1612.47192703984	871.75
1613.59801412803	869.75
1614.72391655491	867.25
1615.84963435389	868
1616.97516755835	868.75
1618.10051620167	866
1619.22568031722	867.25
1620.35065993839	870.25
1621.47545509852	869
1622.60006583098	867
1623.7244921691	869
1624.84873414623	868.5
1625.97279179569	871.5
1627.09666515081	871.25
1628.2203542449	868.5
1629.34385911127	864
1630.46717978322	868.5
1631.59031629405	865.5
1632.71326867703	865.25
1633.83603696546	867
1634.95862119259	866.75
1636.08102139169	864
1637.20323759601	865
1638.32526983881	869.75
1639.44711815332	865.5
1640.56878257278	868.75
1641.6902631304	868.75
1642.81155985942	864.5
1643.93267279303	866.25
1645.05360196445	864.75
1646.17434740686	863.75
1647.29490915345	864
1648.41528723741	868.5
1649.53548169191	864.25
1650.65549255012	864.25
1651.77531984518	864.75
1652.89496361026	865
1654.01442387848	866
1655.133700683	865.75
1656.25279405694	868.25
1657.37170403341	869.25
1658.49043064553	864.5
1659.60897392641	869.5
1660.72733390915	864
1661.84551062683	866
1662.96350411254	865.25
1664.08131439936	866.25
1665.19894152034	868.5
1666.31638550856	864.5
1667.43364639706	864.5
1668.55072421891	864.75
1669.66761900711	863
1670.78433079473	865.25
1671.90085961477	865.5
1673.01720550025	862.5
1674.13336848418	863.25
1675.24934859957	863.75
1676.3651458794	864.5
1677.48076035666	865.25
1678.59619206433	864.75
1679.71144103539	863.75
1680.8265073028	865
1681.94139089951	862.25
1683.05609185847	865.75
1684.17061021263	864.25
1685.28494599492	863.75
1686.39909923827	865
1687.51306997559	868.75
1688.62685823981	866.25
1689.74046406382	866.25
1690.85388748052	862.75
1691.96712852281	864
1693.08018722356	866.5
1694.19306361564	866.25
1695.30575773194	867.25
1696.41826960531	866
1697.5305992686	864.75
1698.64274675465	863.5
1699.75471209631	864
1700.86649532642	864.25
1701.97809647778	866
1703.08951558321	865.25
1704.20075267554	865.25
1705.31180778755	868.25
1706.42268095205	866.25
1707.53337220181	868.5
1708.64388156962	867
1709.75420908825	869.75
1710.86435479047	871.5
1711.97431870903	869
1713.08410087668	866.25
1714.19370132617	867
1715.30312009023	865.5
1716.41235720158	868.5
1717.52141269295	868.75
1718.63028659706	865.75
1719.73897894661	867
1720.84748977429	867.25
1721.9558191128	869.75
1723.06396699482	864.5
1724.17193345303	864.75
1725.2797185201	867.75
1726.38732222869	867.25
1727.49474461145	868
1728.60198570104	871
1729.70904553008	871
1730.81592413122	868.5
1731.92262153708	868.25
1733.02913778027	873.25
1734.13547289342	869
1735.24162690912	866.75
1736.34759985996	867.75
1737.45339177854	868.25
1738.55900269743	868.5
1739.66443264922	867.75
1740.76968166647	866
1741.87474978174	867
1742.97963702757	866
1744.08434343652	866.25
1745.18886904113	864.25
1746.29321387391	864.5
1747.39737796741	866.25
1748.50136135412	864.25
1749.60516406657	863.75
1750.70878613725	865.5
1751.81222759865	863.25
1752.91548848327	863
1754.01856882358	862
1755.12146865205	861.5
1756.22418800115	862.5
1757.32672690333	864.5
1758.42908539106	862.5
1759.53126349676	862.5
1760.63326125288	867.5
1761.73507869184	863
1762.83671584607	861.75
1763.93817274797	860.25
1765.03944942997	861.75
1766.14054592445	861.5
1767.2414622638	869.5
1768.34219848042	861.25
1769.44275460668	863.75
1770.54313067495	860.5
1771.6433267176	862.75
1772.74334276697	873.25
1773.84317885542	863.25
1774.9428350153	863.25
1776.04231127892	864.75
1777.14160767864	862.75
1778.24072424675	866
1779.33966101558	864
1780.43841801742	862
1781.53699528459	862.75
1782.63539284936	862.5
1783.73361074403	865.75
1784.83164900086	868.25
1785.92950765214	878.5
1787.02718673012	863
1788.12468626705	860.75
1789.22200629518	862.5
1790.31914684676	862.5
1791.41610795402	862.75
1792.51288964918	863.5
1793.60949196446	862.25
1794.70591493207	864.75
1795.80215858423	861.75
1796.89822295312	862
1797.99410807093	869.5
1799.08981396985	862.25
1800.18534068207	860.25
1801.28068823973	864.25
1802.375856675	861.5
1803.47084602005	862.75
1804.56565630701	864.75
1805.66028756802	862.5
1806.75473983523	862.75
1807.84901314074	862.25
1808.9431075167	860.25
1810.03702299519	863.75
1811.13075960833	860.5
1812.22431738821	863.25
1813.31769636693	866.75
1814.41089657656	862.25
1815.50391804919	862.75
1816.59676081688	864.25
1817.68942491168	861.75
1818.78191036567	861.75
1819.87421721087	864.25
1820.96634547933	862
1822.05829520309	861
1823.15006641417	863.5
1824.24165914458	860.75
1825.33307342635	862.25
1826.42430929146	863.25
1827.51536677193	867.25
1828.60624589973	863
1829.69694670686	864.5
1830.78746922528	862
1831.87781348696	863.25
1832.96797952388	863
1834.05796736797	862
1835.14777705119	864.5
1836.23740860548	863.5
1837.32686206276	862.5
1838.41613745497	861.25
1839.50523481403	862.25
1840.59415417184	861.25
1841.68289556031	861.75
1842.77145901133	861
1843.8598445568	863
1844.94805222861	865
1846.03608205861	863.5
1847.12393407869	860.75
1848.21160832071	859.75
1849.29910481652	862.5
1850.38642359796	862.25
1851.47356469689	867
1852.56052814512	860.75
1853.64731397449	863.75
1854.73392221683	863.75
1855.82035290392	861
1856.9066060676	861.75
1857.99268173964	866.25
1859.07857995185	864.25
1860.164300736	861.75
1861.24984412388	866.25
1862.33521014725	862.5
1863.42039883788	863.75
1864.50541022752	862
1865.59024434791	862.75
1866.67490123081	861.25
1867.75938090794	868.25
1868.84368341104	865
1869.92780877182	863.75
1871.01175702199	862
1872.09552819327	863.5
1873.17912231734	866
1874.26253942592	862.5
1875.34577955067	862.5
1876.42884272328	862.75
1877.51172897541	865.75
1878.59443833873	864.25
1879.67697084491	863
1880.75932652558	865.25
1881.84150541239	865.25
1882.92350753698	865.5
1884.00533293097	863.75
1885.08698162599	864.5
1886.16845365366	864.25
1887.24974904557	862.25
1888.33086783333	863.5
1889.41181004854	862.75
1890.49257572278	865.5
1891.57316488763	863.5
1892.65357757466	863.5
1893.73381381543	863.5
1894.81387364152	867.25
1895.89375708447	863
1896.97346417582	864
1898.05299494711	863
1899.13234942987	864
1900.21152765563	864.25
1901.29052965589	867
1902.36935546219	864.25
1903.448005106	866.5
1904.52647861884	865.5
1905.60477603218	865.25
1906.68289737752	865.25
1907.76084268632	862
1908.83861199005	865
1909.91620532018	864.25
1910.99362270815	865.25
1912.07086418542	863.25
1913.14792978343	867.75
1914.2248195336	864.5
1915.30153346737	863.75
1916.37807161614	864.5
1917.45443401134	866.5
1918.53062068437	863.25
1919.60663166663	864.75
1920.68246698951	864.25
1921.75812668439	865
1922.83361078265	865
1923.90891931567	862.75
1924.98405231479	864.5
1926.05900981139	862.5
1927.1337918368	867.25
1928.20839842238	864
1929.28282959945	864.75
1930.35708539936	865.25
1931.4311658534	865.75
1932.50507099292	866.75
1933.5788008492	863.5
1934.65235545356	864.25
1935.72573483728	865.25
1936.79893903166	865.5
1937.87196806797	867.5
1938.94482197748	866.5
1940.01750079147	867
1941.09000454119	866
1942.16233325789	864.75
1943.23448697283	869.5
1944.30646571723	865.75
1945.37826952233	866
1946.44989841936	866.25
1947.52135243954	866.5
1948.59263161406	871.5
1949.66373597415	866.5
1950.73466555099	867.75
1951.80542037578	868.75
1952.8760004797	867
1953.94640589393	868.25
1955.01663664963	865.75
1956.08669277797	863.75
1957.1565743101	866
1958.22628127718	863.25
1959.29581371034	865.25
1960.36517164073	864.25
1961.43435509946	869.75
1962.50336411767	867
1963.57219872646	866.75
1964.64085895694	867.75
1965.70934484022	865.5
1966.77765640739	865
1967.84579368953	871
1968.91375671773	868.5
1969.98154552306	862.5
1971.04916013658	868
1972.11660058936	863.5
1973.18386691245	867
1974.25095913689	866.5
1975.31787729373	867
1976.38462141399	870.5
1977.45119152871	866.75
1978.51758766889	867.25
1979.58380986556	868
1980.64985814971	870.5
1981.71573255234	863
1982.78143310445	863.25
1983.84695983703	866
1984.91231278104	868.25
1985.97749196746	865.5
1987.04249742725	866
1988.10732919137	865
1989.17198729078	868.5
1990.2364717564	866.75
1991.30078261919	866.5
1992.36491991007	867.75
1993.42888365996	866.25
1994.49267389977	867.5
1995.55629066043	865.75
1996.61973397283	866.75
1997.68300386786	866.25
1998.74610037642	863
1999.80902352939	865.25
2000.87177335764	864
2001.93434989204	865.25
2002.99675316346	865.25
2004.05898320274	864
2005.12104004074	866.25
2006.1829237083	864.25
2007.24463423625	868
2008.30617165542	868.5
2009.36753599663	867.5
2010.4287272907	866
2011.48974556843	865.5
2012.55059086062	864
2013.61126319807	865.75
2014.67176261156	865.75
2015.73208913188	864.5
2016.79224278979	870
2017.85222361607	864
2018.91203164148	866.75
2019.97166689676	866
2021.03112941266	866
2022.09041921993	867.25
2023.1495363493	865
2024.20848083148	865.75
2025.26725269721	866.25
2026.3258519772	864.75
2027.38427870214	866.25
2028.44253290275	866.5
2029.5006146097	865.5
2030.5585238537	865.75
2031.61626066541	864
2032.67382507551	866.25
2033.73121711466	862.75
2034.78843681353	868.5
2035.84548420276	864.25
2036.902359313	867
2037.95906217489	862.75
2039.01559281905	864
2040.07195127613	862.75
2041.12813757672	865
2042.18415175145	868.75
2043.23999383092	864.5
2044.29566384573	865
2045.35116182646	865.25
2046.40648780371	866.5
2047.46164180805	866.75
2048.51662387005	863.25
2049.57143402028	863.25
2050.62607228929	862.25
2051.68053870764	862.75
2052.73483330587	866.25
2053.78895611451	865
2054.84290716411	864
2055.89668648518	868.75
2056.95029410824	864.75
2058.00373006379	866.25
2059.05699438236	864.25
2060.11008709443	869
2061.16300823049	866
2062.21575782102	866.25
2063.26833589652	867
2064.32074248743	866.5
2065.37297762424	864.5
2066.42504133739	862.25
2067.47693365735	867.25
2068.52865461454	866.75
2069.58020423941	865
2070.63158256239	866.25
2071.68278961391	865.75
2072.73382542437	865.25
2073.7846900242	865.75
2074.83538344379	866.75
2075.88590571355	869.25
2076.93625686386	867.25
2077.9864369251	865.25
2079.03644592766	864.25
2080.0862839019	865
2081.13595087819	864.5
2082.18544688689	864.75
2083.23477195835	864.25
2084.2839261229	861.75
2085.3329094109	863.25
2086.38172185266	863
2087.43036347851	866.25
2088.47883431878	865.25
2089.52713440377	865
2090.57526376378	862.5
2091.62322242911	867
2092.67101043006	866.75
2093.71862779691	865
2094.76607455994	865.75
2095.81335074941	869.25
2096.86045639559	872.5
2097.90739152874	865.75
2098.95415617911	866.5
2100.00075037694	866
2101.04717415248	865
2102.09342753595	865
2103.13951055758	864.75
2104.18542324758	866
2105.23116563618	867
2106.27673775356	863
2107.32213962994	866.75
2108.3673712955	865.5
2109.41243278042	868
2110.4573241149	866
2111.50204532908	861
2112.54659645316	867.25
2113.59097751727	867
2114.63518855158	863
2115.67922958622	865.25
2116.72310065135	866
2117.76680177708	864.5
2118.81033299355	865.75
2119.85369433087	867.5
2120.89688581917	867.75
2121.93990748853	869.25
2122.98275936907	870.75
2124.02544149087	870
2125.06795388403	866.25
2126.11029657861	865.75
2127.1524696047	867.75
2128.19447299236	866.75
2129.23630677165	868.25
2130.27797097263	867.75
2131.31946562534	867.25
2132.36079075981	866.75
2133.40194640609	865.75
2134.4429325942	870.25
2135.48374935417	868.75
2136.524396716	868.25
2137.5648747097	866.25
2138.60518336528	866.25
2139.64532271273	865
2140.68529278203	867.75
2141.72509360318	865.5
2142.76472520613	868.25
2143.80418762087	870
2144.84348087734	865
2145.88260500552	866.5
2146.92156003534	872.75
2147.96034599675	869.75
2148.99896291968	869.25
2150.03741083407	870
2151.07568976983	867.25
2152.11379975688	867
2153.15174082513	864
2154.18951300449	864
2155.22711632484	869.25
2156.26455081609	868.5
2157.3018165081	867.5
2158.33891343077	869.5
2159.37584161395	869.25
2160.41260108752	868.75
2161.44919188133	874
2162.48561402524	869.75
2163.52186754907	865.5
2164.55795248268	869.75
2165.5938688559	866.25
2166.62961669854	867.25
2167.66519604043	868
2168.70060691139	869.5
2169.7358493412	869.25
2170.77092335968	875.5
2171.80582899662	868
2172.8405662818	867.25
2173.875135245	868.5
2174.90953591599	869.5
2175.94376832454	867.5
2176.97783250042	869.75
2178.01172847336	870.25
2179.04545627313	870.5
2180.07901592946	869.75
2181.11240747208	868.25
2182.14563093072	871.5
2183.17868633511	867.5
2184.21157371496	869.25
2185.24429309997	869.25
2186.27684451984	872
2187.30922800429	868
2188.34144358298	870
2189.3734912856	867.25
2190.40537114184	867.5
2191.43708318135	867.25
2192.46862743381	867.5
2193.50000392886	868.75
2194.53121269616	869.5
2195.56225376535	869
2196.59312716608	870.25
2197.62383292796	870.25
2198.65437108062	869.5
2199.68474165369	868
2200.71494467676	867.5
2201.74498017946	867.5
2202.77484819137	869.75
2203.80454874209	874.75
2204.8340818612	867.25
2205.86344757828	869.75
2206.89264592291	870.25
2207.92167692466	869.25
2208.95054061307	866.5
2209.97923701771	870.25
2211.00776616812	870.25
2212.03612809384	869
2213.06432282441	870
2214.09235038935	872.75
2215.1202108182	872.25
2216.14790414045	868.75
2217.17543038562	869.75
2218.20278958321	868.25
2219.22998176272	870.25
2220.25700695364	872.25
2221.28386518545	871.25
2222.31055648763	867.75
2223.33708088964	869.75
2224.36343842095	869.25
2225.38962911102	868.75
2226.41565298929	871.25
2227.44151008522	872.25
2228.46720042825	873.5
2229.4927240478	870.75
2230.51808097329	872.5
2231.54327123415	869.25
2232.5682948598	870.25
2233.59315187963	869.5
2234.61784232304	870
2235.64236621944	870.75
2236.66672359821	874.75
2237.69091448872	869
2238.71493892035	875
2239.73879692248	870.75
2240.76248852446	870.25
2241.78601375565	872.75
2242.80937264539	870.5
2243.83256522303	869.5
2244.85559151791	870.75
2245.87845155935	871
2246.90114537669	871
2247.92367299922	869.25
2248.94603445628	868.75
2249.96822977716	872
2250.99025899115	871.5
2252.01212212756	870.5
2253.03381921566	870
2254.05535028474	870.75
2255.07671536407	872.25
2256.09791448292	871.5
2257.11894767054	871.5
2258.13981495619	868.75
2259.16051636911	867.75
2260.18105193855	872
2261.20142169375	870.25
2262.22162566392	875.75
2263.2416638783	874.25
2264.2615363661	869
2265.28124315652	875.5
2266.30078427877	869.75
2267.32015976206	871
2268.33936963556	870.75
2269.35841392846	870
2270.37729266995	869.5
2271.39600588918	872.5
2272.41455361533	869.75
2273.43293587756	872
2274.45115270502	869.25
2275.46920412686	871.75
2276.4870901722	870.5
2277.5048108702	868.5
2278.52236624997	871.5
2279.53975634064	875.25
2280.55698117133	871.25
2281.57404077113	873
2282.59093516916	872
2283.60766439451	871.5
2284.62422847626	875.5
2285.64062744351	869.25
2286.65686132532	871.5
2287.67293015078	873
2288.68883394894	871.75
2289.70457274886	871
2290.7201465796	868.25
2291.7355554702	873.25
2292.7507994497	873.75
2293.76587854713	872.5
2294.78079279152	871
2295.79554221189	866.75
2296.81012683726	870.5
2297.82454669663	870
2298.838801819	868.25
2299.85289223338	869.5
2300.86681796874	871
2301.88057905408	873.75
2302.89417551837	876.25
2303.90760739057	874.75
2304.92087469967	872
2305.9339774746	873
2306.94691574433	870
2307.9596895378	874.5
2308.97229888394	872.5
2309.9847438117	869.75
2310.99702435	872.75
2312.00914052776	870.75
2313.02109237388	871
2314.0328799173	870.75
2315.0445031869	872
2316.05596221157	871
2317.06725702022	872.5
2318.07838764171	872.25
2319.08935410494	875
2320.10015643876	875
2321.11079467205	875.75
2322.12126883366	878
2323.13157895245	872.75
2324.14172505725	873
2325.15170717692	872.5
2326.16152534028	872.75
2327.17117957616	875.75
2328.18066991338	878.5
2329.18999638076	873.25
2330.1991590071	871.75
2331.20815782121	871.75
2332.21699285188	874
2333.22566412791	878
2334.23417167807	873.5
2335.24251553115	874.25
2336.25069571591	871
2337.25871226112	872.75
2338.26656519555	871.75
2339.27425454793	875
2340.28178034703	873.75
2341.28914262158	873
2342.2963414003	876.75
2343.30337671194	871.25
2344.31024858522	874.25
2345.31695704884	874.25
2346.32350213153	874.5
2347.32988386197	872.75
2348.33610226888	870.75
2349.34215738093	872.25
2350.34804922682	879.75
2351.35377783523	873.25
2352.35934323481	871
2353.36474545426	874.25
2354.36998452221	875.25
2355.37506046733	879.5
2356.37997331827	874.5
2357.38472310366	871.5
2358.38930985214	876.75
2359.39373359234	875
2360.39799435289	877.5
2361.40209216239	871.5
2362.40602704947	873
2363.40979904272	873.25
2364.41340817075	871.75
2365.41685446215	878.25
2366.4201379455	873.75
2367.42325864938	874.5
2368.42621660237	876.25
2369.42901183303	876.25
2370.43164436994	870
2371.43411424163	879
2372.43642147667	873.75
2373.43856610359	872.25
2374.44054815093	871
2375.44236764723	873.75
2376.44402462101	875
2377.44551910078	877.5
2378.44685111506	872
2379.44802069236	873.5
2380.44902786118	880.25
2381.44987265	883.25
2382.45055508733	875.75
2383.45107520164	877
2384.4514330214	876.75
2385.45162857509	875.5
2386.45166189117	872.5
2387.4515329981	874.25
2388.45124192433	878.5
2389.45078869831	879.5
2390.45017334847	873.25
2391.44939590325	875.25
2392.44845639107	878.25
2393.44735484036	874.5
2394.44609127953	876.5
2395.44466573698	875.5
2396.44307824114	875.75
2397.44132882037	876.25
2398.4394175031	874.5
2399.43734431768	878.25
2400.4351092925	879
2401.43271245594	877.75
2402.43015383637	876.25
2403.42743346213	877.25
2404.42455136158	874.5
2405.42150756309	874
2406.41830209497	873.25
2407.41493498558	874
2408.41140626323	876.5
2409.40771595626	880.5
2410.40386409299	877.75
2411.39985070171	876.5
2412.39567581075	877.5
2413.39133944839	876.25
2414.38684164293	877
2415.38218242267	883.25
2416.37736181587	878
2417.37237985082	879.75
2418.36723655578	880.75
2419.36193195902	878.5
2420.3564660888	877.25
2421.35083897336	882
2422.34505064095	881.75
2423.33910111981	878.5
2424.33299043818	879.75
2425.32671862427	882.25
2426.32028570631	878.75
2427.31369171252	879.75
2428.3069366711	880.75
2429.30002061025	882.25
2430.29294355818	879.5
2431.28570554307	880.25
2432.2783065931	881.5
2433.27074673647	881.25
2434.26302600133	879.25
2435.25514441586	882.25
2436.24710200821	879
2437.23889880654	882.75
2438.23053483901	882
2439.22201013374	883.5
2440.21332471888	886
2441.20447862255	887
2442.19547187289	888
2443.18630449801	888.25
2444.17697652602	887.5
2445.16748798503	892
2446.15783890314	897.25
2447.14802930844	885.5
2448.13805922902	888.75
2449.12792869297	893.75
2450.11763772835	889.75
2451.10718636325	893
2452.09657462572	891.75
2453.08580254383	895.25
2454.07487014561	897.75
2455.06377745914	895
2456.05252451243	899.25
2457.04111133353	895.75
2458.02953795047	894.5
2459.01780439126	893.5
2460.00591068392	893.5
2460.99385685647	892.5
2461.98164293691	890.5
2462.96926895323	889.75
2463.95673493344	896
2464.9440409055	888.25
2465.93118689742	892.5
2466.91817293715	894.75
2467.90499905268	884.75
2468.89166527195	892
2469.87817162294	890
2470.86451813358	891.25
2471.85070483183	888
2472.83673174562	893
2473.82259890289	887.75
2474.80830633156	888.75
2475.79385405955	888.75
2476.77924211478	884.25
2477.76447052516	891.75
2478.74953931858	886
2479.73444852296	885
2480.71919816617	889.5
2481.70378827611	887.25
2482.68821888065	888.5
2483.67249000766	888
2484.65660168502	889
2485.64055394059	886.75
2486.62434680221	887
2487.60798029775	884.75
2488.59145445503	887.25
2489.57476930191	886.75
2490.55792486621	883
2491.54092117576	884.5
2492.52375825838	886.25
2493.50643614189	885.25
2494.48895485408	887.5
2495.47131442277	889
2496.45351487574	881.5
2497.43555624079	887
2498.41743854571	889
2499.39916181827	886.25
2500.38072608625	890
2501.3621313774	887.5
2502.3433777195	885.75
2503.32446514029	890.25
2504.30539366754	891.5
2505.28616332896	886.75
2506.26677415232	890.5
2507.24722616533	882.75
2508.22751939572	887.75
2509.20765387122	889.75
2510.18762961953	884.75
2511.16744666836	887.25
2512.14710504542	892.25
2513.12660477839	890.5
2514.10594589498	888
2515.08512842286	889
2516.06415238971	891.25
2517.04301782321	884.5
2518.02172475102	887
2519.0002732008	884.25
2519.9786632002	894.25
2520.95689477688	890
2521.93496795848	888.5
2522.91288277263	891.5
2523.89063924697	888.25
2524.86823740912	890.25
2525.8456772867	887.25
2526.82295890731	887.25
2527.80008229859	885.75
2528.77704748811	889.75
2529.75385450349	886.5
2530.7305033723	887.25
2531.70699412213	886.25
2532.68332678057	888
2533.65950137518	889.75
2534.63551793353	892.25
2535.61137648318	887.25
2536.58707705169	892.5
2537.5626196666	887.25
2538.53800435546	886.75
2539.51323114581	886.75
2540.48830006517	890.25
2541.46321114107	890.25
2542.43796440104	889
2543.41255987258	887.5
2544.38699758321	888
2545.36127756042	893
2546.33539983172	890
2547.30936442459	889.75
2548.28317136652	890
2549.25682068499	890
2550.23031240746	887.75
2551.20364656141	883.25
2552.17682317431	890.25
2553.1498422736	892.25
2554.12270388673	889.5
2555.09540804115	886
2556.0679547643	892.5
2557.0403440836	887.5
2558.01257602649	887
2558.98465062039	888.75
2559.95656789271	885
2560.92832787086	887
2561.89993058224	887.75
2562.87137605426	882
2563.84266431429	887.75
2564.81379538974	890.25
2565.78476930797	888.25
2566.75558609637	894.5
2567.7262457823	889
2568.69674839312	893
2569.66709395619	895.25
2570.63728249886	888.5
2571.60731404848	888.25
2572.57718863239	889.25
2573.54690627792	885.25
2574.51646701239	892.5
2575.48587086314	890.75
2576.45511785747	887.75
2577.4242080227	884.5
2578.39314138613	889.25
2579.36191797506	889.25
2580.33053781679	894.75
2581.29900093859	894
2582.26730736776	886.5
2583.23545713157	891.25
2584.20345025729	888.25
2585.17128677218	888.5
2586.1389667035	890.5
2587.1064900785	891.75
2588.07385692444	888.5
2589.04106726855	889.75
2590.00812113807	891
2590.97501856023	889.5
2591.94175956224	890
2592.90834417134	890.5
2593.87477241473	891.5
2594.84104431962	891.5
2595.80715991321	890.5
2596.7731192227	890.25
2597.73892227527	888.75
2598.70456909811	889
2599.67005971839	889
2600.63539416329	893.5
2601.60057245998	891.25
2602.56559463562	896.25
2603.53046071735	894.75
2604.49517073233	894.5
2605.45972470771	899.75
2606.42412267062	892.5
2607.38836464819	896
2608.35245066755	895.5
2609.31638075582	896.75
2610.28015494012	896.25
2611.24377324755	898.75
2612.20723570521	892.25
2613.17054234021	891.25
2614.13369317964	896
2615.09668825058	894.5
2616.05952758012	896.5
2617.02221119532	900.75
2617.98473912326	895.75
2618.947111391	890.75
2619.9093280256	897.75
2620.87138905411	905.25
2621.83329450357	898.25
2622.79504440103	902.75
2623.75663877352	899.75
2624.71807764808	900
2625.67936105171	897.75
2626.64048901145	904
2627.6014615543	910.5
2628.56227870727	908.5
2629.52294049736	905.25
2630.48344695157	907.75
2631.44379809688	909.25
2632.40399396028	910.5
2633.36403456875	909.75
2634.32391994925	912.5
2635.28365012876	912.75
2636.24322513423	910.25
2637.20264499262	922.25
2638.16190973088	920.25
2639.12101937595	924
2640.07997395477	920.75
2641.03877349428	919.5
2641.9974180214	922.75
2642.95590756305	927
2643.91424214614	926
2644.87242179759	925.25
2645.8304465443	929.5
2646.78831641316	925.75
2647.74603143108	929.75
2648.70359162494	929.75
2649.66099702161	932.5
2650.61824764798	935.75
2651.57534353091	936.5
2652.53228469727	931.5
2653.48907117392	932.75
2654.4457029877	937.75
2655.40218016548	932.25
2656.35850273409	934.5
2657.31467072036	937.25
2658.27068415112	936.75
2659.22654305321	940
2660.18224745343	942.25
2661.13779737861	940
2662.09319285555	939.25
2663.04843391105	941
2664.00352057191	946.25
2664.95845286492	952.25
2665.91323081686	955.25
2666.86785445452	965
2667.82232380467	965.5
2668.77663889408	968.5
2669.7307997495	983.25
2670.6848063977	979.75
2671.63865886543	981.75
2672.59235717944	997
2673.54590136646	992.5
2674.49929145323	993
2675.45252746647	1005
2676.40560943292	1010
2677.35853737928	1019.75
2678.31131133228	1026.5
2679.26393131861	1030.5
2680.21639736498	1029.5
2681.16870949808	1041.25
2682.12086774461	1030.75
2683.07287213124	1047.25
2684.02472268467	1053.25
2684.97641943154	1041.5
2685.92796239854	1059.5
2686.87935161233	1055
2687.83058709957	1046
2688.78166888689	1041.5
2689.73259700095	1042.25
2690.68337146839	1044.25
2691.63399231585	1044.75
2692.58445956994	1048.75
2693.53477325729	1055.5
2694.48493340452	1050
2695.43494003824	1056
2696.38479318505	1048.25
2697.33449287156	1040.25
2698.28403912435	1045
2699.23343197003	1046.5
2700.18267143517	1046.25
2701.13175754635	1048
2702.08069033013	1048
2703.0294698131	1053.5
2703.97809602181	1052.25
2704.92656898281	1044.75
2705.87488872265	1035.5
2706.82305526788	1035.75
2707.77106864504	1028.75
2708.71892888066	1027
2709.66663600127	1028.5
2710.61419003339	1029
2711.56159100353	1025.25
2712.50883893821	1015
2713.45593386394	1019
2714.4028758072	1008
2715.3496647945	1007.5
2716.29630085233	994.75
2717.24278400717	997
2718.18911428549	985
2719.13529171377	987
2720.08131631847	983.25
2721.02718812607	976.5
2721.97290716299	982.25
2722.91847345571	970.75
2723.86388703067	977.5
2724.8091479143	966.5
2725.75425613303	964.25
2726.6992117133	960.5
2727.64401468153	954
2728.58866506412	947
2729.5331628875	949.25
2730.47750817807	950.5
2731.42170096223	939.25
2732.36574126638	939.25
2733.3096291169	931.75
2734.25336454017	931.25
2735.19694756257	933.75
2736.14037821049	926.75
2737.08365651027	924
2738.02678248829	921
2738.9697561709	925
2739.91257758445	917.75
2740.85524675529	920.5
2741.79776370975	915.75
2742.74012847417	915.75
2743.68234107487	914.25
2744.62440153819	910.25
2745.56630989043	912
2746.5080661579	917.75
2747.44967036693	911.5
2748.39112254379	910.75
2749.3324227148	906
2750.27357090623	916.5
2751.21456714439	913.5
2752.15541145553	912.5
2753.09610386594	909.5
2754.03664440188	907.5
2754.97703308962	917.5
2755.91726995541	908.5
2756.8573550255	909.25
2757.79728832614	904.5
2758.73706988357	904.75
2759.67669972403	906.75
2760.61617787374	906
2761.55550435893	909.5
2762.49467920581	904
2763.4337024406	906
2764.3725740895	902.25
2765.31129417873	903.75
2766.24986273447	906
2767.18827978291	903.75
2768.12654535024	906.25
2769.06465946265	905
2770.0026221463	904
2770.94043342736	905.5
2771.878093332	904.25
2772.81560188638	903.5
2773.75295911664	906
2774.69016504895	908.75
2775.62721970942	904
2776.56412312421	905.75
2777.50087531945	902.5
2778.43747632125	897.5
2779.37392615575	901.5
2780.31022484905	906
2781.24637242726	904.75
2782.18236891649	899.75
2783.11821434284	905.75
2784.05390873239	901
2784.98945211124	902.25
2785.92484450546	901
2786.86008594114	901.75
2787.79517644434	906.75
2788.73011604113	904.75
2789.66490475757	908.5
2790.59954261971	905.75
2791.53402965361	906.25
2792.4683658853	905
2793.40255134083	907
2794.33658604623	904
2795.27047002752	904.5
2796.20420331073	908.25
2797.13778592187	907.75
2798.07121788696	902.75
2799.004499232	906
2799.93762998299	913
2800.87061016593	903.25
2801.8034398068	910.25
2802.7361189316	908.75
2803.66864756629	907.75
2804.60102573685	913.5
2805.53325346925	907.5
2806.46533078946	908.75
2807.39725772342	909
2808.3290342971	911.75
2809.26066053643	909.5
2810.19213646736	911.25
2811.12346211582	913.5
2812.05463750774	917.75
2812.98566266905	909
2813.91653762567	912
2814.84726240351	911.25
2815.77783702848	915.25
2816.70826152648	917
2817.63853592341	914.25
2818.56866024516	916.25
2819.49863451762	915.5
2820.42845876667	923
2821.35813301819	914.5
2822.28765729804	922.5
2823.2170316321	922
2824.14625604621	924.75
2825.07533056625	922.75
2826.00425521805	924.75
2826.93303002745	919.5
2827.86165502031	923.25
2828.79013022245	924.5
2829.7184556597	919.75
2830.64663135788	922.75
2831.5746573428	921.5
2832.50253364028	930.25
2833.43026027613	922
2834.35783727615	919
2835.28526466613	927.5
2836.21254247186	926.5
2837.13967071913	934
2838.06664943371	927.5
2838.99347864138	928
2839.92015836791	926.25
2840.84668863907	933.75
2841.7730694806	931.5
2842.69930091826	935.75
2843.62538297781	931.5
2844.55131568498	936.5
2845.4770990655	939.5
2846.40273314511	941.5
2847.32821794954	937.75
2848.25355350451	938
2849.17873983572	943.25
2850.1037769689	947
2851.02866492974	943
2851.95340374395	943.5
2852.87799343721	945.75
2853.80243403522	945
2854.72672556366	951.25
2855.65086804821	951.25
2856.57486151453	948.75
2857.49870598831	942.75
2858.42240149519	947
2859.34594806085	954.5
2860.26934571091	951.25
2861.19259447104	946.25
2862.11569436687	950.5
2863.03864542404	944.25
2863.96144766817	945.75
2864.88410112491	950
2865.80660581985	955.75
2866.72896177862	954
2867.65116902682	957.75
2868.57322759006	957
2869.49513749393	955.75
2870.41689876404	965.5
2871.33851142596	953.5
2872.25997550528	962
2873.18129102757	962.5
2874.10245801841	960
2875.02347650336	964.25
2875.94434650799	971.75
2876.86506805784	970.25
2877.78564117848	970
2878.70606589544	975.25
2879.62634223425	978.25
2880.54647022048	977.75
2881.46644987962	971.5
2882.38628123722	973
2883.30596431879	977
2884.22549914984	981.5
