1205.5599911772	862.75
1206.75301393864	864.75
1207.94583983287	863.25
1209.13846889606	863.75
1210.3309011644	863
1211.52313667407	861
1212.71517546124	861.25
1213.90701756207	860.75
1215.09866301271	861.5
1216.29011184929	865.5
1217.48136410796	863.75
1218.67241982484	862.5
1219.86327903604	858
1221.05394177768	862.25
1222.24440808585	863.25
1223.43467799665	864
1224.62475154616	862.5
1225.81462877046	863.5
1227.00430970561	863.5
1228.19379438767	868.5
1229.38308285269	866.25
1230.57217513673	860.5
1231.76107127579	862.75
1232.94977130592	863.25
1234.13827526314	860.5
1235.32658318344	863
1236.51469510282	863.25
1237.70261105729	863.75
1238.89033108283	866.75
1240.07785521541	864.25
1241.26518349099	862.75
1242.45231594553	861.75
1243.639252615	864
1244.82599353532	863.75
1246.01253874243	862.25
1247.19888827226	865
1248.38504216072	864.25
1249.57100044373	863.5
1250.75676315718	862.5
1251.94233033696	863.75
1253.12770201896	863.25
1254.31287823906	863
1255.49785903312	861.75
1256.682644437	862.25
1257.86723448654	863.5
1259.05162921761	864
1260.23582866602	862.25
1261.41983286761	862
1262.60364185819	863.25
1263.78725567356	861.75
1264.97067434954	866
1266.15389792191	865
1267.33692642646	863
1268.51975989897	861.75
1269.7023983752	863.75
1270.88484189091	865.25
1272.06709048185	862.75
1273.24914418377	862.75
1274.43100303241	863.25
1275.61266706348	864
1276.7941363127	860.25
1277.9754108158	864.5
1279.15649060846	867.75
1280.33737572638	861.5
1281.51806620525	862.25
1282.69856208075	865.25
1283.87886338854	860.75
1285.05897016428	869.25
1286.23888244363	863.25
1287.41860026223	862.75
1288.59812365572	862.5
1289.77745265973	861.75
1290.95658730986	863
1292.13552764175	863
1293.31427369098	862.5
1294.49282549315	863.5
1295.67118308386	865.25
1296.84934649867	862.5
1298.02731577317	862.5
1299.2050909429	865.25
1300.38267204343	865
1301.5600591103	867.25
1302.73725217905	864.5
1303.91425128521	865.25
1305.09105646429	865.5
1306.26766775182	865
1307.4440851833	862.25
1308.62030879422	867
1309.79633862006	866
1310.97217469633	863.75
1312.14781705847	865
1313.32326574196	863.75
1314.49852078226	866
1315.6735822148	867.5
1316.84845007504	878.25
1318.0231243984	863.5
1319.1976052203	864.75
1320.37189257616	863
1321.54598650139	865.25
1322.71988703138	865.25
1323.89359420153	868.75
1325.06710804722	866.25
1326.24042860381	866.25
1327.41355590669	865
1328.5864899912	868.75
1329.75923089269	869.25
1330.93177864651	865.25
1332.10413328799	866.25
1333.27629485246	869
1334.44826337523	868.75
1335.62003889161	865.5
1336.79162143691	873
1337.96301104641	867.75
1339.1342077554	870
1340.30521159916	866.5
1341.47602261295	868.25
1342.64664083204	867.75
1343.81706629167	867.25
1344.98729902711	868.5
1346.15733907356	868.5
1347.32718646628	866.5
1348.49684124046	867.25
1349.66630343134	872
1350.83557307411	871.75
1352.00465020397	873.25
1353.1735348561	873.75
1354.34222706568	876.5
1355.51072686789	872.25
1356.67903429789	873.75
1357.84714939083	875.5
1359.01507218186	881.75
1360.18280270613	880.5
1361.35034099875	881.5
1362.51768709486	893
1363.68484102956	902.5
1364.85180283798	911.25
1366.01857255519	912.25
1367.1851502163	914.75
1368.35153585639	903
1369.51772951053	895.75
1370.68373121378	887
1371.84954100122	880.5
1373.01515890787	875.5
1374.18058496881	872
1375.34581921904	873.5
1376.5108616936	874.25
1377.67571242751	872
1378.84037145579	869.5
1380.00483881341	867.5
1381.1691145354	869.25
1382.33319865672	870.25
1383.49709121237	866.25
1384.6607922373	868.25
1385.82430176648	868.25
1386.98761983487	867.5
1388.15074647741	865.5
1389.31368172903	864.75
1390.47642562468	869.25
1391.63897819927	864.5
1392.80133948771	863
1393.96350952492	863.25
1395.12548834577	866.75
1396.28727598518	864.75
1397.44887247803	864.25
1398.61027785917	864
1399.77149216348	866
1400.93251542583	866
1402.09334768105	869
1403.25398896399	863.5
1404.41443930949	865.5
1405.57469875237	865.25
1406.73476732744	864.25
1407.89464506953	864.25
1409.05433201342	862.75
1410.21382819392	865
1411.37313364582	870.25
1412.53224840388	868
1413.69117250288	865
1414.84990597758	867.25
1416.00844886274	866.25
1417.16680119311	869
1418.32496300341	868.25
1419.48293432839	863.5
1420.64071520276	867
1421.79830566124	867.75
1422.95570573854	868
1424.11291546935	869.75
1425.26993488836	874
1426.42676403027	870.75
1427.58340292974	870.5
1428.73985162144	882.75
1429.89611014002	871
1431.05217852015	872.75
1432.20805679646	872.75
1433.36374500359	873.75
1434.51924317617	870.75
1435.67455134881	873.5
1436.82966955613	872.25
1437.98459783273	874.75
1439.13933621321	875.25
1440.29388473215	873
1441.44824342414	874.5
1442.60241232375	877.5
1443.75639146553	876.75
1444.91018088405	873.5
1446.06378061386	874
1447.21719068949	875.75
1448.37041114548	873.5
1449.52344201635	872.25
1450.67628333663	872.5
1451.82893514081	867.75
1452.9813974634	870.5
1454.13367033889	868.25
1455.28575380178	873
1456.43764788652	862.5
1457.58935262761	862.75
1458.74086805949	863
1459.89219421662	864.75
1461.04333113344	864.25
1462.1942788444	864
1463.34503738393	864.75
1464.49560678644	863.25
1465.64598708636	866.75
1466.79617831808	860.75
1467.94618051601	860
1469.09599371453	863
1470.24561794804	861.75
1471.3950532509	860.25
1472.54429965749	859.25
1473.69335720216	860.25
1474.84222591927	859.5
1475.99090584315	861.75
1477.13939700816	859.75
1478.2876994486	861
1479.4358131988	859
1480.58373829309	862
1481.73147476575	862.25
1482.8790226511	863.25
1484.0263819834	858.75
1485.17355279696	858.75
1486.32053512604	858.75
1487.46732900491	860
1488.61393446782	863.75
1489.76035154904	858.75
1490.90658028278	858.25
1492.0526207033	860.75
1493.19847284482	860.75
1494.34413674156	860.25
1495.48961242773	859.25
1496.63489993753	858
1497.77999930516	861
1498.9249105648	860.75
1500.06963375064	860
1501.21416889685	859
1502.35851603759	857.5
1503.50267520703	857.75
1504.6466464393	860
1505.79042976854	858.25
1506.9340252289	860.75
1508.0774328545	858.25
1509.22065267946	859.25
1510.36368473788	860.25
1511.50652906387	863
1512.64918569152	870.25
1513.79165465492	858.5
1514.93393598815	858.5
1516.07602972528	856.25
1517.21793590037	858.5
1518.35965454748	856.75
1519.50118570066	858.5
1520.64252939395	859
1521.78368566137	862.5
1522.92465453696	856.5
1524.06543605473	858.75
1525.2060302487	859.25
1526.34643715286	862.25
1527.4866568012	860.25
1528.62668922771	859.75
1529.76653446638	859.5
1530.90619255116	857.5
1532.04566351604	858.5
1533.18494739495	858
1534.32404422185	860.5
1535.46295403068	858
1536.60167685536	858.25
1537.74021272983	861.25
1538.87856168801	859.5
1540.01672376379	859.75
1541.15469899108	860
1542.29248740378	861.25
1543.43008903576	861.5
1544.56750392092	864.75
1545.70473209312	863.25
1546.84177358622	863
1547.97862843408	858
1549.11529667053	858.5
1550.25177832944	858.75
1551.38807344462	860
1552.52418204991	863.75
1553.66010417911	862.25
1554.79583986604	860
1555.9313891445	860.75
1557.06675204828	860
1558.20192861117	860.5
1559.33691886695	861.25
1560.47172284938	860
1561.60634059224	861
1562.74077212927	860
1563.87501749423	860.75
1565.00907672085	861.5
1566.14294984286	861.75
1567.276636894	865.25
1568.41013790798	867
1569.54345291851	865.25
1570.67658195929	863.25
1571.80952506401	868
1572.94228226636	865.75
1574.07485360003	869.25
1575.20723909867	869.5
1576.33943879597	873.75
1577.47145272556	877
1578.60328092111	877
1579.73492341624	880.75
1580.86638024461	885.5
1581.99765143982	888
1583.1287370355	891.5
1584.25963706526	890
1585.3903515627	885
1586.52088056141	881.5
1587.651224095	877
1588.78138219703	881.25
1589.91135490107	874.25
1591.04114224069	871.75
1592.17074424946	866
1593.30016096091	866.5
1594.4293924086	868
1595.55843862605	865.5
1596.68729964679	864.75
1597.81597550434	867
1598.94446623221	860.5
1600.07277186392	861.75
1601.20089243294	862
1602.32882797279	861.5
1603.45657851692	861.25
1604.58414409882	858.75
1605.71152475196	861.25
1606.83872050978	858.75
1607.96573140575	861.25
1609.09255747331	861.25
1610.2191987459	857.75
1611.34565525693	858.5
1612.47192703984	864.25
1613.59801412803	859.25
1614.72391655491	860
1615.84963435389	862
1616.97516755835	858.75
1618.10051620167	858.75
1619.22568031722	858.5
1620.35065993839	859.5
1621.47545509852	860.25
1622.60006583098	859
1623.7244921691	857
1624.84873414623	858.5
1625.97279179569	859.75
1627.09666515081	862.25
1628.2203542449	859.5
1629.34385911127	858.25
1630.46717978322	859.5
1631.59031629405	857.25
1632.71326867703	857.25
1633.83603696546	861
1634.95862119259	860
1636.08102139169	857.75
1637.20323759601	859.25
1638.32526983881	863
1639.44711815332	858.5
1640.56878257278	858.25
1641.6902631304	859.25
1642.81155985942	859.25
1643.93267279303	861.5
1645.05360196445	858.75
1646.17434740686	857.25
1647.29490915345	858.5
1648.41528723741	859.5
1649.53548169191	857
1650.65549255012	858.25
1651.77531984518	857
1652.89496361026	858.75
1654.01442387848	858
1655.133700683	857
1656.25279405694	861.25
1657.37170403341	861.25
1658.49043064553	859.5
1659.60897392641	860.5
1660.72733390915	858
1661.84551062683	859.5
1662.96350411254	858
1664.08131439936	861
1665.19894152034	858.75
1666.31638550856	855.75
1667.43364639706	856.75
1668.55072421891	856.5
1669.66761900711	855.5
1670.78433079473	856.75
1671.90085961477	858.75
1673.01720550025	856.75
1674.13336848418	858.75
1675.24934859957	859
1676.3651458794	860.75
1677.48076035666	858
1678.59619206433	858.75
1679.71144103539	857
1680.8265073028	858
1681.94139089951	858.5
1683.05609185847	857.25
1684.17061021263	857.75
1685.28494599492	857.25
1686.39909923827	857
1687.51306997559	860.5
1688.62685823981	857.5
1689.74046406382	856.5
1690.85388748052	857.75
1691.96712852281	855.75
1693.08018722356	859.5
1694.19306361564	861
1695.30575773194	862
1696.41826960531	857.75
1697.5305992686	859.5
1698.64274675465	858.75
1699.75471209631	856.75
1700.86649532642	858
1701.97809647778	860
1703.08951558321	857.25
1704.20075267554	859.5
1705.31180778755	861.25
1706.42268095205	858.5
1707.53337220181	862.5
1708.64388156962	860.75
1709.75420908825	861
1710.86435479047	862.25
1711.97431870903	862.75
1713.08410087668	861
1714.19370132617	860.75
1715.30312009023	861.5
1716.41235720158	864.75
1717.52141269295	861.75
1718.63028659706	859.75
1719.73897894661	862.75
1720.84748977429	861
1721.9558191128	861.75
1723.06396699482	860.5
1724.17193345303	859
1725.2797185201	860.5
1726.38732222869	862
1727.49474461145	859.5
1728.60198570104	860
1729.70904553008	859.5
1730.81592413122	860.75
1731.92262153708	861.25
1733.02913778027	863.25
1734.13547289342	858.5
1735.24162690912	862.25
1736.34759985996	859.75
1737.45339177854	858.75
1738.55900269743	860
1739.66443264922	857.75
1740.76968166647	861.25
1741.87474978174	859.75
1742.97963702757	855.75
1744.08434343652	859.25
1745.18886904113	857.75
1746.29321387391	857
1747.39737796741	860.5
1748.50136135412	858.25
1749.60516406657	857
1750.70878613725	857.5
1751.81222759865	857.75
1752.91548848327	858.25
1754.01856882358	856.5
1755.12146865205	857.25
1756.22418800115	857.25
1757.32672690333	856.5
1758.42908539106	859
1759.53126349676	855.75
1760.63326125288	860.75
1761.73507869184	855.5
1762.83671584607	858
1763.93817274797	858
1765.03944942997	856
1766.14054592445	856.5
1767.2414622638	865.75
1768.34219848042	855
1769.44275460668	857.25
1770.54313067495	855
1771.6433267176	855.5
1772.74334276697	872.25
1773.84317885542	856
1774.9428350153	857
1776.04231127892	856.25
1777.14160767864	856.25
1778.24072424675	859
1779.33966101558	858.75
1780.43841801742	855.25
1781.53699528459	858.25
1782.63539284936	856.5
1783.73361074403	857.25
1784.83164900086	861.5
1785.92950765214	871.75
1787.02718673012	855.25
1788.12468626705	855
1789.22200629518	854.5
1790.31914684676	855.75
1791.41610795402	856.5
1792.51288964918	855
1793.60949196446	858.25
1794.70591493207	858.75
1795.80215858423	856.5
1796.89822295312	855.75
1797.99410807093	861
1799.08981396985	856
1800.18534068207	855
1801.28068823973	859
1802.375856675	856.5
1803.47084602005	857.25
1804.56565630701	859.5
1805.66028756802	858
1806.75473983523	854.75
1807.84901314074	857.5
1808.9431075167	856.5
1810.03702299519	856.5
1811.13075960833	856
1812.22431738821	857
1813.31769636693	859.5
1814.41089657656	855
1815.50391804919	856
1816.59676081688	859.75
1817.68942491168	857.5
1818.78191036567	855
1819.87421721087	859.25
1820.96634547933	856
1822.05829520309	853.75
1823.15006641417	858
1824.24165914458	856.25
1825.33307342635	854.75
1826.42430929146	856.75
1827.51536677193	860.25
1828.60624589973	857.25
1829.69694670686	857.25
1830.78746922528	857.25
1831.87781348696	858.25
1832.96797952388	855.5
1834.05796736797	856.25
1835.14777705119	859.5
1836.23740860548	856.25
1837.32686206276	858
1838.41613745497	855
1839.50523481403	855.5
1840.59415417184	856.5
1841.68289556031	855
1842.77145901133	857.25
1843.8598445568	857.5
1844.94805222861	858.25
1846.03608205861	856.5
1847.12393407869	854.75
1848.21160832071	859
1849.29910481652	855
1850.38642359796	856.75
1851.47356469689	862.25
1852.56052814512	857.75
1853.64731397449	858.25
1854.73392221683	854.25
1855.82035290392	856.5
1856.9066060676	857.25
1857.99268173964	862
1859.07857995185	856.75
1860.164300736	856.75
1861.24984412388	857.25
1862.33521014725	856.75
1863.42039883788	858
1864.50541022752	855.75
1865.59024434791	858
1866.67490123081	856.5
1867.75938090794	862
1868.84368341104	857.5
1869.92780877182	859.25
1871.01175702199	858.75
1872.09552819327	859
1873.17912231734	860.25
1874.26253942592	857
1875.34577955067	858.5
1876.42884272328	860
1877.51172897541	860.5
1878.59443833873	859.25
1879.67697084491	858
1880.75932652558	858.25
1881.84150541239	859.5
1882.92350753698	862
1884.00533293097	859.75
1885.08698162599	859.25
1886.16845365366	860
1887.24974904557	860.5
1888.33086783333	860
1889.41181004854	858.75
1890.49257572278	856.5
1891.57316488763	857
1892.65357757466	858
1893.73381381543	856.5
1894.81387364152	856.75
1895.89375708447	857.75
1896.97346417582	857.75
1898.05299494711	858
1899.13234942987	858.5
1900.21152765563	858.5
1901.29052965589	863.25
1902.36935546219	857
1903.448005106	858.75
1904.52647861884	860
1905.60477603218	858.5
1906.68289737752	857.5
1907.76084268632	861.5
1908.83861199005	859
1909.91620532018	863.25
1910.99362270815	857.75
1912.07086418542	855.75
1913.14792978343	861.75
1914.2248195336	859.5
1915.30153346737	858.5
1916.37807161614	862
1917.45443401134	862.25
1918.53062068437	856.25
1919.60663166663	859.5
1920.68246698951	860.75
1921.75812668439	861.5
1922.83361078265	861
1923.90891931567	859.5
1924.98405231479	859
1926.05900981139	859.25
1927.1337918368	858.5
1928.20839842238	860.5
1929.28282959945	856.5
1930.35708539936	859
1931.4311658534	857.25
1932.50507099292	860.5
1933.5788008492	861
1934.65235545356	860
1935.72573483728	856.5
1936.79893903166	859.25
1937.87196806797	861.5
1938.94482197748	860.25
1940.01750079147	861
1941.09000454119	859.5
1942.16233325789	858
1943.23448697283	861.25
1944.30646571723	858.5
1945.37826952233	858.5
1946.44989841936	860.25
1947.52135243954	860
1948.59263161406	865.75
1949.66373597415	858.5
1950.73466555099	859.5
1951.80542037578	859.75
1952.8760004797	860.5
1953.94640589393	858.75
1955.01663664963	858.5
1956.08669277797	860.75
1957.1565743101	858.25
1958.22628127718	858.25
1959.29581371034	860.75
1960.36517164073	859.5
1961.43435509946	861.25
1962.50336411767	859.5
1963.57219872646	860.75
1964.64085895694	859.5
1965.70934484022	857.75
1966.77765640739	859.25
1967.84579368953	865
1968.91375671773	858
1969.98154552306	859.25
1971.04916013658	862.5
1972.11660058936	858.25
1973.18386691245	859
1974.25095913689	859.75
1975.31787729373	856.25
1976.38462141399	861.25
1977.45119152871	859.75
1978.51758766889	859.75
1979.58380986556	861.25
1980.64985814971	863.5
1981.71573255234	858.5
1982.78143310445	858.25
1983.84695983703	859
1984.91231278104	861.25
1985.97749196746	858.5
1987.04249742725	859.5
1988.10732919137	858.75
1989.17198729078	862
1990.2364717564	857.25
1991.30078261919	859.5
1992.36491991007	860.25
1993.42888365996	858.25
1994.49267389977	861
1995.55629066043	861.5
1996.61973397283	859.25
1997.68300386786	858.75
1998.74610037642	859.5
1999.80902352939	860.5
2000.87177335764	859.75
2001.93434989204	859.5
2002.99675316346	859.5
2004.05898320274	858.75
2005.12104004074	860.75
2006.1829237083	859
2007.24463423625	860.5
2008.30617165542	860.75
2009.36753599663	859.25
2010.4287272907	860.5
2011.48974556843	860.5
2012.55059086062	858.25
2013.61126319807	860.75
2014.67176261156	858.75
2015.73208913188	860.5
2016.79224278979	858
2017.85222361607	860.75
2018.91203164148	859
2019.97166689676	859.5
2021.03112941266	861.5
2022.09041921993	861.25
2023.1495363493	858.75
2024.20848083148	857.75
2025.26725269721	860.75
2026.3258519772	856.75
2027.38427870214	857.5
2028.44253290275	859.5
2029.5006146097	858
2030.5585238537	863
2031.61626066541	857.25
2032.67382507551	858.75
2033.73121711466	857.5
2034.78843681353	858
2035.84548420276	858.5
2036.902359313	858.5
2037.95906217489	857.5
2039.01559281905	859.25
2040.07195127613	857.5
2041.12813757672	858
2042.18415175145	859.75
2043.23999383092	860.25
2044.29566384573	858.25
2045.35116182646	859
2046.40648780371	859.75
2047.46164180805	859.25
2048.51662387005	858.25
2049.57143402028	858
2050.62607228929	861
2051.68053870764	858.5
2052.73483330587	857.25
2053.78895611451	858.5
2054.84290716411	858.25
2055.89668648518	860.25
2056.95029410824	857.75
2058.00373006379	859.25
2059.05699438236	856.25
2060.11008709443	865
2061.16300823049	858.25
2062.21575782102	860
2063.26833589652	861
2064.32074248743	860.75
2065.37297762424	858.5
2066.42504133739	860.25
2067.47693365735	858.75
2068.52865461454	860
2069.58020423941	859.25
2070.63158256239	859.75
2071.68278961391	859
2072.73382542437	860.25
2073.7846900242	857.75
2074.83538344379	859
2075.88590571355	864.75
2076.93625686386	859.75
2077.9864369251	859.5
2079.03644592766	859.5
2080.0862839019	858
2081.13595087819	860
2082.18544688689	860
2083.23477195835	857.5
2084.2839261229	858.25
2085.3329094109	859
2086.38172185266	861
2087.43036347851	857.75
2088.47883431878	860
2089.52713440377	860
2090.57526376378	860.25
2091.62322242911	862.75
2092.67101043006	860
2093.71862779691	857.75
2094.76607455994	863
2095.81335074941	858.75
2096.86045639559	863.5
2097.90739152874	860.25
2098.95415617911	858.25
2100.00075037694	857
2101.04717415248	859.75
2102.09342753595	860
2103.13951055758	860
2104.18542324758	862.75
2105.23116563618	862
2106.27673775356	858.5
2107.32213962994	857.5
2108.3673712955	860.5
2109.41243278042	859
2110.4573241149	861.25
2111.50204532908	860
2112.54659645316	860.5
2113.59097751727	862.5
2114.63518855158	860.5
2115.67922958622	859.75
2116.72310065135	862
2117.76680177708	860.25
2118.81033299355	860.5
2119.85369433087	861.5
2120.89688581917	861.75
2121.93990748853	862.5
2122.98275936907	862
2124.02544149087	864.25
2125.06795388403	861
2126.11029657861	860
2127.1524696047	861.75
2128.19447299236	860.75
2129.23630677165	863
2130.27797097263	861.5
2131.31946562534	862.5
2132.36079075981	863
2133.40194640609	861.5
2134.4429325942	862
2135.48374935417	863.25
2136.524396716	863
2137.5648747097	861.75
2138.60518336528	863.5
2139.64532271273	859.5
2140.68529278203	860.75
2141.72509360318	860.75
2142.76472520613	863.25
2143.80418762087	864.75
2144.84348087734	859.25
2145.88260500552	862.75
2146.92156003534	869.5
2147.96034599675	864.25
2148.99896291968	858.25
2150.03741083407	863
2151.07568976983	863.5
2152.11379975688	863
2153.15174082513	861.25
2154.18951300449	860.25
2155.22711632484	860.25
2156.26455081609	860.25
2157.3018165081	860.5
2158.33891343077	862.5
2159.37584161395	864
2160.41260108752	863.5
2161.44919188133	866.5
2162.48561402524	862.75
2163.52186754907	864.5
2164.55795248268	858.75
2165.5938688559	863.5
2166.62961669854	863.25
2167.66519604043	863
2168.70060691139	862.75
2169.7358493412	865.5
2170.77092335968	868.75
2171.80582899662	863.25
2172.8405662818	862.75
2173.875135245	864.25
2174.90953591599	862
2175.94376832454	864
2176.97783250042	863.25
2178.01172847336	863.25
2179.04545627313	863.75
2180.07901592946	861.5
2181.11240747208	860.25
2182.14563093072	864.75
2183.17868633511	861.75
2184.21157371496	858.5
2185.24429309997	863.75
2186.27684451984	864
2187.30922800429	861.5
2188.34144358298	862
2189.3734912856	861.25
2190.40537114184	862.25
2191.43708318135	862.5
2192.46862743381	861.5
2193.50000392886	862.25
2194.53121269616	862.5
2195.56225376535	863.25
2196.59312716608	863
2197.62383292796	862.75
2198.65437108062	863.25
2199.68474165369	862
2200.71494467676	859.75
2201.74498017946	863.75
2202.77484819137	864.5
2203.80454874209	866
2204.8340818612	861
2205.86344757828	862.5
2206.89264592291	863.5
2207.92167692466	863.25
2208.95054061307	862.75
2209.97923701771	864.25
2211.00776616812	864.75
2212.03612809384	863.75
2213.06432282441	861.25
2214.09235038935	864.5
2215.1202108182	864.75
2216.14790414045	862.25
2217.17543038562	861.25
2218.20278958321	862.25
2219.22998176272	864
2220.25700695364	865.5
2221.28386518545	865
2222.31055648763	863.5
2223.33708088964	866.5
2224.36343842095	861.75
2225.38962911102	866.25
2226.41565298929	864.25
2227.44151008522	867.5
2228.46720042825	867.25
2229.4927240478	863.75
2230.51808097329	863.5
2231.54327123415	861.25
2232.5682948598	864
2233.59315187963	863
2234.61784232304	863.25
2235.64236621944	864.75
2236.66672359821	871
2237.69091448872	863.75
2238.71493892035	867
2239.73879692248	864.75
2240.76248852446	864.25
2241.78601375565	862
2242.80937264539	866
2243.83256522303	864
2244.85559151791	867.5
2245.87845155935	866
2246.90114537669	864.75
2247.92367299922	864.25
2248.94603445628	864
2249.96822977716	867.25
2250.99025899115	867.25
2252.01212212756	862.75
2253.03381921566	863
2254.05535028474	864
2255.07671536407	867.25
2256.09791448292	866
2257.11894767054	867.5
2258.13981495619	864.75
2259.16051636911	862.5
2260.18105193855	867
2261.20142169375	867.5
2262.22162566392	868.75
2263.2416638783	868.75
2264.2615363661	868.5
2265.28124315652	868
2266.30078427877	865.25
2267.32015976206	863
2268.33936963556	863
2269.35841392846	866.25
2270.37729266995	863.5
2271.39600588918	865.25
2272.41455361533	864.75
2273.43293587756	868.25
2274.45115270502	865.5
2275.46920412686	866.25
2276.4870901722	866
2277.5048108702	863
2278.52236624997	862.5
2279.53975634064	866.75
2280.55698117133	866.25
2281.57404077113	865
2282.59093516916	867
2283.60766439451	865.5
2284.62422847626	864
2285.64062744351	863
2286.65686132532	866.5
2287.67293015078	867
2288.68883394894	863.5
2289.70457274886	864.5
2290.7201465796	865
2291.7355554702	866.75
2292.7507994497	866.25
2293.76587854713	865.75
2294.78079279152	864.25
2295.79554221189	864.75
2296.81012683726	865.75
2297.82454669663	862.75
2298.838801819	862.5
2299.85289223338	866
2300.86681796874	864
2301.88057905408	864.25
2302.89417551837	868
2303.90760739057	865
2304.92087469967	866.25
2305.9339774746	868.5
2306.94691574433	867.75
2307.9596895378	866.25
2308.97229888394	865
2309.9847438117	865.5
2310.99702435	864.5
2312.00914052776	867
2313.02109237388	867.75
2314.0328799173	866.25
2315.0445031869	863.5
2316.05596221157	862.75
2317.06725702022	866
2318.07838764171	867.25
2319.08935410494	864.25
2320.10015643876	867.75
2321.11079467205	868.75
2322.12126883366	868.25
2323.13157895245	866.25
2324.14172505725	865.5
2325.15170717692	867.75
2326.16152534028	868
2327.17117957616	871
2328.18066991338	870.75
2329.18999638076	870
2330.1991590071	868.75
2331.20815782121	869.25
2332.21699285188	867.5
2333.22566412791	868.25
2334.23417167807	868
2335.24251553115	867
2336.25069571591	865
2337.25871226112	868.75
2338.26656519555	868
2339.27425454793	864.25
2340.28178034703	866
2341.28914262158	869.25
2342.2963414003	873.25
2343.30337671194	866.5
2344.31024858522	869
2345.31695704884	866.75
2346.32350213153	871.75
2347.32988386197	870.5
2348.33610226888	867.5
2349.34215738093	868
2350.34804922682	870.5
2351.35377783523	864.75
2352.35934323481	866.25
2353.36474545426	865.5
2354.36998452221	867
2355.37506046733	873.25
2356.37997331827	869.75
2357.38472310366	868.75
2358.38930985214	867.5
2359.39373359234	867.5
2360.39799435289	868.75
2361.40209216239	868.25
2362.40602704947	865.25
2363.40979904272	865.75
2364.41340817075	865.75
2365.41685446215	871.75
2366.4201379455	868.75
2367.42325864938	869.25
2368.42621660237	869.25
2369.42901183303	868
2370.43164436994	865.25
2371.43411424163	872.75
2372.43642147667	865.5
2373.43856610359	866
2374.44054815093	865.75
2375.44236764723	868
2376.44402462101	869.25
2377.44551910078	869.25
2378.44685111506	865.75
2379.44802069236	871
2380.44902786118	874.25
2381.44987265	879.25
2382.45055508733	865.75
2383.45107520164	870.75
2384.4514330214	872
2385.45162857509	867.75
2386.45166189117	870.75
2387.4515329981	868.25
2388.45124192433	870
2389.45078869831	871.25
2390.45017334847	869.5
2391.44939590325	868
2392.44845639107	870
2393.44735484036	869
2394.44609127953	870
2395.44466573698	869.5
2396.44307824114	870.5
2397.44132882037	869.25
2398.4394175031	869
2399.43734431768	871
2400.4351092925	873.25
2401.43271245594	873.25
2402.43015383637	869
2403.42743346213	869.25
2404.42455136158	868.75
2405.42150756309	866.5
2406.41830209497	866.25
2407.41493498558	868.5
2408.41140626323	871.25
2409.40771595626	870.5
2410.40386409299	876
2411.39985070171	870.75
2412.39567581075	869.75
2413.39133944839	871.25
2414.38684164293	871.75
2415.38218242267	873
2416.37736181587	865.5
2417.37237985082	871.5
2418.36723655578	874.25
2419.36193195902	869.5
2420.3564660888	873
2421.35083897336	871
2422.34505064095	870
2423.33910111981	871.75
2424.33299043818	872.25
2425.32671862427	875.25
2426.32028570631	872.5
2427.31369171252	871.25
2428.3069366711	875.25
2429.30002061025	872.75
2430.29294355818	876
2431.28570554307	875.75
2432.2783065931	873.75
2433.27074673647	873.5
2434.26302600133	874.25
2435.25514441586	874.5
2436.24710200821	872.25
2437.23889880654	873.25
2438.23053483901	876
2439.22201013374	874.5
2440.21332471888	876
2441.20447862255	875.75
2442.19547187289	879.75
2443.18630449801	883.5
2444.17697652602	878.25
2445.16748798503	883
2446.15783890314	895
2447.14802930844	884.75
2448.13805922902	890.25
2449.12792869297	885.5
2450.11763772835	888.25
2451.10718636325	891.5
2452.09657462572	892
2453.08580254383	892.75
2454.07487014561	892.75
2455.06377745914	893.75
2456.05252451243	896.25
2457.04111133353	887.75
2458.02953795047	886.25
2459.01780439126	884.5
2460.00591068392	883.25
2460.99385685647	887
2461.98164293691	881.25
2462.96926895323	882.75
2463.95673493344	884.5
2464.9440409055	882.75
2465.93118689742	885.75
2466.91817293715	886.5
2467.90499905268	880
2468.89166527195	883.75
2469.87817162294	880.75
2470.86451813358	883.5
2471.85070483183	881
2472.83673174562	884
2473.82259890289	883.75
2474.80830633156	881.75
2475.79385405955	881.25
2476.77924211478	879.75
2477.76447052516	884
2478.74953931858	876.25
2479.73444852296	883
2480.71919816617	879.25
2481.70378827611	877.5
2482.68821888065	885.5
2483.67249000766	881.75
2484.65660168502	881.5
2485.64055394059	880
2486.62434680221	881.5
2487.60798029775	875.75
2488.59145445503	877.75
2489.57476930191	879.5
2490.55792486621	877.5
2491.54092117576	882.75
2492.52375825838	883.25
2493.50643614189	876.5
2494.48895485408	881.75
2495.47131442277	882.25
2496.45351487574	876.5
2497.43555624079	879.75
2498.41743854571	881.75
2499.39916181827	880
2500.38072608625	889.5
2501.3621313774	884.25
2502.3433777195	881.5
2503.32446514029	884.25
2504.30539366754	881
2505.28616332896	882.25
2506.26677415232	888
2507.24722616533	876.75
2508.22751939572	882.75
2509.20765387122	882.25
2510.18762961953	878.75
2511.16744666836	881.5
2512.14710504542	886.75
2513.12660477839	883.75
2514.10594589498	883.75
2515.08512842286	881.75
2516.06415238971	882.25
2517.04301782321	878.25
2518.02172475102	879.5
2519.0002732008	879.5
2519.9786632002	887.75
2520.95689477688	879.25
2521.93496795848	882.25
2522.91288277263	882.75
2523.89063924697	882
2524.86823740912	880.75
2525.8456772867	877.25
2526.82295890731	879
2527.80008229859	881.5
2528.77704748811	884.5
2529.75385450349	881.25
2530.7305033723	884.25
2531.70699412213	881
2532.68332678057	879.75
2533.65950137518	882.25
2534.63551793353	887.5
2535.61137648318	876.75
2536.58707705169	886
2537.5626196666	882
2538.53800435546	882
2539.51323114581	882.25
2540.48830006517	885.75
2541.46321114107	886
2542.43796440104	880.75
2543.41255987258	882.25
2544.38699758321	880.25
2545.36127756042	884
2546.33539983172	881.25
2547.30936442459	880.25
2548.28317136652	886
2549.25682068499	883.5
2550.23031240746	883.75
2551.20364656141	881
2552.17682317431	886
2553.1498422736	884.25
2554.12270388673	882
2555.09540804115	883
2556.0679547643	883
2557.0403440836	878.75
2558.01257602649	882.75
2558.98465062039	880.25
2559.95656789271	878.5
2560.92832787086	883.5
2561.89993058224	881.5
2562.87137605426	877.5
2563.84266431429	881.75
2564.81379538974	884.75
2565.78476930797	880
2566.75558609637	886.5
2567.7262457823	885
2568.69674839312	882
2569.66709395619	884.5
2570.63728249886	886.75
2571.60731404848	883
2572.57718863239	881.25
2573.54690627792	879.25
2574.51646701239	886.5
2575.48587086314	885.5
2576.45511785747	883
2577.4242080227	883.5
2578.39314138613	884
2579.36191797506	881
2580.33053781679	885.5
2581.29900093859	880.5
2582.26730736776	882.75
2583.23545713157	885
2584.20345025729	880.75
2585.17128677218	881.25
2586.1389667035	879.75
2587.1064900785	882
2588.07385692444	879.75
2589.04106726855	882.5
2590.00812113807	877.5
2590.97501856023	882
2591.94175956224	886.5
2592.90834417134	885
2593.87477241473	885.25
2594.84104431962	886.75
2595.80715991321	882.75
2596.7731192227	883.25
2597.73892227527	880.75
2598.70456909811	882.75
2599.67005971839	881.5
2600.63539416329	885.25
2601.60057245998	881.25
2602.56559463562	884.75
2603.53046071735	885.75
2604.49517073233	883.25
2605.45972470771	886.75
2606.42412267062	887.25
2607.38836464819	888.25
2608.35245066755	889.25
2609.31638075582	884.75
2610.28015494012	886
2611.24377324755	890.25
2612.20723570521	883.25
2613.17054234021	882.5
2614.13369317964	889.5
2615.09668825058	886.25
2616.05952758012	884.75
2617.02221119532	889.5
2617.98473912326	885.5
2618.947111391	882.75
2619.9093280256	889.75
2620.87138905411	891.25
2621.83329450357	885
2622.79504440103	889
2623.75663877352	885.5
2624.71807764808	889.5
2625.67936105171	884.5
2626.64048901145	886
2627.6014615543	894.25
2628.56227870727	888.5
2629.52294049736	888
2630.48344695157	884.75
2631.44379809688	888.75
2632.40399396028	893.25
2633.36403456875	889.25
2634.32391994925	887.25
2635.28365012876	889.25
2636.24322513423	889.25
2637.20264499262	897.75
2638.16190973088	886
2639.12101937595	890.5
2640.07997395477	895
2641.03877349428	889
2641.9974180214	887.25
2642.95590756305	896
2643.91424214614	895.25
2644.87242179759	894.25
2645.8304465443	892.75
2646.78831641316	893
2647.74603143108	891.75
2648.70359162494	892.25
2649.66099702161	893.5
2650.61824764798	898
2651.57534353091	901.75
2652.53228469727	899.75
2653.48907117392	898.5
2654.4457029877	897.5
2655.40218016548	900.25
2656.35850273409	897.5
2657.31467072036	900.25
2658.27068415112	904
2659.22654305321	904.5
2660.18224745343	910
2661.13779737861	903.5
2662.09319285555	910.75
2663.04843391105	907
2664.00352057191	909
2664.95845286492	912.25
2665.91323081686	918.25
2666.86785445452	929
2667.82232380467	925.25
2668.77663889408	932.25
2669.7307997495	936
2670.6848063977	942
2671.63865886543	948.75
2672.59235717944	960.25
2673.54590136646	966.25
2674.49929145323	975.5
2675.45252746647	990.75
2676.40560943292	1009.5
2677.35853737928	1026
2678.31131133228	1051.75
2679.26393131861	1082.5
2680.21639736498	1107.75
2681.16870949808	1142.25
2682.12086774461	1180
2683.07287213124	1211.5
2684.02472268467	1246.25
2684.97641943154	1274.25
2685.92796239854	1308.75
2686.87935161233	1327.25
2687.83058709957	1347.25
2688.78166888689	1366
2689.73259700095	1368.5
2690.68337146839	1375.75
2691.63399231585	1388.75
2692.58445956994	1393.75
2693.53477325729	1388
2694.48493340452	1388
2695.43494003824	1369.25
2696.38479318505	1336
2697.33449287156	1295.5
2698.28403912435	1256.75
2699.23343197003	1212.25
2700.18267143517	1179.25
2701.13175754635	1156.5
2702.08069033013	1113.25
2703.0294698131	1098.75
2703.97809602181	1076
2704.92656898281	1042.75
2705.87488872265	1029.25
2706.82305526788	1011.25
2707.77106864504	1003
2708.71892888066	985.5
2709.66663600127	978.5
2710.61419003339	968.25
2711.56159100353	956.75
2712.50883893821	954.5
2713.45593386394	948.75
2714.4028758072	943.25
2715.3496647945	945.25
2716.29630085233	935.25
2717.24278400717	930
2718.18911428549	924.75
2719.13529171377	924.75
2720.08131631847	920.5
2721.02718812607	919.5
2721.97290716299	922.75
2722.91847345571	915.5
2723.86388703067	923.75
2724.8091479143	918.25
2725.75425613303	914.25
2726.6992117133	911.75
2727.64401468153	908.5
2728.58866506412	907
2729.5331628875	907.5
2730.47750817807	907.75
2731.42170096223	907.5
2732.36574126638	905.25
2733.3096291169	905.5
2734.25336454017	905.75
2735.19694756257	902.5
2736.14037821049	904.5
2737.08365651027	898
2738.02678248829	901
2738.9697561709	904.75
2739.91257758445	898
2740.85524675529	901.25
2741.79776370975	902.75
2742.74012847417	901
2743.68234107487	899
2744.62440153819	898
2745.56630989043	893.75
2746.5080661579	902.25
2747.44967036693	897.25
2748.39112254379	897
2749.3324227148	900.5
2750.27357090623	898.25
2751.21456714439	899
2752.15541145553	896
2753.09610386594	901.75
2754.03664440188	896
2754.97703308962	907
2755.91726995541	893.25
2756.8573550255	896.25
2757.79728832614	898
2758.73706988357	893.5
2759.67669972403	894.75
2760.61617787374	898.25
2761.55550435893	895
2762.49467920581	896.75
2763.4337024406	897.25
2764.3725740895	894.25
2765.31129417873	897.25
2766.24986273447	896.5
2767.18827978291	894.25
2768.12654535024	893.75
2769.06465946265	898.25
2770.0026221463	895
2770.94043342736	896
2771.878093332	890.5
2772.81560188638	890.75
2773.75295911664	897
2774.69016504895	899.25
2775.62721970942	895
2776.56412312421	899.25
2777.50087531945	895.75
2778.43747632125	894.75
2779.37392615575	895
2780.31022484905	897.25
2781.24637242726	897.75
2782.18236891649	891.5
2783.11821434284	892
2784.05390873239	895.25
2784.98945211124	892.5
2785.92484450546	892.5
2786.86008594114	895.75
2787.79517644434	897.5
2788.73011604113	902.25
2789.66490475757	899.75
2790.59954261971	898.5
2791.53402965361	898.5
2792.4683658853	896.75
2793.40255134083	896.75
2794.33658604623	898
2795.27047002752	897.5
2796.20420331073	899.25
2797.13778592187	898.5
2798.07121788696	898.5
2799.004499232	895.75
2799.93762998299	902.5
2800.87061016593	898.75
2801.8034398068	899.75
2802.7361189316	899.75
2803.66864756629	897.25
2804.60102573685	904
2805.53325346925	933.75
2806.46533078946	980.75
2807.39725772342	899.5
2808.3290342971	904.5
2809.26066053643	900.25
2810.19213646736	904.5
2811.12346211582	902.75
2812.05463750774	911.25
2812.98566266905	899.5
2813.91653762567	901.5
2814.84726240351	907.5
2815.77783702848	901.5
2816.70826152648	908
2817.63853592341	906.5
2818.56866024516	905.25
2819.49863451762	906.5
2820.42845876667	911.5
2821.35813301819	906.75
2822.28765729804	910.5
2823.2170316321	911.5
2824.14625604621	914.75
2825.07533056625	916.5
2826.00425521805	914.25
2826.93303002745	910
2827.86165502031	914.5
2828.79013022245	912
2829.7184556597	909.75
2830.64663135788	916.5
2831.5746573428	912.75
2832.50253364028	918.5
2833.43026027613	915
2834.35783727615	906.5
2835.28526466613	915.5
2836.21254247186	912.75
2837.13967071913	916
2838.06664943371	909.5
2838.99347864138	917
2839.92015836791	917.75
2840.84668863907	919.25
2841.7730694806	920.75
2842.69930091826	916.5
2843.62538297781	924.5
2844.55131568498	922
2845.4770990655	928.75
2846.40273314511	925.25
2847.32821794954	922.5
2848.25355350451	924.75
2849.17873983572	928
2850.1037769689	930.5
2851.02866492974	933
2851.95340374395	925
2852.87799343721	927.5
2853.80243403522	924.75
2854.72672556366	928.75
2855.65086804821	933.25
2856.57486151453	929.25
2857.49870598831	934
2858.42240149519	931
2859.34594806085	933.25
2860.26934571091	930.25
2861.19259447104	931
2862.11569436687	932.75
2863.03864542404	933
2863.96144766817	932.75
2864.88410112491	935.5
2865.80660581985	934.5
2866.72896177862	934.25
2867.65116902682	946
2868.57322759006	939.25
2869.49513749393	940.75
2870.41689876404	942
2871.33851142596	943.25
2872.25997550528	942
2873.18129102757	938.75
2874.10245801841	943.5
2875.02347650336	942.75
2875.94434650799	945
2876.86506805784	948.25
2877.78564117848	949.25
2878.70606589544	948.75
2879.62634223425	952
2880.54647022048	953.75
2881.46644987962	952.25
2882.38628123722	950.75
2883.30596431879	952.5
2884.22549914984	956.25
