time	dz	Bias	Amplitude
 0.000000E+0000	 0.000000E+0000	-3.300000E-0005	 3.494752E-0002
 3.072000E-0004	 0.000000E+0000	-3.300000E-0005	 3.497281E-0002
 6.144000E-0004	 2.936300E-0002	-3.300000E-0005	 3.506213E-0002
 9.216000E-0004	 5.872599E-0002	-3.300000E-0005	 3.509111E-0002
 1.228800E-0003	 8.808899E-0002	-3.300000E-0005	 3.489415E-0002
 1.536000E-0003	 1.174168E-0001	-3.300000E-0005	 3.499992E-0002
 1.843200E-0003	 1.467799E-0001	-3.300000E-0005	 3.505633E-0002
 2.150400E-0003	 1.761429E-0001	-3.300000E-0005	 3.498782E-0002
 2.457600E-0003	 2.055058E-0001	-3.300000E-0005	 3.551033E-0002
 2.764800E-0003	 2.348337E-0001	-3.300000E-0005	 3.532945E-0002
 3.072000E-0003	 2.641967E-0001	-3.300000E-0005	 3.527395E-0002
 3.379200E-0003	 2.935597E-0001	-3.300000E-0005	 3.520724E-0002
 3.686400E-0003	 3.229227E-0001	-3.300000E-0005	 3.554165E-0002
 3.993600E-0003	 3.522506E-0001	-3.300000E-0005	 3.558234E-0002
 4.300800E-0003	 3.816136E-0001	-3.300000E-0005	 3.571718E-0002
 4.608000E-0003	 4.109766E-0001	-3.300000E-0005	 3.578659E-0002
 4.915200E-0003	 4.403396E-0001	-3.300000E-0005	 3.563317E-0002
 5.222400E-0003	 4.696674E-0001	-3.300000E-0005	 3.571120E-0002
 5.529600E-0003	 4.990304E-0001	-3.300000E-0005	 3.575366E-0002
 5.836800E-0003	 5.283934E-0001	-3.300000E-0005	 3.606775E-0002
 6.144000E-0003	 5.577564E-0001	-3.300000E-0005	 3.598474E-0002
 6.451200E-0003	 5.870843E-0001	-3.300000E-0005	 3.600610E-0002
 6.758400E-0003	 6.164473E-0001	-3.300000E-0005	 3.599564E-0002
 7.065600E-0003	 6.458103E-0001	-3.300000E-0005	 3.602324E-0002
 7.372800E-0003	 6.751733E-0001	-3.300000E-0005	 3.620833E-0002
 7.680000E-0003	 7.045012E-0001	-3.300000E-0005	 3.624983E-0002
 7.987200E-0003	 7.338642E-0001	-3.300000E-0005	 3.627486E-0002
 8.294400E-0003	 7.632272E-0001	-3.300000E-0005	 3.636132E-0002
 8.601600E-0003	 7.925902E-0001	-3.300000E-0005	 3.642128E-0002
 8.908800E-0003	 8.219180E-0001	-3.300000E-0005	 3.638458E-0002
 9.216000E-0003	 8.512810E-0001	-3.300000E-0005	 3.656507E-0002
 9.523200E-0003	 8.806440E-0001	-3.300000E-0005	 3.682519E-0002
 9.830400E-0003	 9.100070E-0001	-3.300000E-0005	 3.663327E-0002
 1.013760E-0002	 9.393349E-0001	-3.300000E-0005	 3.681495E-0002
 1.044480E-0002	 9.686979E-0001	-3.300000E-0005	 3.657177E-0002
 1.075200E-0002	 9.980609E-0001	-3.300000E-0005	 3.669569E-0002
 1.105920E-0002	 1.027424E+0000	-3.300000E-0005	 3.680666E-0002
 1.136640E-0002	 1.056752E+0000	-3.300000E-0005	 3.709435E-0002
 1.167360E-0002	 1.086115E+0000	-3.300000E-0005	 3.706978E-0002
 1.198080E-0002	 1.115478E+0000	-3.300000E-0005	 3.698395E-0002
 1.228800E-0002	 1.144841E+0000	-3.300000E-0005	 3.713090E-0002
 1.259520E-0002	 1.174169E+0000	-3.300000E-0005	 3.719392E-0002
 1.290240E-0002	 1.203532E+0000	-3.300000E-0005	 3.738702E-0002
 1.320960E-0002	 1.232895E+0000	-3.300000E-0005	 3.741417E-0002
 1.351680E-0002	 1.262258E+0000	-3.300000E-0005	 3.749173E-0002
 1.382400E-0002	 1.291585E+0000	-3.300000E-0005	 3.742809E-0002
 1.413120E-0002	 1.320948E+0000	-3.300000E-0005	 3.741546E-0002
 1.443840E-0002	 1.350311E+0000	-3.300000E-0005	 3.767653E-0002
 1.474560E-0002	 1.379674E+0000	-3.300000E-0005	 3.787054E-0002
 1.505280E-0002	 1.409002E+0000	-3.300000E-0005	 3.784237E-0002
 1.536000E-0002	 1.438365E+0000	-3.300000E-0005	 3.774712E-0002
 1.566720E-0002	 1.467728E+0000	-3.300000E-0005	 3.780029E-0002
 1.597440E-0002	 1.497091E+0000	-3.300000E-0005	 3.794356E-0002
 1.628160E-0002	 1.526419E+0000	-3.300000E-0005	 3.794027E-0002
 1.658880E-0002	 1.555782E+0000	-3.300000E-0005	 3.815517E-0002
 1.689600E-0002	 1.585145E+0000	-3.300000E-0005	 3.817916E-0002
 1.720320E-0002	 1.614508E+0000	-3.300000E-0005	 3.814129E-0002
 1.751040E-0002	 1.643836E+0000	-3.300000E-0005	 3.796720E-0002
 1.781760E-0002	 1.673199E+0000	-3.300000E-0005	 3.819667E-0002
 1.812480E-0002	 1.702562E+0000	-3.300000E-0005	 3.813705E-0002
 1.843200E-0002	 1.731925E+0000	-3.300000E-0005	 3.834853E-0002
 1.873920E-0002	 1.761253E+0000	-3.300000E-0005	 3.816806E-0002
 1.904640E-0002	 1.790616E+0000	-3.300000E-0005	 3.851332E-0002
 1.935360E-0002	 1.819979E+0000	-3.300000E-0005	 3.838996E-0002
 1.966080E-0002	 1.849342E+0000	-3.300000E-0005	 3.856592E-0002
 1.996800E-0002	 1.878670E+0000	-3.300000E-0005	 3.859390E-0002
 2.027520E-0002	 1.908033E+0000	-3.300000E-0005	 3.875873E-0002
 2.058240E-0002	 1.937396E+0000	-3.300000E-0005	 3.870132E-0002
 2.088960E-0002	 1.966759E+0000	-3.300000E-0005	 3.882344E-0002
 2.119680E-0002	 1.996087E+0000	-3.300000E-0005	 3.864727E-0002
 2.150400E-0002	 2.025450E+0000	-3.300000E-0005	 3.882457E-0002
 2.181120E-0002	 2.054813E+0000	-3.300000E-0005	 3.884703E-0002
 2.211840E-0002	 2.084176E+0000	-3.300000E-0005	 3.885186E-0002
 2.242560E-0002	 2.113504E+0000	-3.300000E-0005	 3.877091E-0002
 2.273280E-0002	 2.142866E+0000	-3.300000E-0005	 3.894017E-0002
 2.304000E-0002	 2.172229E+0000	-3.300000E-0005	 3.894103E-0002
 2.334720E-0002	 2.201592E+0000	-3.300000E-0005	 3.909153E-0002
 2.365440E-0002	 2.230920E+0000	-3.300000E-0005	 3.916826E-0002
 2.396160E-0002	 2.260283E+0000	-3.300000E-0005	 3.925931E-0002
 2.426880E-0002	 2.289646E+0000	-3.300000E-0005	 3.942557E-0002
 2.457600E-0002	 2.319009E+0000	-3.300000E-0005	 3.905597E-0002
 2.488320E-0002	 2.348337E+0000	-3.300000E-0005	 3.926578E-0002
 2.519040E-0002	 2.377700E+0000	-3.300000E-0005	 3.939655E-0002
 2.549760E-0002	 2.407063E+0000	-3.300000E-0005	 3.957696E-0002
 2.580480E-0002	 2.436426E+0000	-3.300000E-0005	 3.942390E-0002
 2.611200E-0002	 2.465754E+0000	-3.300000E-0005	 3.937583E-0002
 2.641920E-0002	 2.495117E+0000	-3.300000E-0005	 3.965548E-0002
 2.672640E-0002	 2.524480E+0000	-3.300000E-0005	 3.951894E-0002
 2.703360E-0002	 2.553843E+0000	-3.300000E-0005	 3.983516E-0002
 2.734080E-0002	 2.583171E+0000	-3.300000E-0005	 3.990978E-0002
 2.764800E-0002	 2.612534E+0000	-3.300000E-0005	 4.011617E-0002
 2.795520E-0002	 2.641897E+0000	-3.300000E-0005	 3.991996E-0002
 2.826240E-0002	 2.671260E+0000	-3.300000E-0005	 3.996503E-0002
 2.856960E-0002	 2.700588E+0000	-3.300000E-0005	 3.992940E-0002
 2.887680E-0002	 2.729951E+0000	-3.300000E-0005	 3.999990E-0002
 2.918400E-0002	 2.759314E+0000	-3.300000E-0005	 4.011751E-0002
 2.949120E-0002	 2.788677E+0000	-3.300000E-0005	 4.004316E-0002
 2.979840E-0002	 2.818005E+0000	-3.300000E-0005	 4.011903E-0002
 3.010560E-0002	 2.847368E+0000	-3.300000E-0005	 4.019034E-0002
 3.041280E-0002	 2.876731E+0000	-3.300000E-0005	 4.021305E-0002
 3.072000E-0002	 2.906094E+0000	-3.300000E-0005	 4.037517E-0002
 3.102720E-0002	 2.935422E+0000	-3.300000E-0005	 4.048237E-0002
 3.133440E-0002	 2.964785E+0000	-3.300000E-0005	 4.046153E-0002
 3.164160E-0002	 2.994148E+0000	-3.300000E-0005	 4.047021E-0002
 3.194880E-0002	 3.023511E+0000	-3.300000E-0005	 4.042691E-0002
 3.225600E-0002	 3.052838E+0000	-3.300000E-0005	 4.077526E-0002
 3.256320E-0002	 3.082201E+0000	-3.300000E-0005	 4.068382E-0002
 3.287040E-0002	 3.111564E+0000	-3.300000E-0005	 4.048887E-0002
 3.317760E-0002	 3.140927E+0000	-3.300000E-0005	 4.038129E-0002
 3.348480E-0002	 3.170255E+0000	-3.300000E-0005	 4.073026E-0002
 3.379200E-0002	 3.199618E+0000	-3.300000E-0005	 4.075751E-0002
 3.409920E-0002	 3.228981E+0000	-3.300000E-0005	 4.100772E-0002
 3.440640E-0002	 3.258344E+0000	-3.300000E-0005	 4.088617E-0002
 3.471360E-0002	 3.287672E+0000	-3.300000E-0005	 4.088651E-0002
 3.502080E-0002	 3.317035E+0000	-3.300000E-0005	 4.080781E-0002
 3.532800E-0002	 3.346398E+0000	-3.300000E-0005	 4.089194E-0002
 3.563520E-0002	 3.375761E+0000	-3.300000E-0005	 4.112821E-0002
 3.594240E-0002	 3.405089E+0000	-3.300000E-0005	 4.112241E-0002
 3.624960E-0002	 3.434452E+0000	-3.300000E-0005	 4.126944E-0002
 3.655680E-0002	 3.463815E+0000	-3.300000E-0005	 4.143597E-0002
 3.686400E-0002	 3.493178E+0000	-3.300000E-0005	 4.130444E-0002
 3.717120E-0002	 3.522506E+0000	-3.300000E-0005	 4.106403E-0002
 3.747840E-0002	 3.551869E+0000	-3.300000E-0005	 4.123045E-0002
 3.778560E-0002	 3.581232E+0000	-3.300000E-0005	 4.140763E-0002
 3.809280E-0002	 3.610595E+0000	-3.300000E-0005	 4.161987E-0002
 3.840000E-0002	 3.639923E+0000	-3.300000E-0005	 4.140565E-0002
 3.870720E-0002	 3.669286E+0000	-3.300000E-0005	 4.151843E-0002
 3.901440E-0002	 3.698649E+0000	-3.300000E-0005	 4.156532E-0002
 3.932160E-0002	 3.728012E+0000	-3.300000E-0005	 4.172026E-0002
 3.962880E-0002	 3.757340E+0000	-3.300000E-0005	 4.178600E-0002
 3.993600E-0002	 3.786703E+0000	-3.300000E-0005	 4.165365E-0002
 4.024320E-0002	 3.816066E+0000	-3.300000E-0005	 4.168096E-0002
 4.055040E-0002	 3.845429E+0000	-3.300000E-0005	 4.176594E-0002
 4.085760E-0002	 3.874756E+0000	-3.300000E-0005	 4.202184E-0002
 4.116480E-0002	 3.904119E+0000	-3.300000E-0005	 4.195227E-0002
 4.147200E-0002	 3.933482E+0000	-3.300000E-0005	 4.200145E-0002
 4.177920E-0002	 3.962845E+0000	-3.300000E-0005	 4.219325E-0002
 4.208640E-0002	 3.992173E+0000	-3.300000E-0005	 4.213880E-0002
 4.239360E-0002	 4.021536E+0000	-3.300000E-0005	 4.211748E-0002
 4.270080E-0002	 4.050899E+0000	-3.300000E-0005	 4.217797E-0002
 4.300800E-0002	 4.080262E+0000	-3.300000E-0005	 4.241773E-0002
 4.331520E-0002	 4.109590E+0000	-3.300000E-0005	 4.230392E-0002
 4.362240E-0002	 4.138953E+0000	-3.300000E-0005	 4.238815E-0002
 4.392960E-0002	 4.168316E+0000	-3.300000E-0005	 4.256171E-0002
 4.423680E-0002	 4.197679E+0000	-3.300000E-0005	 4.255657E-0002
 4.454400E-0002	 4.227007E+0000	-3.300000E-0005	 4.275997E-0002
 4.485120E-0002	 4.256370E+0000	-3.300000E-0005	 4.256884E-0002
 4.515840E-0002	 4.285733E+0000	-3.300000E-0005	 4.274605E-0002
 4.546560E-0002	 4.315096E+0000	-3.300000E-0005	 4.266885E-0002
 4.577280E-0002	 4.344424E+0000	-3.300000E-0005	 4.268193E-0002
 4.608000E-0002	 4.373787E+0000	-3.300000E-0005	 4.274260E-0002
 4.638720E-0002	 4.403150E+0000	-3.300000E-0005	 4.283071E-0002
 4.669440E-0002	 4.432513E+0000	-3.300000E-0005	 4.286623E-0002
 4.700160E-0002	 4.461841E+0000	-3.300000E-0005	 4.294276E-0002
 4.730880E-0002	 4.491204E+0000	-3.300000E-0005	 4.293030E-0002
 4.761600E-0002	 4.520567E+0000	-3.300000E-0005	 4.305271E-0002
 4.792320E-0002	 4.549930E+0000	-3.300000E-0005	 4.314986E-0002
 4.823040E-0002	 4.579258E+0000	-3.300000E-0005	 4.322216E-0002
 4.853760E-0002	 4.608621E+0000	-3.300000E-0005	 4.304427E-0002
 4.884480E-0002	 4.637984E+0000	-3.300000E-0005	 4.314087E-0002
 4.915200E-0002	 4.667347E+0000	-3.300000E-0005	 4.325787E-0002
 4.945920E-0002	 4.696674E+0000	-3.300000E-0005	 4.325752E-0002
 4.976640E-0002	 4.726037E+0000	-3.300000E-0005	 4.323650E-0002
 5.007360E-0002	 4.755400E+0000	-3.300000E-0005	 4.338226E-0002
 5.038080E-0002	 4.784763E+0000	-3.300000E-0005	 4.346214E-0002
 5.068800E-0002	 4.814091E+0000	-3.300000E-0005	 4.349267E-0002
 5.099520E-0002	 4.843454E+0000	-3.300000E-0005	 4.355433E-0002
 5.130240E-0002	 4.872817E+0000	-3.300000E-0005	 4.347986E-0002
 5.160960E-0002	 4.902180E+0000	-3.300000E-0005	 4.350518E-0002
 5.191680E-0002	 4.931508E+0000	-3.300000E-0005	 4.381043E-0002
 5.222400E-0002	 4.960871E+0000	-3.300000E-0005	 4.391044E-0002
 5.253120E-0002	 4.990234E+0000	-3.300000E-0005	 4.389513E-0002
 5.283840E-0002	 5.019597E+0000	-3.300000E-0005	 4.389154E-0002
 5.314560E-0002	 5.048925E+0000	-3.300000E-0005	 4.408295E-0002
 5.345280E-0002	 5.078288E+0000	-3.300000E-0005	 4.390429E-0002
 5.376000E-0002	 5.107651E+0000	-3.300000E-0005	 4.396037E-0002
 5.406720E-0002	 5.137014E+0000	-3.300000E-0005	 4.401085E-0002
 5.437440E-0002	 5.166342E+0000	-3.300000E-0005	 4.395416E-0002
 5.468160E-0002	 5.195705E+0000	-3.300000E-0005	 4.382823E-0002
 5.498880E-0002	 5.225068E+0000	-3.300000E-0005	 4.387700E-0002
 5.529600E-0002	 5.254431E+0000	-3.300000E-0005	 4.393254E-0002
 5.560320E-0002	 5.283759E+0000	-3.300000E-0005	 4.410156E-0002
 5.591040E-0002	 5.313122E+0000	-3.300000E-0005	 4.418959E-0002
 5.621760E-0002	 5.342485E+0000	-3.300000E-0005	 4.412704E-0002
 5.652480E-0002	 5.371848E+0000	-3.300000E-0005	 4.413172E-0002
 5.683200E-0002	 5.401176E+0000	-3.300000E-0005	 4.418750E-0002
 5.713920E-0002	 5.430539E+0000	-3.300000E-0005	 4.424079E-0002
 5.744640E-0002	 5.459902E+0000	-3.300000E-0005	 4.426081E-0002
 5.775360E-0002	 5.489265E+0000	-3.300000E-0005	 4.434906E-0002
 5.806080E-0002	 5.518592E+0000	-3.300000E-0005	 4.424231E-0002
 5.836800E-0002	 5.547955E+0000	-3.300000E-0005	 4.413076E-0002
 5.867520E-0002	 5.577318E+0000	-3.300000E-0005	 4.447636E-0002
 5.898240E-0002	 5.606681E+0000	-3.300000E-0005	 4.469537E-0002
 5.928960E-0002	 5.636009E+0000	-3.300000E-0005	 4.503101E-0002
 5.959680E-0002	 5.665372E+0000	-3.300000E-0005	 4.496322E-0002
 5.990400E-0002	 5.694735E+0000	-3.300000E-0005	 4.476961E-0002
 6.021120E-0002	 5.724098E+0000	-3.300000E-0005	 4.480344E-0002
 6.051840E-0002	 5.753426E+0000	-3.300000E-0005	 4.494505E-0002
 6.082560E-0002	 5.782789E+0000	-3.300000E-0005	 4.468944E-0002
 6.113280E-0002	 5.812152E+0000	-3.300000E-0005	 4.507445E-0002
 6.144000E-0002	 5.841515E+0000	-3.300000E-0005	 4.511159E-0002
 6.174720E-0002	 5.870843E+0000	-3.300000E-0005	 4.502557E-0002
 6.205440E-0002	 5.900206E+0000	-3.300000E-0005	 4.481823E-0002
 6.236160E-0002	 5.929569E+0000	-3.300000E-0005	 4.508476E-0002
 6.266880E-0002	 5.958932E+0000	-3.300000E-0005	 4.535473E-0002
 6.297600E-0002	 5.988260E+0000	-3.300000E-0005	 4.545239E-0002
 6.328320E-0002	 6.017623E+0000	-3.300000E-0005	 4.519535E-0002
 6.359040E-0002	 6.046986E+0000	-3.300000E-0005	 4.510651E-0002
 6.389760E-0002	 6.076349E+0000	-3.300000E-0005	 4.518806E-0002
 6.420480E-0002	 6.105677E+0000	-3.300000E-0005	 4.539067E-0002
 6.451200E-0002	 6.135040E+0000	-3.300000E-0005	 4.549440E-0002
 6.481920E-0002	 6.164403E+0000	-3.300000E-0005	 4.546128E-0002
 6.512640E-0002	 6.193766E+0000	-3.300000E-0005	 4.555752E-0002
 6.543360E-0002	 6.223094E+0000	-3.300000E-0005	 4.567953E-0002
 6.574080E-0002	 6.252457E+0000	-3.300000E-0005	 4.573213E-0002
 6.604800E-0002	 6.281820E+0000	-3.300000E-0005	 4.584619E-0002
 6.635520E-0002	 6.311183E+0000	-3.300000E-0005	 4.588216E-0002
 6.666240E-0002	 6.340511E+0000	-3.300000E-0005	 4.568540E-0002
 6.696960E-0002	 6.369874E+0000	-3.300000E-0005	 4.557995E-0002
 6.727680E-0002	 6.399236E+0000	-3.300000E-0005	 4.573849E-0002
 6.758400E-0002	 6.428599E+0000	-3.300000E-0005	 4.607629E-0002
 6.789120E-0002	 6.457927E+0000	-3.300000E-0005	 4.629835E-0002
 6.819840E-0002	 6.487290E+0000	-3.300000E-0005	 4.616751E-0002
 6.850560E-0002	 6.516653E+0000	-3.300000E-0005	 4.627267E-0002
 6.881280E-0002	 6.546016E+0000	-3.300000E-0005	 4.626727E-0002
 6.912000E-0002	 6.575344E+0000	-3.300000E-0005	 4.611199E-0002
 6.942720E-0002	 6.604707E+0000	-3.300000E-0005	 4.626191E-0002
 6.973440E-0002	 6.634070E+0000	-3.300000E-0005	 4.649827E-0002
 7.004160E-0002	 6.663433E+0000	-3.300000E-0005	 4.658034E-0002
 7.034880E-0002	 6.692761E+0000	-3.300000E-0005	 4.658036E-0002
 7.065600E-0002	 6.722124E+0000	-3.300000E-0005	 4.656683E-0002
 7.096320E-0002	 6.751487E+0000	-3.300000E-0005	 4.648620E-0002
 7.127040E-0002	 6.780850E+0000	-3.300000E-0005	 4.643466E-0002
 7.157760E-0002	 6.810178E+0000	-3.300000E-0005	 4.654363E-0002
 7.188480E-0002	 6.839541E+0000	-3.300000E-0005	 4.665858E-0002
 7.219200E-0002	 6.868904E+0000	-3.300000E-0005	 4.671385E-0002
 7.249920E-0002	 6.898267E+0000	-3.300000E-0005	 4.661899E-0002
 7.280640E-0002	 6.927595E+0000	-3.300000E-0005	 4.669583E-0002
 7.311360E-0002	 6.956958E+0000	-3.300000E-0005	 4.683848E-0002
 7.342080E-0002	 6.986321E+0000	-3.300000E-0005	 4.683902E-0002
 7.372800E-0002	 7.015684E+0000	-3.300000E-0005	 4.702593E-0002
 7.403520E-0002	 7.045012E+0000	-3.300000E-0005	 4.688047E-0002
 7.434240E-0002	 7.074375E+0000	-3.300000E-0005	 4.693110E-0002
 7.464960E-0002	 7.103738E+0000	-3.300000E-0005	 4.686007E-0002
 7.495680E-0002	 7.133101E+0000	-3.300000E-0005	 4.690238E-0002
 7.526400E-0002	 7.162429E+0000	-3.300000E-0005	 4.677224E-0002
 7.557120E-0002	 7.191792E+0000	-3.300000E-0005	 4.676878E-0002
 7.587840E-0002	 7.221155E+0000	-3.300000E-0005	 4.688274E-0002
 7.618560E-0002	 7.250518E+0000	-3.300000E-0005	 4.690007E-0002
 7.649280E-0002	 7.279845E+0000	-3.300000E-0005	 4.684313E-0002
 7.680000E-0002	 7.309208E+0000	-3.300000E-0005	 4.689571E-0002
 7.710720E-0002	 7.338571E+0000	-3.300000E-0005	 4.707068E-0002
 7.741440E-0002	 7.367934E+0000	-3.300000E-0005	 4.695248E-0002
 7.772160E-0002	 7.397262E+0000	-3.300000E-0005	 4.697519E-0002
 7.802880E-0002	 7.426625E+0000	-3.300000E-0005	 4.692793E-0002
 7.833600E-0002	 7.455988E+0000	-3.300000E-0005	 4.695325E-0002
 7.864320E-0002	 7.485351E+0000	-3.300000E-0005	 4.685629E-0002
 7.895040E-0002	 7.514679E+0000	-3.300000E-0005	 4.687046E-0002
 7.925760E-0002	 7.544042E+0000	-3.300000E-0005	 4.685802E-0002
 7.956480E-0002	 7.573405E+0000	-3.300000E-0005	 4.700310E-0002
 7.987200E-0002	 7.602768E+0000	-3.300000E-0005	 4.688257E-0002
 8.017920E-0002	 7.632096E+0000	-3.300000E-0005	 4.700678E-0002
 8.048640E-0002	 7.661459E+0000	-3.300000E-0005	 4.699157E-0002
 8.079360E-0002	 7.690822E+0000	-3.300000E-0005	 4.702758E-0002
 8.110080E-0002	 7.720185E+0000	-3.300000E-0005	 4.704925E-0002
 8.140800E-0002	 7.749513E+0000	-3.300000E-0005	 4.696965E-0002
 8.171520E-0002	 7.778876E+0000	-3.300000E-0005	 4.694104E-0002
 8.202240E-0002	 7.808239E+0000	-3.300000E-0005	 4.693024E-0002
 8.232960E-0002	 7.837602E+0000	-3.300000E-0005	 4.694167E-0002
 8.263680E-0002	 7.866930E+0000	-3.300000E-0005	 4.701931E-0002
 8.294400E-0002	 7.896293E+0000	-3.300000E-0005	 4.694759E-0002
 8.325120E-0002	 7.925656E+0000	-3.300000E-0005	 4.702564E-0002
 8.355840E-0002	 7.955019E+0000	-3.300000E-0005	 4.695845E-0002
 8.386560E-0002	 7.984347E+0000	-3.300000E-0005	 4.689716E-0002
 8.417280E-0002	 8.013710E+0000	-3.300000E-0005	 4.701739E-0002
 8.448000E-0002	 8.043073E+0000	-3.300000E-0005	 4.720003E-0002
 8.478720E-0002	 8.072436E+0000	-3.300000E-0005	 4.709724E-0002
 8.509440E-0002	 8.101763E+0000	-3.300000E-0005	 4.719884E-0002
 8.540160E-0002	 8.131126E+0000	-3.300000E-0005	 4.697799E-0002
 8.570880E-0002	 8.160489E+0000	-3.300000E-0005	 4.695741E-0002
 8.601600E-0002	 8.189852E+0000	-3.300000E-0005	 4.697333E-0002
 8.632320E-0002	 8.219180E+0000	-3.300000E-0005	 4.696496E-0002
 8.663040E-0002	 8.248543E+0000	-3.300000E-0005	 4.697655E-0002
 8.693760E-0002	 8.277906E+0000	-3.300000E-0005	 4.694022E-0002
 8.724480E-0002	 8.307269E+0000	-3.300000E-0005	 4.698713E-0002
 8.755200E-0002	 8.336597E+0000	-3.300000E-0005	 4.702776E-0002
 8.785920E-0002	 8.365960E+0000	-3.300000E-0005	 4.702460E-0002
 8.816640E-0002	 8.395323E+0000	-3.300000E-0005	 4.709832E-0002
 8.847360E-0002	 8.424686E+0000	-3.300000E-0005	 4.702852E-0002
 8.878080E-0002	 8.454014E+0000	-3.300000E-0005	 4.712632E-0002
 8.908800E-0002	 8.483377E+0000	-3.300000E-0005	 4.703906E-0002
 8.939520E-0002	 8.512740E+0000	-3.300000E-0005	 4.713224E-0002
 8.970240E-0002	 8.542103E+0000	-3.300000E-0005	 4.707047E-0002
 9.000960E-0002	 8.571431E+0000	-3.300000E-0005	 4.712366E-0002
 9.031680E-0002	 8.600794E+0000	-3.300000E-0005	 4.708932E-0002
 9.062400E-0002	 8.630157E+0000	-3.300000E-0005	 4.714246E-0002
 9.093120E-0002	 8.659520E+0000	-3.300000E-0005	 4.708784E-0002
 9.123840E-0002	 8.688848E+0000	-3.300000E-0005	 4.707681E-0002
 9.154560E-0002	 8.718211E+0000	-3.300000E-0005	 4.705724E-0002
 9.185280E-0002	 8.747574E+0000	-3.300000E-0005	 4.700159E-0002
 9.216000E-0002	 8.776937E+0000	-3.300000E-0005	 4.711772E-0002
 9.246720E-0002	 8.806265E+0000	-3.300000E-0005	 4.693049E-0002
 9.277440E-0002	 8.835628E+0000	-3.300000E-0005	 4.709868E-0002
 9.308160E-0002	 8.864991E+0000	-3.300000E-0005	 4.704044E-0002
 9.338880E-0002	 8.894354E+0000	-3.300000E-0005	 4.714864E-0002
 9.369600E-0002	 8.923681E+0000	-3.300000E-0005	 4.709183E-0002
 9.400320E-0002	 8.953044E+0000	-3.300000E-0005	 4.713398E-0002
 9.431040E-0002	 8.982407E+0000	-3.300000E-0005	 4.722393E-0002
 9.461760E-0002	 9.011770E+0000	-3.300000E-0005	 4.713968E-0002
 9.492480E-0002	 9.041098E+0000	-3.300000E-0005	 4.717138E-0002
 9.523200E-0002	 9.070461E+0000	-3.300000E-0005	 4.713258E-0002
 9.553920E-0002	 9.099824E+0000	-3.300000E-0005	 4.716873E-0002
 9.584640E-0002	 9.129187E+0000	-3.300000E-0005	 4.712731E-0002
 9.615360E-0002	 9.158515E+0000	-3.300000E-0005	 4.711860E-0002
 9.646080E-0002	 9.187878E+0000	-3.300000E-0005	 4.699483E-0002
 9.676800E-0002	 9.217241E+0000	-3.300000E-0005	 4.709830E-0002
 9.707520E-0002	 9.246604E+0000	-3.300000E-0005	 4.716999E-0002
 9.738240E-0002	 9.275932E+0000	-3.300000E-0005	 4.722893E-0002
 9.768960E-0002	 9.305295E+0000	-3.300000E-0005	 4.704995E-0002
 9.799680E-0002	 9.334658E+0000	-3.300000E-0005	 4.715628E-0002
 9.830400E-0002	 9.364021E+0000	-3.300000E-0005	 4.714226E-0002
 9.861120E-0002	 9.393349E+0000	-3.300000E-0005	 4.718151E-0002
 9.891840E-0002	 9.422712E+0000	-3.300000E-0005	 4.710722E-0002
 9.922560E-0002	 9.452075E+0000	-3.300000E-0005	 4.713413E-0002
 9.953280E-0002	 9.481438E+0000	-3.300000E-0005	 4.716449E-0002
 9.984000E-0002	 9.510766E+0000	-3.300000E-0005	 4.702161E-0002
 1.001472E-0001	 9.540129E+0000	-3.300000E-0005	 4.719028E-0002
 1.004544E-0001	 9.569492E+0000	-3.300000E-0005	 4.706888E-0002
 1.007616E-0001	 9.598855E+0000	-3.300000E-0005	 4.719926E-0002
 1.010688E-0001	 9.628183E+0000	-3.300000E-0005	 4.715718E-0002
 1.013760E-0001	 9.657546E+0000	-3.300000E-0005	 4.724083E-0002
 1.016832E-0001	 9.686909E+0000	-3.300000E-0005	 4.731285E-0002
 1.019904E-0001	 9.716272E+0000	-3.300000E-0005	 4.728113E-0002
 1.022976E-0001	 9.745599E+0000	-3.300000E-0005	 4.727021E-0002
 1.026048E-0001	 9.774962E+0000	-3.300000E-0005	 4.717520E-0002
 1.029120E-0001	 9.804325E+0000	-3.300000E-0005	 4.722045E-0002
 1.032192E-0001	 9.833688E+0000	-3.300000E-0005	 4.718146E-0002
 1.035264E-0001	 9.863016E+0000	-3.300000E-0005	 4.722064E-0002
 1.038336E-0001	 9.892379E+0000	-3.300000E-0005	 4.715891E-0002
 1.041408E-0001	 9.921742E+0000	-3.300000E-0005	 4.720975E-0002
 1.044480E-0001	 9.951105E+0000	-3.300000E-0005	 4.710985E-0002
 1.047552E-0001	 9.980433E+0000	-3.300000E-0005	 4.719251E-0002
 1.050624E-0001	 1.000979E+0001	-3.300000E-0005	 4.724157E-0002
 1.053696E-0001	 1.003915E+0001	-3.300000E-0005	 4.726135E-0002
 1.056768E-0001	 1.006852E+0001	-3.300000E-0005	 4.732130E-0002
 1.059840E-0001	 1.009785E+0001	-3.300000E-0005	 4.730545E-0002
 1.062912E-0001	 1.012721E+0001	-3.300000E-0005	 4.734488E-0002
 1.065984E-0001	 1.015657E+0001	-3.300000E-0005	 4.724021E-0002
 1.069056E-0001	 1.018593E+0001	-3.300000E-0005	 4.720285E-0002
 1.072128E-0001	 1.021526E+0001	-3.300000E-0005	 4.712527E-0002
 1.075200E-0001	 1.024463E+0001	-3.300000E-0005	 4.714764E-0002
 1.078272E-0001	 1.027399E+0001	-3.300000E-0005	 4.711088E-0002
 1.081344E-0001	 1.030335E+0001	-3.300000E-0005	 4.716072E-0002
 1.084416E-0001	 1.033268E+0001	-3.300000E-0005	 4.710177E-0002
 1.087488E-0001	 1.036204E+0001	-3.300000E-0005	 4.722473E-0002
 1.090560E-0001	 1.039141E+0001	-3.300000E-0005	 4.724152E-0002
 1.093632E-0001	 1.042077E+0001	-3.300000E-0005	 4.724506E-0002
 1.096704E-0001	 1.045010E+0001	-3.300000E-0005	 4.726287E-0002
 1.099776E-0001	 1.047946E+0001	-3.300000E-0005	 4.723566E-0002
 1.102848E-0001	 1.050882E+0001	-3.300000E-0005	 4.732203E-0002
 1.105920E-0001	 1.053819E+0001	-3.300000E-0005	 4.719353E-0002
 1.108992E-0001	 1.056751E+0001	-3.300000E-0005	 4.716811E-0002
 1.112064E-0001	 1.059688E+0001	-3.300000E-0005	 4.713242E-0002
 1.115136E-0001	 1.062624E+0001	-3.300000E-0005	 4.718751E-0002
 1.118208E-0001	 1.065560E+0001	-3.300000E-0005	 4.726533E-0002
 1.121280E-0001	 1.068493E+0001	-3.300000E-0005	 4.720206E-0002
 1.124352E-0001	 1.071429E+0001	-3.300000E-0005	 4.733370E-0002
 1.127424E-0001	 1.074366E+0001	-3.300000E-0005	 4.724635E-0002
 1.130496E-0001	 1.077302E+0001	-3.300000E-0005	 4.722435E-0002
 1.133568E-0001	 1.080235E+0001	-3.300000E-0005	 4.720331E-0002
 1.136640E-0001	 1.083171E+0001	-3.300000E-0005	 4.722543E-0002
 1.139712E-0001	 1.086107E+0001	-3.300000E-0005	 4.720919E-0002
 1.142784E-0001	 1.089044E+0001	-3.300000E-0005	 4.726523E-0002
 1.145856E-0001	 1.091976E+0001	-3.300000E-0005	 4.730195E-0002
 1.148928E-0001	 1.094913E+0001	-3.300000E-0005	 4.730745E-0002
 1.152000E-0001	 1.097849E+0001	-3.300000E-0005	 4.721911E-0002
 1.155072E-0001	 1.100785E+0001	-3.300000E-0005	 4.721540E-0002
 1.158144E-0001	 1.103718E+0001	-3.300000E-0005	 4.712356E-0002
 1.161216E-0001	 1.106654E+0001	-3.300000E-0005	 4.718492E-0002
 1.164288E-0001	 1.109591E+0001	-3.300000E-0005	 4.727381E-0002
 1.167360E-0001	 1.112527E+0001	-3.300000E-0005	 4.727762E-0002
 1.170432E-0001	 1.115460E+0001	-3.300000E-0005	 4.725325E-0002
 1.173504E-0001	 1.118396E+0001	-3.300000E-0005	 4.726167E-0002
 1.176576E-0001	 1.121332E+0001	-3.300000E-0005	 4.719596E-0002
 1.179648E-0001	 1.124269E+0001	-3.300000E-0005	 4.724838E-0002
 1.182720E-0001	 1.127201E+0001	-3.300000E-0005	 4.729600E-0002
 1.185792E-0001	 1.130138E+0001	-3.300000E-0005	 4.726526E-0002
 1.188864E-0001	 1.133074E+0001	-3.300000E-0005	 4.724649E-0002
 1.191936E-0001	 1.136010E+0001	-3.300000E-0005	 4.720445E-0002
 1.195008E-0001	 1.138943E+0001	-3.300000E-0005	 4.726860E-0002
 1.198080E-0001	 1.141879E+0001	-3.300000E-0005	 4.727868E-0002
 1.201152E-0001	 1.144816E+0001	-3.300000E-0005	 4.729721E-0002
 1.204224E-0001	 1.147752E+0001	-3.300000E-0005	 4.734163E-0002
 1.207296E-0001	 1.150685E+0001	-3.300000E-0005	 4.732633E-0002
 1.210368E-0001	 1.153621E+0001	-3.300000E-0005	 4.723111E-0002
 1.213440E-0001	 1.156557E+0001	-3.300000E-0005	 4.735120E-0002
 1.216512E-0001	 1.159494E+0001	-3.300000E-0005	 4.719607E-0002
 1.219584E-0001	 1.162426E+0001	-3.300000E-0005	 4.725311E-0002
 1.222656E-0001	 1.165363E+0001	-3.300000E-0005	 4.717608E-0002
 1.225728E-0001	 1.168299E+0001	-3.300000E-0005	 4.718550E-0002
 1.228800E-0001	 1.171235E+0001	-3.300000E-0005	 4.725638E-0002
 1.231872E-0001	 1.174168E+0001	-3.300000E-0005	 4.733540E-0002
 1.234944E-0001	 1.177104E+0001	-3.300000E-0005	 4.731894E-0002
 1.238016E-0001	 1.180041E+0001	-3.300000E-0005	 4.737205E-0002
 1.241088E-0001	 1.182977E+0001	-3.300000E-0005	 4.729354E-0002
 1.244160E-0001	 1.185910E+0001	-3.300000E-0005	 4.737095E-0002
 1.247232E-0001	 1.188846E+0001	-3.300000E-0005	 4.725334E-0002
 1.250304E-0001	 1.191782E+0001	-3.300000E-0005	 4.731759E-0002
 1.253376E-0001	 1.194719E+0001	-3.300000E-0005	 4.728700E-0002
 1.256448E-0001	 1.197652E+0001	-3.300000E-0005	 4.721543E-0002
 1.259520E-0001	 1.200588E+0001	-3.300000E-0005	 4.727563E-0002
 1.262592E-0001	 1.203524E+0001	-3.300000E-0005	 4.719918E-0002
 1.265664E-0001	 1.206460E+0001	-3.300000E-0005	 4.718325E-0002
 1.268736E-0001	 1.209393E+0001	-3.300000E-0005	 4.721807E-0002
 1.271808E-0001	 1.212330E+0001	-3.300000E-0005	 4.731966E-0002
 1.274880E-0001	 1.215266E+0001	-3.300000E-0005	 4.733645E-0002
 1.277952E-0001	 1.218202E+0001	-3.300000E-0005	 4.728066E-0002
 1.281024E-0001	 1.221135E+0001	-3.300000E-0005	 4.729353E-0002
 1.284096E-0001	 1.224071E+0001	-3.300000E-0005	 4.738265E-0002
 1.287168E-0001	 1.227008E+0001	-3.300000E-0005	 4.735288E-0002
 1.290240E-0001	 1.229944E+0001	-3.300000E-0005	 4.742013E-0002
 1.293312E-0001	 1.232877E+0001	-3.300000E-0005	 4.731709E-0002
 1.296384E-0001	 1.235813E+0001	-3.300000E-0005	 4.726831E-0002
 1.299456E-0001	 1.238749E+0001	-3.300000E-0005	 4.724454E-0002
 1.302528E-0001	 1.241685E+0001	-3.300000E-0005	 4.723467E-0002
 1.305600E-0001	 1.244618E+0001	-3.300000E-0005	 4.725297E-0002
 1.308672E-0001	 1.247555E+0001	-3.300000E-0005	 4.721921E-0002
 1.311744E-0001	 1.250491E+0001	-3.300000E-0005	 4.715264E-0002
 1.314816E-0001	 1.253427E+0001	-3.300000E-0005	 4.726031E-0002
 1.317888E-0001	 1.256360E+0001	-3.300000E-0005	 4.724527E-0002
 1.320960E-0001	 1.259296E+0001	-3.300000E-0005	 4.727085E-0002
 1.324032E-0001	 1.262233E+0001	-3.300000E-0005	 4.726665E-0002
 1.327104E-0001	 1.265169E+0001	-3.300000E-0005	 4.729953E-0002
 1.330176E-0001	 1.268102E+0001	-3.300000E-0005	 4.719506E-0002
 1.333248E-0001	 1.271038E+0001	-3.300000E-0005	 4.728081E-0002
 1.336320E-0001	 1.273974E+0001	-3.300000E-0005	 4.721482E-0002
 1.339392E-0001	 1.276911E+0001	-3.300000E-0005	 4.727589E-0002
 1.342464E-0001	 1.279843E+0001	-3.300000E-0005	 4.726833E-0002
 1.345536E-0001	 1.282780E+0001	-3.300000E-0005	 4.735347E-0002
 1.348608E-0001	 1.285716E+0001	-3.300000E-0005	 4.729794E-0002
 1.351680E-0001	 1.288652E+0001	-3.300000E-0005	 4.726392E-0002
 1.354752E-0001	 1.291585E+0001	-3.300000E-0005	 4.726476E-0002
 1.357824E-0001	 1.294521E+0001	-3.300000E-0005	 4.731915E-0002
 1.360896E-0001	 1.297458E+0001	-3.300000E-0005	 4.730722E-0002
 1.363968E-0001	 1.300394E+0001	-3.300000E-0005	 4.726560E-0002
 1.367040E-0001	 1.303327E+0001	-3.300000E-0005	 4.728904E-0002
 1.370112E-0001	 1.306263E+0001	-3.300000E-0005	 4.727504E-0002
 1.373184E-0001	 1.309199E+0001	-3.300000E-0005	 4.732837E-0002
 1.376256E-0001	 1.312136E+0001	-3.300000E-0005	 4.731444E-0002
 1.379328E-0001	 1.315068E+0001	-3.300000E-0005	 4.730242E-0002
 1.382400E-0001	 1.318005E+0001	-3.300000E-0005	 4.721582E-0002
 1.385472E-0001	 1.320941E+0001	-3.300000E-0005	 4.738604E-0002
 1.388544E-0001	 1.323877E+0001	-3.300000E-0005	 4.733281E-0002
 1.391616E-0001	 1.326810E+0001	-3.300000E-0005	 4.736144E-0002
 1.394688E-0001	 1.329746E+0001	-3.300000E-0005	 4.721406E-0002
 1.397760E-0001	 1.332683E+0001	-3.300000E-0005	 4.735147E-0002
 1.400832E-0001	 1.335619E+0001	-3.300000E-0005	 4.724003E-0002
 1.403904E-0001	 1.338552E+0001	-3.300000E-0005	 4.735713E-0002
 1.406976E-0001	 1.341488E+0001	-3.300000E-0005	 4.730222E-0002
 1.410048E-0001	 1.344424E+0001	-3.300000E-0005	 4.734808E-0002
 1.413120E-0001	 1.347361E+0001	-3.300000E-0005	 4.730307E-0002
 1.416192E-0001	 1.350293E+0001	-3.300000E-0005	 4.730568E-0002
 1.419264E-0001	 1.353230E+0001	-3.300000E-0005	 4.731925E-0002
 1.422336E-0001	 1.356166E+0001	-3.300000E-0005	 4.734313E-0002
 1.425408E-0001	 1.359102E+0001	-3.300000E-0005	 4.727803E-0002
 1.428480E-0001	 1.362035E+0001	-3.300000E-0005	 4.731239E-0002
 1.431552E-0001	 1.364971E+0001	-3.300000E-0005	 4.731051E-0002
 1.434624E-0001	 1.367908E+0001	-3.300000E-0005	 4.730380E-0002
 1.437696E-0001	 1.370844E+0001	-3.300000E-0005	 4.735996E-0002
 1.440768E-0001	 1.373777E+0001	-3.300000E-0005	 4.732177E-0002
 1.443840E-0001	 1.376713E+0001	-3.300000E-0005	 4.744225E-0002
 1.446912E-0001	 1.379649E+0001	-3.300000E-0005	 4.740650E-0002
 1.449984E-0001	 1.382586E+0001	-3.300000E-0005	 4.728397E-0002
 1.453056E-0001	 1.385519E+0001	-3.300000E-0005	 4.732829E-0002
 1.456128E-0001	 1.388455E+0001	-3.300000E-0005	 4.725001E-0002
 1.459200E-0001	 1.391391E+0001	-3.300000E-0005	 4.732465E-0002
 1.462272E-0001	 1.394327E+0001	-3.300000E-0005	 4.729838E-0002
 1.465344E-0001	 1.397260E+0001	-3.300000E-0005	 4.726249E-0002
 1.468416E-0001	 1.400196E+0001	-3.300000E-0005	 4.725514E-0002
 1.471488E-0001	 1.403133E+0001	-3.300000E-0005	 4.725901E-0002
 1.474560E-0001	 1.406069E+0001	-3.300000E-0005	 4.733681E-0002
 1.477632E-0001	 1.409002E+0001	-3.300000E-0005	 4.730931E-0002
 1.480704E-0001	 1.411938E+0001	-3.300000E-0005	 4.736871E-0002
 1.483776E-0001	 1.414874E+0001	-3.300000E-0005	 4.731725E-0002
 1.486848E-0001	 1.417811E+0001	-3.300000E-0005	 4.737393E-0002
 1.489920E-0001	 1.420744E+0001	-3.300000E-0005	 4.742860E-0002
 1.492992E-0001	 1.423680E+0001	-3.300000E-0005	 4.745357E-0002
 1.496064E-0001	 1.426616E+0001	-3.300000E-0005	 4.745714E-0002
 1.499136E-0001	 1.429552E+0001	-3.300000E-0005	 4.744908E-0002
 1.502208E-0001	 1.432485E+0001	-3.300000E-0005	 4.740309E-0002
 1.505280E-0001	 1.435422E+0001	-3.300000E-0005	 4.741745E-0002
 1.508352E-0001	 1.438358E+0001	-3.300000E-0005	 4.735835E-0002
 1.511424E-0001	 1.441294E+0001	-3.300000E-0005	 4.732563E-0002
 1.514496E-0001	 1.444227E+0001	-3.300000E-0005	 4.736925E-0002
 1.517568E-0001	 1.447163E+0001	-3.300000E-0005	 4.741376E-0002
 1.520640E-0001	 1.450100E+0001	-3.300000E-0005	 4.743349E-0002
 1.523712E-0001	 1.453036E+0001	-3.300000E-0005	 4.733115E-0002
 1.526784E-0001	 1.455969E+0001	-3.300000E-0005	 4.732300E-0002
 1.529856E-0001	 1.458905E+0001	-3.300000E-0005	 4.722430E-0002
 1.532928E-0001	 1.461841E+0001	-3.300000E-0005	 4.725681E-0002
 1.536000E-0001	 1.464778E+0001	-3.300000E-0005	 4.731795E-0002
 1.539072E-0001	 1.467710E+0001	-3.300000E-0005	 4.732895E-0002
 1.542144E-0001	 1.470647E+0001	-3.300000E-0005	 4.737590E-0002
 1.545216E-0001	 1.473583E+0001	-3.300000E-0005	 4.735193E-0002
 1.548288E-0001	 1.476519E+0001	-3.300000E-0005	 4.740316E-0002
 1.551360E-0001	 1.479452E+0001	-3.300000E-0005	 4.739254E-0002
 1.554432E-0001	 1.482388E+0001	-3.300000E-0005	 4.736095E-0002
 1.557504E-0001	 1.485325E+0001	-3.300000E-0005	 4.730412E-0002
 1.560576E-0001	 1.488261E+0001	-3.300000E-0005	 4.736342E-0002
 1.563648E-0001	 1.491194E+0001	-3.300000E-0005	 4.726143E-0002
 1.566720E-0001	 1.494130E+0001	-3.300000E-0005	 4.733250E-0002
 1.569792E-0001	 1.497066E+0001	-3.300000E-0005	 4.727422E-0002
 1.572864E-0001	 1.500003E+0001	-3.300000E-0005	 4.730866E-0002
 1.575936E-0001	 1.497066E+0001	-3.300000E-0005	 4.733407E-0002
 1.579008E-0001	 1.494130E+0001	-3.300000E-0005	 4.736362E-0002
 1.582080E-0001	 1.491194E+0001	-3.300000E-0005	 4.727827E-0002
 1.585152E-0001	 1.488261E+0001	-3.300000E-0005	 4.744298E-0002
 1.588224E-0001	 1.485325E+0001	-3.300000E-0005	 4.730540E-0002
 1.591296E-0001	 1.482388E+0001	-3.300000E-0005	 4.751662E-0002
 1.594368E-0001	 1.479452E+0001	-3.300000E-0005	 4.735850E-0002
 1.597440E-0001	 1.476519E+0001	-3.300000E-0005	 4.745865E-0002
 1.600512E-0001	 1.473583E+0001	-3.300000E-0005	 4.728370E-0002
 1.603584E-0001	 1.470647E+0001	-3.300000E-0005	 4.733374E-0002
 1.606656E-0001	 1.467710E+0001	-3.300000E-0005	 4.728089E-0002
 1.609728E-0001	 1.464778E+0001	-3.300000E-0005	 4.724754E-0002
 1.612800E-0001	 1.461841E+0001	-3.300000E-0005	 4.729130E-0002
 1.615872E-0001	 1.458905E+0001	-3.300000E-0005	 4.729454E-0002
 1.618944E-0001	 1.455969E+0001	-3.300000E-0005	 4.730878E-0002
 1.622016E-0001	 1.453036E+0001	-3.300000E-0005	 4.741649E-0002
 1.625088E-0001	 1.450100E+0001	-3.300000E-0005	 4.730482E-0002
 1.628160E-0001	 1.447163E+0001	-3.300000E-0005	 4.737242E-0002
 1.631232E-0001	 1.444227E+0001	-3.300000E-0005	 4.728482E-0002
 1.634304E-0001	 1.441294E+0001	-3.300000E-0005	 4.737609E-0002
 1.637376E-0001	 1.438358E+0001	-3.300000E-0005	 4.743121E-0002
 1.640448E-0001	 1.435422E+0001	-3.300000E-0005	 4.740438E-0002
 1.643520E-0001	 1.432485E+0001	-3.300000E-0005	 4.744350E-0002
 1.646592E-0001	 1.429552E+0001	-3.300000E-0005	 4.736004E-0002
 1.649664E-0001	 1.426616E+0001	-3.300000E-0005	 4.751699E-0002
 1.652736E-0001	 1.423680E+0001	-3.300000E-0005	 4.736808E-0002
 1.655808E-0001	 1.420744E+0001	-3.300000E-0005	 4.736947E-0002
 1.658880E-0001	 1.417811E+0001	-3.300000E-0005	 4.735244E-0002
 1.661952E-0001	 1.414874E+0001	-3.300000E-0005	 4.729854E-0002
 1.665024E-0001	 1.411938E+0001	-3.300000E-0005	 4.737359E-0002
 1.668096E-0001	 1.409002E+0001	-3.300000E-0005	 4.737304E-0002
 1.671168E-0001	 1.406069E+0001	-3.300000E-0005	 4.743109E-0002
 1.674240E-0001	 1.403133E+0001	-3.300000E-0005	 4.734958E-0002
 1.677312E-0001	 1.400196E+0001	-3.300000E-0005	 4.742518E-0002
 1.680384E-0001	 1.397260E+0001	-3.300000E-0005	 4.738610E-0002
 1.683456E-0001	 1.394327E+0001	-3.300000E-0005	 4.746271E-0002
 1.686528E-0001	 1.391391E+0001	-3.300000E-0005	 4.738472E-0002
 1.689600E-0001	 1.388455E+0001	-3.300000E-0005	 4.739152E-0002
 1.692672E-0001	 1.385519E+0001	-3.300000E-0005	 4.736050E-0002
 1.695744E-0001	 1.382586E+0001	-3.300000E-0005	 4.725492E-0002
 1.698816E-0001	 1.379649E+0001	-3.300000E-0005	 4.729206E-0002
 1.701888E-0001	 1.376713E+0001	-3.300000E-0005	 4.719644E-0002
 1.704960E-0001	 1.373777E+0001	-3.300000E-0005	 4.740141E-0002
 1.708032E-0001	 1.370844E+0001	-3.300000E-0005	 4.726491E-0002
 1.711104E-0001	 1.367908E+0001	-3.300000E-0005	 4.738975E-0002
 1.714176E-0001	 1.364971E+0001	-3.300000E-0005	 4.727520E-0002
 1.717248E-0001	 1.362035E+0001	-3.300000E-0005	 4.739604E-0002
 1.720320E-0001	 1.359102E+0001	-3.300000E-0005	 4.735555E-0002
 1.723392E-0001	 1.356166E+0001	-3.300000E-0005	 4.736539E-0002
 1.726464E-0001	 1.353230E+0001	-3.300000E-0005	 4.728385E-0002
 1.729536E-0001	 1.350293E+0001	-3.300000E-0005	 4.735902E-0002
 1.732608E-0001	 1.347361E+0001	-3.300000E-0005	 4.727853E-0002
 1.735680E-0001	 1.344424E+0001	-3.300000E-0005	 4.733745E-0002
 1.738752E-0001	 1.341488E+0001	-3.300000E-0005	 4.738308E-0002
 1.741824E-0001	 1.338552E+0001	-3.300000E-0005	 4.743869E-0002
 1.744896E-0001	 1.335619E+0001	-3.300000E-0005	 4.734433E-0002
 1.747968E-0001	 1.332683E+0001	-3.300000E-0005	 4.733180E-0002
 1.751040E-0001	 1.329746E+0001	-3.300000E-0005	 4.727839E-0002
 1.754112E-0001	 1.326810E+0001	-3.300000E-0005	 4.730849E-0002
 1.757184E-0001	 1.323877E+0001	-3.300000E-0005	 4.744713E-0002
 1.760256E-0001	 1.320941E+0001	-3.300000E-0005	 4.731971E-0002
 1.763328E-0001	 1.318005E+0001	-3.300000E-0005	 4.730483E-0002
 1.766400E-0001	 1.315068E+0001	-3.300000E-0005	 4.727798E-0002
 1.769472E-0001	 1.312136E+0001	-3.300000E-0005	 4.728845E-0002
 1.772544E-0001	 1.309199E+0001	-3.300000E-0005	 4.731061E-0002
 1.775616E-0001	 1.306263E+0001	-3.300000E-0005	 4.719673E-0002
 1.778688E-0001	 1.303327E+0001	-3.300000E-0005	 4.731672E-0002
 1.781760E-0001	 1.300394E+0001	-3.300000E-0005	 4.739786E-0002
 1.784832E-0001	 1.297458E+0001	-3.300000E-0005	 4.736124E-0002
 1.787904E-0001	 1.294521E+0001	-3.300000E-0005	 4.732790E-0002
 1.790976E-0001	 1.291585E+0001	-3.300000E-0005	 4.734369E-0002
 1.794048E-0001	 1.288652E+0001	-3.300000E-0005	 4.732220E-0002
 1.797120E-0001	 1.285716E+0001	-3.300000E-0005	 4.734762E-0002
 1.800192E-0001	 1.282780E+0001	-3.300000E-0005	 4.731882E-0002
 1.803264E-0001	 1.279843E+0001	-3.300000E-0005	 4.735533E-0002
 1.806336E-0001	 1.276911E+0001	-3.300000E-0005	 4.729175E-0002
 1.809408E-0001	 1.273974E+0001	-3.300000E-0005	 4.727005E-0002
 1.812480E-0001	 1.271038E+0001	-3.300000E-0005	 4.735168E-0002
 1.815552E-0001	 1.268102E+0001	-3.300000E-0005	 4.738033E-0002
 1.818624E-0001	 1.265169E+0001	-3.300000E-0005	 4.730231E-0002
 1.821696E-0001	 1.262233E+0001	-3.300000E-0005	 4.725191E-0002
 1.824768E-0001	 1.259296E+0001	-3.300000E-0005	 4.731828E-0002
 1.827840E-0001	 1.256360E+0001	-3.300000E-0005	 4.728299E-0002
 1.830912E-0001	 1.253427E+0001	-3.300000E-0005	 4.731785E-0002
 1.833984E-0001	 1.250491E+0001	-3.300000E-0005	 4.730309E-0002
 1.837056E-0001	 1.247555E+0001	-3.300000E-0005	 4.729961E-0002
 1.840128E-0001	 1.244618E+0001	-3.300000E-0005	 4.733899E-0002
 1.843200E-0001	 1.241685E+0001	-3.300000E-0005	 4.731114E-0002
 1.846272E-0001	 1.238749E+0001	-3.300000E-0005	 4.732698E-0002
 1.849344E-0001	 1.235813E+0001	-3.300000E-0005	 4.736294E-0002
 1.852416E-0001	 1.232877E+0001	-3.300000E-0005	 4.732492E-0002
 1.855488E-0001	 1.229944E+0001	-3.300000E-0005	 4.728861E-0002
 1.858560E-0001	 1.227008E+0001	-3.300000E-0005	 4.727017E-0002
 1.861632E-0001	 1.224071E+0001	-3.300000E-0005	 4.725458E-0002
 1.864704E-0001	 1.221135E+0001	-3.300000E-0005	 4.735063E-0002
 1.867776E-0001	 1.218202E+0001	-3.300000E-0005	 4.737785E-0002
 1.870848E-0001	 1.215266E+0001	-3.300000E-0005	 4.731994E-0002
 1.873920E-0001	 1.212330E+0001	-3.300000E-0005	 4.733771E-0002
 1.876992E-0001	 1.209393E+0001	-3.300000E-0005	 4.719172E-0002
 1.880064E-0001	 1.206460E+0001	-3.300000E-0005	 4.733058E-0002
 1.883136E-0001	 1.203524E+0001	-3.300000E-0005	 4.726255E-0002
 1.886208E-0001	 1.200588E+0001	-3.300000E-0005	 4.731841E-0002
 1.889280E-0001	 1.197652E+0001	-3.300000E-0005	 4.733996E-0002
 1.892352E-0001	 1.194719E+0001	-3.300000E-0005	 4.737939E-0002
 1.895424E-0001	 1.191782E+0001	-3.300000E-0005	 4.730238E-0002
 1.898496E-0001	 1.188846E+0001	-3.300000E-0005	 4.728727E-0002
 1.901568E-0001	 1.185910E+0001	-3.300000E-0005	 4.729169E-0002
 1.904640E-0001	 1.182977E+0001	-3.300000E-0005	 4.719250E-0002
 1.907712E-0001	 1.180041E+0001	-3.300000E-0005	 4.735093E-0002
 1.910784E-0001	 1.177104E+0001	-3.300000E-0005	 4.732075E-0002
 1.913856E-0001	 1.174168E+0001	-3.300000E-0005	 4.733034E-0002
 1.916928E-0001	 1.171235E+0001	-3.300000E-0005	 4.730607E-0002
 1.920000E-0001	 1.168299E+0001	-3.300000E-0005	 4.725336E-0002
 1.923072E-0001	 1.165363E+0001	-3.300000E-0005	 4.732388E-0002
 1.926144E-0001	 1.162426E+0001	-3.300000E-0005	 4.727929E-0002
 1.929216E-0001	 1.159494E+0001	-3.300000E-0005	 4.724057E-0002
 1.932288E-0001	 1.156557E+0001	-3.300000E-0005	 4.716728E-0002
 1.935360E-0001	 1.153621E+0001	-3.300000E-0005	 4.722434E-0002
 1.938432E-0001	 1.150685E+0001	-3.300000E-0005	 4.727384E-0002
 1.941504E-0001	 1.147752E+0001	-3.300000E-0005	 4.724824E-0002
 1.944576E-0001	 1.144816E+0001	-3.300000E-0005	 4.731112E-0002
 1.947648E-0001	 1.141879E+0001	-3.300000E-0005	 4.730769E-0002
 1.950720E-0001	 1.138943E+0001	-3.300000E-0005	 4.741988E-0002
 1.953792E-0001	 1.136010E+0001	-3.300000E-0005	 4.735109E-0002
 1.956864E-0001	 1.133074E+0001	-3.300000E-0005	 4.729303E-0002
 1.959936E-0001	 1.130138E+0001	-3.300000E-0005	 4.728164E-0002
 1.963008E-0001	 1.127201E+0001	-3.300000E-0005	 4.733858E-0002
 1.966080E-0001	 1.124269E+0001	-3.300000E-0005	 4.736112E-0002
 1.969152E-0001	 1.121332E+0001	-3.300000E-0005	 4.730880E-0002
 1.972224E-0001	 1.118396E+0001	-3.300000E-0005	 4.736445E-0002
 1.975296E-0001	 1.115460E+0001	-3.300000E-0005	 4.729271E-0002
 1.978368E-0001	 1.112527E+0001	-3.300000E-0005	 4.736847E-0002
 1.981440E-0001	 1.109591E+0001	-3.300000E-0005	 4.721924E-0002
 1.984512E-0001	 1.106654E+0001	-3.300000E-0005	 4.723103E-0002
 1.987584E-0001	 1.103718E+0001	-3.300000E-0005	 4.720459E-0002
 1.990656E-0001	 1.100785E+0001	-3.300000E-0005	 4.734048E-0002
 1.993728E-0001	 1.097849E+0001	-3.300000E-0005	 4.733755E-0002
 1.996800E-0001	 1.094913E+0001	-3.300000E-0005	 4.728406E-0002
 1.999872E-0001	 1.091976E+0001	-3.300000E-0005	 4.730045E-0002
 2.002944E-0001	 1.089044E+0001	-3.300000E-0005	 4.723755E-0002
 2.006016E-0001	 1.086107E+0001	-3.300000E-0005	 4.719562E-0002
 2.009088E-0001	 1.083171E+0001	-3.300000E-0005	 4.722148E-0002
 2.012160E-0001	 1.080235E+0001	-3.300000E-0005	 4.727768E-0002
 2.015232E-0001	 1.077302E+0001	-3.300000E-0005	 4.731577E-0002
 2.018304E-0001	 1.074366E+0001	-3.300000E-0005	 4.730511E-0002
 2.021376E-0001	 1.071429E+0001	-3.300000E-0005	 4.715053E-0002
 2.024448E-0001	 1.068493E+0001	-3.300000E-0005	 4.733925E-0002
 2.027520E-0001	 1.065560E+0001	-3.300000E-0005	 4.723026E-0002
 2.030592E-0001	 1.062624E+0001	-3.300000E-0005	 4.716051E-0002
 2.033664E-0001	 1.059688E+0001	-3.300000E-0005	 4.720622E-0002
 2.036736E-0001	 1.056751E+0001	-3.300000E-0005	 4.717517E-0002
 2.039808E-0001	 1.053819E+0001	-3.300000E-0005	 4.726437E-0002
 2.042880E-0001	 1.050882E+0001	-3.300000E-0005	 4.729812E-0002
 2.045952E-0001	 1.047946E+0001	-3.300000E-0005	 4.729192E-0002
 2.049024E-0001	 1.045010E+0001	-3.300000E-0005	 4.721796E-0002
 2.052096E-0001	 1.042077E+0001	-3.300000E-0005	 4.711926E-0002
 2.055168E-0001	 1.039141E+0001	-3.300000E-0005	 4.721633E-0002
 2.058240E-0001	 1.036204E+0001	-3.300000E-0005	 4.716617E-0002
 2.061312E-0001	 1.033268E+0001	-3.300000E-0005	 4.729102E-0002
 2.064384E-0001	 1.030335E+0001	-3.300000E-0005	 4.726072E-0002
 2.067456E-0001	 1.027399E+0001	-3.300000E-0005	 4.732836E-0002
 2.070528E-0001	 1.024463E+0001	-3.300000E-0005	 4.718141E-0002
 2.073600E-0001	 1.021526E+0001	-3.300000E-0005	 4.720780E-0002
 2.076672E-0001	 1.018593E+0001	-3.300000E-0005	 4.720151E-0002
 2.079744E-0001	 1.015657E+0001	-3.300000E-0005	 4.724899E-0002
 2.082816E-0001	 1.012721E+0001	-3.300000E-0005	 4.728092E-0002
 2.085888E-0001	 1.009785E+0001	-3.300000E-0005	 4.729542E-0002
 2.088960E-0001	 1.006852E+0001	-3.300000E-0005	 4.725570E-0002
 2.092032E-0001	 1.003915E+0001	-3.300000E-0005	 4.729123E-0002
 2.095104E-0001	 1.000979E+0001	-3.300000E-0005	 4.717783E-0002
 2.098176E-0001	 9.980433E+0000	-3.300000E-0005	 4.727890E-0002
 2.101248E-0001	 9.951105E+0000	-3.300000E-0005	 4.720941E-0002
 2.104320E-0001	 9.921742E+0000	-3.300000E-0005	 4.719025E-0002
 2.107392E-0001	 9.892379E+0000	-3.300000E-0005	 4.721269E-0002
 2.110464E-0001	 9.863016E+0000	-3.300000E-0005	 4.724216E-0002
 2.113536E-0001	 9.833688E+0000	-3.300000E-0005	 4.727885E-0002
 2.116608E-0001	 9.804325E+0000	-3.300000E-0005	 4.734160E-0002
 2.119680E-0001	 9.774962E+0000	-3.300000E-0005	 4.728690E-0002
 2.122752E-0001	 9.745599E+0000	-3.300000E-0005	 4.735036E-0002
 2.125824E-0001	 9.716272E+0000	-3.300000E-0005	 4.728314E-0002
 2.128896E-0001	 9.686909E+0000	-3.300000E-0005	 4.723331E-0002
 2.131968E-0001	 9.657546E+0000	-3.300000E-0005	 4.721161E-0002
 2.135040E-0001	 9.628183E+0000	-3.300000E-0005	 4.716180E-0002
 2.138112E-0001	 9.598855E+0000	-3.300000E-0005	 4.728633E-0002
 2.141184E-0001	 9.569492E+0000	-3.300000E-0005	 4.714656E-0002
 2.144256E-0001	 9.540129E+0000	-3.300000E-0005	 4.724588E-0002
 2.147328E-0001	 9.510766E+0000	-3.300000E-0005	 4.721846E-0002
 2.150400E-0001	 9.481438E+0000	-3.300000E-0005	 4.729036E-0002
 2.153472E-0001	 9.452075E+0000	-3.300000E-0005	 4.726364E-0002
 2.156544E-0001	 9.422712E+0000	-3.300000E-0005	 4.725891E-0002
 2.159616E-0001	 9.393349E+0000	-3.300000E-0005	 4.722973E-0002
 2.162688E-0001	 9.364021E+0000	-3.300000E-0005	 4.718266E-0002
 2.165760E-0001	 9.334658E+0000	-3.300000E-0005	 4.723809E-0002
 2.168832E-0001	 9.305295E+0000	-3.300000E-0005	 4.718140E-0002
 2.171904E-0001	 9.275932E+0000	-3.300000E-0005	 4.724736E-0002
 2.174976E-0001	 9.246604E+0000	-3.300000E-0005	 4.723630E-0002
 2.178048E-0001	 9.217241E+0000	-3.300000E-0005	 4.728433E-0002
 2.181120E-0001	 9.187878E+0000	-3.300000E-0005	 4.721944E-0002
 2.184192E-0001	 9.158515E+0000	-3.300000E-0005	 4.718898E-0002
 2.187264E-0001	 9.129187E+0000	-3.300000E-0005	 4.715103E-0002
 2.190336E-0001	 9.099824E+0000	-3.300000E-0005	 4.722508E-0002
 2.193408E-0001	 9.070461E+0000	-3.300000E-0005	 4.719211E-0002
 2.196480E-0001	 9.041098E+0000	-3.300000E-0005	 4.713782E-0002
 2.199552E-0001	 9.011770E+0000	-3.300000E-0005	 4.724185E-0002
 2.202624E-0001	 8.982407E+0000	-3.300000E-0005	 4.727431E-0002
 2.205696E-0001	 8.953044E+0000	-3.300000E-0005	 4.720546E-0002
 2.208768E-0001	 8.923681E+0000	-3.300000E-0005	 4.721603E-0002
 2.211840E-0001	 8.894354E+0000	-3.300000E-0005	 4.719136E-0002
 2.214912E-0001	 8.864991E+0000	-3.300000E-0005	 4.708691E-0002
 2.217984E-0001	 8.835628E+0000	-3.300000E-0005	 4.727963E-0002
 2.221056E-0001	 8.806265E+0000	-3.300000E-0005	 4.716593E-0002
 2.224128E-0001	 8.776937E+0000	-3.300000E-0005	 4.714420E-0002
 2.227200E-0001	 8.747574E+0000	-3.300000E-0005	 4.717848E-0002
 2.230272E-0001	 8.718211E+0000	-3.300000E-0005	 4.702902E-0002
 2.233344E-0001	 8.688848E+0000	-3.300000E-0005	 4.710861E-0002
 2.236416E-0001	 8.659520E+0000	-3.300000E-0005	 4.716434E-0002
 2.239488E-0001	 8.630157E+0000	-3.300000E-0005	 4.714669E-0002
 2.242560E-0001	 8.600794E+0000	-3.300000E-0005	 4.716275E-0002
 2.245632E-0001	 8.571431E+0000	-3.300000E-0005	 4.716580E-0002
 2.248704E-0001	 8.542103E+0000	-3.300000E-0005	 4.720946E-0002
 2.251776E-0001	 8.512740E+0000	-3.300000E-0005	 4.720418E-0002
 2.254848E-0001	 8.483377E+0000	-3.300000E-0005	 4.721801E-0002
 2.257920E-0001	 8.454014E+0000	-3.300000E-0005	 4.708651E-0002
 2.260992E-0001	 8.424686E+0000	-3.300000E-0005	 4.713286E-0002
 2.264064E-0001	 8.395323E+0000	-3.300000E-0005	 4.714873E-0002
 2.267136E-0001	 8.365960E+0000	-3.300000E-0005	 4.717571E-0002
 2.270208E-0001	 8.336597E+0000	-3.300000E-0005	 4.715360E-0002
 2.273280E-0001	 8.307269E+0000	-3.300000E-0005	 4.710683E-0002
 2.276352E-0001	 8.277906E+0000	-3.300000E-0005	 4.712678E-0002
 2.279424E-0001	 8.248543E+0000	-3.300000E-0005	 4.707895E-0002
 2.282496E-0001	 8.219180E+0000	-3.300000E-0005	 4.702462E-0002
 2.285568E-0001	 8.189852E+0000	-3.300000E-0005	 4.709779E-0002
 2.288640E-0001	 8.160489E+0000	-3.300000E-0005	 4.703262E-0002
 2.291712E-0001	 8.131126E+0000	-3.300000E-0005	 4.707024E-0002
 2.294784E-0001	 8.101763E+0000	-3.300000E-0005	 4.698868E-0002
 2.297856E-0001	 8.072436E+0000	-3.300000E-0005	 4.704556E-0002
 2.300928E-0001	 8.043073E+0000	-3.300000E-0005	 4.708955E-0002
 2.304000E-0001	 8.013710E+0000	-3.300000E-0005	 4.714146E-0002
 2.307072E-0001	 7.984347E+0000	-3.300000E-0005	 4.713443E-0002
 2.310144E-0001	 7.955019E+0000	-3.300000E-0005	 4.714992E-0002
 2.313216E-0001	 7.925656E+0000	-3.300000E-0005	 4.702758E-0002
 2.316288E-0001	 7.896293E+0000	-3.300000E-0005	 4.706452E-0002
 2.319360E-0001	 7.866930E+0000	-3.300000E-0005	 4.703402E-0002
 2.322432E-0001	 7.837602E+0000	-3.300000E-0005	 4.706890E-0002
 2.325504E-0001	 7.808239E+0000	-3.300000E-0005	 4.697153E-0002
 2.328576E-0001	 7.778876E+0000	-3.300000E-0005	 4.700130E-0002
 2.331648E-0001	 7.749513E+0000	-3.300000E-0005	 4.705934E-0002
 2.334720E-0001	 7.720185E+0000	-3.300000E-0005	 4.708519E-0002
 2.337792E-0001	 7.690822E+0000	-3.300000E-0005	 4.702362E-0002
 2.340864E-0001	 7.661459E+0000	-3.300000E-0005	 4.705049E-0002
 2.343936E-0001	 7.632096E+0000	-3.300000E-0005	 4.700983E-0002
 2.347008E-0001	 7.602768E+0000	-3.300000E-0005	 4.702692E-0002
 2.350080E-0001	 7.573405E+0000	-3.300000E-0005	 4.714695E-0002
 2.353152E-0001	 7.544042E+0000	-3.300000E-0005	 4.698653E-0002
 2.356224E-0001	 7.514679E+0000	-3.300000E-0005	 4.696129E-0002
 2.359296E-0001	 7.485351E+0000	-3.300000E-0005	 4.692886E-0002
 2.362368E-0001	 7.455988E+0000	-3.300000E-0005	 4.698270E-0002
 2.365440E-0001	 7.426625E+0000	-3.300000E-0005	 4.692318E-0002
 2.368512E-0001	 7.397262E+0000	-3.300000E-0005	 4.694878E-0002
 2.371584E-0001	 7.367934E+0000	-3.300000E-0005	 4.697708E-0002
 2.374656E-0001	 7.338571E+0000	-3.300000E-0005	 4.698705E-0002
 2.377728E-0001	 7.309208E+0000	-3.300000E-0005	 4.712153E-0002
 2.380800E-0001	 7.279845E+0000	-3.300000E-0005	 4.699261E-0002
 2.383872E-0001	 7.250518E+0000	-3.300000E-0005	 4.712190E-0002
 2.386944E-0001	 7.221155E+0000	-3.300000E-0005	 4.699808E-0002
 2.390016E-0001	 7.191792E+0000	-3.300000E-0005	 4.699209E-0002
 2.393088E-0001	 7.162429E+0000	-3.300000E-0005	 4.690195E-0002
 2.396160E-0001	 7.133101E+0000	-3.300000E-0005	 4.698611E-0002
 2.399232E-0001	 7.103738E+0000	-3.300000E-0005	 4.694045E-0002
 2.402304E-0001	 7.074375E+0000	-3.300000E-0005	 4.688959E-0002
 2.405376E-0001	 7.045012E+0000	-3.300000E-0005	 4.692090E-0002
 2.408448E-0001	 7.015684E+0000	-3.300000E-0005	 4.691732E-0002
 2.411520E-0001	 6.986321E+0000	-3.300000E-0005	 4.692177E-0002
 2.414592E-0001	 6.956958E+0000	-3.300000E-0005	 4.683710E-0002
 2.417664E-0001	 6.927595E+0000	-3.300000E-0005	 4.679289E-0002
 2.420736E-0001	 6.898267E+0000	-3.300000E-0005	 4.677439E-0002
 2.423808E-0001	 6.868904E+0000	-3.300000E-0005	 4.684612E-0002
 2.426880E-0001	 6.839541E+0000	-3.300000E-0005	 4.686037E-0002
 2.429952E-0001	 6.810178E+0000	-3.300000E-0005	 4.701622E-0002
 2.433024E-0001	 6.780850E+0000	-3.300000E-0005	 4.683662E-0002
 2.436096E-0001	 6.751487E+0000	-3.300000E-0005	 4.686948E-0002
 2.439168E-0001	 6.722124E+0000	-3.300000E-0005	 4.678950E-0002
 2.442240E-0001	 6.692761E+0000	-3.300000E-0005	 4.680175E-0002
 2.445312E-0001	 6.663433E+0000	-3.300000E-0005	 4.669653E-0002
 2.448384E-0001	 6.634070E+0000	-3.300000E-0005	 4.665972E-0002
 2.451456E-0001	 6.604707E+0000	-3.300000E-0005	 4.653674E-0002
 2.454528E-0001	 6.575344E+0000	-3.300000E-0005	 4.660572E-0002
 2.457600E-0001	 6.546016E+0000	-3.300000E-0005	 4.658431E-0002
 2.460672E-0001	 6.516653E+0000	-3.300000E-0005	 4.652698E-0002
 2.463744E-0001	 6.487290E+0000	-3.300000E-0005	 4.647243E-0002
 2.466816E-0001	 6.457927E+0000	-3.300000E-0005	 4.647604E-0002
 2.469888E-0001	 6.428599E+0000	-3.300000E-0005	 4.632665E-0002
 2.472960E-0001	 6.399236E+0000	-3.300000E-0005	 4.630303E-0002
 2.476032E-0001	 6.369874E+0000	-3.300000E-0005	 4.617015E-0002
 2.479104E-0001	 6.340511E+0000	-3.300000E-0005	 4.623071E-0002
 2.482176E-0001	 6.311183E+0000	-3.300000E-0005	 4.618611E-0002
 2.485248E-0001	 6.281820E+0000	-3.300000E-0005	 4.610501E-0002
 2.488320E-0001	 6.252457E+0000	-3.300000E-0005	 4.615763E-0002
 2.491392E-0001	 6.223094E+0000	-3.300000E-0005	 4.613116E-0002
 2.494464E-0001	 6.193766E+0000	-3.300000E-0005	 4.616074E-0002
 2.497536E-0001	 6.164403E+0000	-3.300000E-0005	 4.613630E-0002
 2.500608E-0001	 6.135040E+0000	-3.300000E-0005	 4.625069E-0002
 2.503680E-0001	 6.105677E+0000	-3.300000E-0005	 4.614138E-0002
 2.506752E-0001	 6.076349E+0000	-3.300000E-0005	 4.607582E-0002
 2.509824E-0001	 6.046986E+0000	-3.300000E-0005	 4.595853E-0002
 2.512896E-0001	 6.017623E+0000	-3.300000E-0005	 4.595337E-0002
 2.515968E-0001	 5.988260E+0000	-3.300000E-0005	 4.595586E-0002
 2.519040E-0001	 5.958932E+0000	-3.300000E-0005	 4.566189E-0002
 2.522112E-0001	 5.929569E+0000	-3.300000E-0005	 4.576388E-0002
 2.525184E-0001	 5.900206E+0000	-3.300000E-0005	 4.564808E-0002
 2.528256E-0001	 5.870843E+0000	-3.300000E-0005	 4.577699E-0002
 2.531328E-0001	 5.841515E+0000	-3.300000E-0005	 4.567244E-0002
 2.534400E-0001	 5.812152E+0000	-3.300000E-0005	 4.583246E-0002
 2.537472E-0001	 5.782789E+0000	-3.300000E-0005	 4.573324E-0002
 2.540544E-0001	 5.753426E+0000	-3.300000E-0005	 4.573825E-0002
 2.543616E-0001	 5.724098E+0000	-3.300000E-0005	 4.550324E-0002
 2.546688E-0001	 5.694735E+0000	-3.300000E-0005	 4.542810E-0002
 2.549760E-0001	 5.665372E+0000	-3.300000E-0005	 4.541683E-0002
 2.552832E-0001	 5.636009E+0000	-3.300000E-0005	 4.543193E-0002
 2.555904E-0001	 5.606681E+0000	-3.300000E-0005	 4.535109E-0002
 2.558976E-0001	 5.577318E+0000	-3.300000E-0005	 4.531438E-0002
 2.562048E-0001	 5.547955E+0000	-3.300000E-0005	 4.524011E-0002
 2.565120E-0001	 5.518592E+0000	-3.300000E-0005	 4.488316E-0002
 2.568192E-0001	 5.489265E+0000	-3.300000E-0005	 4.483732E-0002
 2.571264E-0001	 5.459902E+0000	-3.300000E-0005	 4.496416E-0002
 2.574336E-0001	 5.430539E+0000	-3.300000E-0005	 4.489673E-0002
 2.577408E-0001	 5.401176E+0000	-3.300000E-0005	 4.479628E-0002
 2.580480E-0001	 5.371848E+0000	-3.300000E-0005	 4.491808E-0002
 2.583552E-0001	 5.342485E+0000	-3.300000E-0005	 4.499056E-0002
 2.586624E-0001	 5.313122E+0000	-3.300000E-0005	 4.470576E-0002
 2.589696E-0001	 5.283759E+0000	-3.300000E-0005	 4.488261E-0002
 2.592768E-0001	 5.254431E+0000	-3.300000E-0005	 4.499246E-0002
 2.595840E-0001	 5.225068E+0000	-3.300000E-0005	 4.482517E-0002
 2.598912E-0001	 5.195705E+0000	-3.300000E-0005	 4.467028E-0002
 2.601984E-0001	 5.166342E+0000	-3.300000E-0005	 4.464021E-0002
 2.605056E-0001	 5.137014E+0000	-3.300000E-0005	 4.454634E-0002
 2.608128E-0001	 5.107651E+0000	-3.300000E-0005	 4.458733E-0002
 2.611200E-0001	 5.078288E+0000	-3.300000E-0005	 4.433650E-0002
 2.614272E-0001	 5.048925E+0000	-3.300000E-0005	 4.418577E-0002
 2.617344E-0001	 5.019597E+0000	-3.300000E-0005	 4.382394E-0002
 2.620416E-0001	 4.990234E+0000	-3.300000E-0005	 4.395365E-0002
 2.623488E-0001	 4.960871E+0000	-3.300000E-0005	 4.390639E-0002
 2.626560E-0001	 4.931508E+0000	-3.300000E-0005	 4.381282E-0002
 2.629632E-0001	 4.902180E+0000	-3.300000E-0005	 4.370434E-0002
 2.632704E-0001	 4.872817E+0000	-3.300000E-0005	 4.360805E-0002
 2.635776E-0001	 4.843454E+0000	-3.300000E-0005	 4.342396E-0002
 2.638848E-0001	 4.814091E+0000	-3.300000E-0005	 4.340792E-0002
 2.641920E-0001	 4.784763E+0000	-3.300000E-0005	 4.373480E-0002
 2.644992E-0001	 4.755400E+0000	-3.300000E-0005	 4.368479E-0002
 2.648064E-0001	 4.726037E+0000	-3.300000E-0005	 4.360498E-0002
 2.651136E-0001	 4.696674E+0000	-3.300000E-0005	 4.338320E-0002
 2.654208E-0001	 4.667347E+0000	-3.300000E-0005	 4.328779E-0002
 2.657280E-0001	 4.637984E+0000	-3.300000E-0005	 4.346340E-0002
 2.660352E-0001	 4.608621E+0000	-3.300000E-0005	 4.334575E-0002
 2.663424E-0001	 4.579258E+0000	-3.300000E-0005	 4.324891E-0002
 2.666496E-0001	 4.549930E+0000	-3.300000E-0005	 4.332381E-0002
 2.669568E-0001	 4.520567E+0000	-3.300000E-0005	 4.303312E-0002
 2.672640E-0001	 4.491204E+0000	-3.300000E-0005	 4.298128E-0002
 2.675712E-0001	 4.461841E+0000	-3.300000E-0005	 4.296231E-0002
 2.678784E-0001	 4.432513E+0000	-3.300000E-0005	 4.277299E-0002
 2.681856E-0001	 4.403150E+0000	-3.300000E-0005	 4.288345E-0002
 2.684928E-0001	 4.373787E+0000	-3.300000E-0005	 4.280055E-0002
 2.688000E-0001	 4.344424E+0000	-3.300000E-0005	 4.269701E-0002
 2.691072E-0001	 4.315096E+0000	-3.300000E-0005	 4.265537E-0002
 2.694144E-0001	 4.285733E+0000	-3.300000E-0005	 4.270625E-0002
 2.697216E-0001	 4.256370E+0000	-3.300000E-0005	 4.279154E-0002
 2.700288E-0001	 4.227007E+0000	-3.300000E-0005	 4.258727E-0002
 2.703360E-0001	 4.197679E+0000	-3.300000E-0005	 4.251558E-0002
 2.706432E-0001	 4.168316E+0000	-3.300000E-0005	 4.251658E-0002
 2.709504E-0001	 4.138953E+0000	-3.300000E-0005	 4.248859E-0002
 2.712576E-0001	 4.109590E+0000	-3.300000E-0005	 4.256026E-0002
 2.715648E-0001	 4.080262E+0000	-3.300000E-0005	 4.249337E-0002
 2.718720E-0001	 4.050899E+0000	-3.300000E-0005	 4.248465E-0002
 2.721792E-0001	 4.021536E+0000	-3.300000E-0005	 4.261313E-0002
 2.724864E-0001	 3.992173E+0000	-3.300000E-0005	 4.247248E-0002
 2.727936E-0001	 3.962845E+0000	-3.300000E-0005	 4.244513E-0002
 2.731008E-0001	 3.933482E+0000	-3.300000E-0005	 4.258440E-0002
 2.734080E-0001	 3.904119E+0000	-3.300000E-0005	 4.251291E-0002
 2.737152E-0001	 3.874756E+0000	-3.300000E-0005	 4.240827E-0002
 2.740224E-0001	 3.845429E+0000	-3.300000E-0005	 4.222332E-0002
 2.743296E-0001	 3.816066E+0000	-3.300000E-0005	 4.222608E-0002
 2.746368E-0001	 3.786703E+0000	-3.300000E-0005	 4.248729E-0002
 2.749440E-0001	 3.757340E+0000	-3.300000E-0005	 4.227610E-0002
 2.752512E-0001	 3.728012E+0000	-3.300000E-0005	 4.195070E-0002
 2.755584E-0001	 3.698649E+0000	-3.300000E-0005	 4.196667E-0002
 2.758656E-0001	 3.669286E+0000	-3.300000E-0005	 4.189885E-0002
 2.761728E-0001	 3.639923E+0000	-3.300000E-0005	 4.200327E-0002
 2.764800E-0001	 3.610595E+0000	-3.300000E-0005	 4.204950E-0002
 2.767872E-0001	 3.581232E+0000	-3.300000E-0005	 4.191930E-0002
 2.770944E-0001	 3.551869E+0000	-3.300000E-0005	 4.178498E-0002
 2.774016E-0001	 3.522506E+0000	-3.300000E-0005	 4.179699E-0002
 2.777088E-0001	 3.493178E+0000	-3.300000E-0005	 4.196679E-0002
 2.780160E-0001	 3.463815E+0000	-3.300000E-0005	 4.161343E-0002
 2.783232E-0001	 3.434452E+0000	-3.300000E-0005	 4.168549E-0002
 2.786304E-0001	 3.405089E+0000	-3.300000E-0005	 4.181856E-0002
 2.789376E-0001	 3.375761E+0000	-3.300000E-0005	 4.170996E-0002
 2.792448E-0001	 3.346398E+0000	-3.300000E-0005	 4.161133E-0002
 2.795520E-0001	 3.317035E+0000	-3.300000E-0005	 4.143400E-0002
 2.798592E-0001	 3.287672E+0000	-3.300000E-0005	 4.149798E-0002
 2.801664E-0001	 3.258344E+0000	-3.300000E-0005	 4.130324E-0002
 2.804736E-0001	 3.228981E+0000	-3.300000E-0005	 4.144280E-0002
 2.807808E-0001	 3.199618E+0000	-3.300000E-0005	 4.129840E-0002
 2.810880E-0001	 3.170255E+0000	-3.300000E-0005	 4.134254E-0002
 2.813952E-0001	 3.140927E+0000	-3.300000E-0005	 4.122228E-0002
 2.817024E-0001	 3.111564E+0000	-3.300000E-0005	 4.140217E-0002
 2.820096E-0001	 3.082201E+0000	-3.300000E-0005	 4.122251E-0002
 2.823168E-0001	 3.052838E+0000	-3.300000E-0005	 4.092023E-0002
 2.826240E-0001	 3.023511E+0000	-3.300000E-0005	 4.096383E-0002
 2.829312E-0001	 2.994148E+0000	-3.300000E-0005	 4.086597E-0002
 2.832384E-0001	 2.964785E+0000	-3.300000E-0005	 4.078279E-0002
 2.835456E-0001	 2.935422E+0000	-3.300000E-0005	 4.095503E-0002
 2.838528E-0001	 2.906094E+0000	-3.300000E-0005	 4.076773E-0002
 2.841600E-0001	 2.876731E+0000	-3.300000E-0005	 4.064316E-0002
 2.844672E-0001	 2.847368E+0000	-3.300000E-0005	 4.080251E-0002
 2.847744E-0001	 2.818005E+0000	-3.300000E-0005	 4.053986E-0002
 2.850816E-0001	 2.788677E+0000	-3.300000E-0005	 4.044911E-0002
 2.853888E-0001	 2.759314E+0000	-3.300000E-0005	 4.038191E-0002
 2.856960E-0001	 2.729951E+0000	-3.300000E-0005	 4.030410E-0002
 2.860032E-0001	 2.700588E+0000	-3.300000E-0005	 4.050813E-0002
 2.863104E-0001	 2.671260E+0000	-3.300000E-0005	 4.035876E-0002
 2.866176E-0001	 2.641897E+0000	-3.300000E-0005	 4.037765E-0002
 2.869248E-0001	 2.612534E+0000	-3.300000E-0005	 4.033438E-0002
 2.872320E-0001	 2.583171E+0000	-3.300000E-0005	 4.031214E-0002
 2.875392E-0001	 2.553843E+0000	-3.300000E-0005	 4.053449E-0002
 2.878464E-0001	 2.524480E+0000	-3.300000E-0005	 4.040863E-0002
 2.881536E-0001	 2.495117E+0000	-3.300000E-0005	 4.022205E-0002
 2.884608E-0001	 2.465754E+0000	-3.300000E-0005	 3.990298E-0002
 2.887680E-0001	 2.436426E+0000	-3.300000E-0005	 4.019734E-0002
 2.890752E-0001	 2.407063E+0000	-3.300000E-0005	 4.026458E-0002
 2.893824E-0001	 2.377700E+0000	-3.300000E-0005	 4.035605E-0002
 2.896896E-0001	 2.348337E+0000	-3.300000E-0005	 4.018984E-0002
 2.899968E-0001	 2.319009E+0000	-3.300000E-0005	 3.990638E-0002
 2.903040E-0001	 2.289646E+0000	-3.300000E-0005	 3.998660E-0002
 2.906112E-0001	 2.260283E+0000	-3.300000E-0005	 4.000206E-0002
 2.909184E-0001	 2.230920E+0000	-3.300000E-0005	 4.005287E-0002
 2.912256E-0001	 2.201592E+0000	-3.300000E-0005	 3.998328E-0002
 2.915328E-0001	 2.172229E+0000	-3.300000E-0005	 3.989278E-0002
 2.918400E-0001	 2.142866E+0000	-3.300000E-0005	 3.986436E-0002
 2.921472E-0001	 2.113504E+0000	-3.300000E-0005	 3.975556E-0002
 2.924544E-0001	 2.084176E+0000	-3.300000E-0005	 3.976607E-0002
 2.927616E-0001	 2.054813E+0000	-3.300000E-0005	 3.953523E-0002
 2.930688E-0001	 2.025450E+0000	-3.300000E-0005	 3.958812E-0002
 2.933760E-0001	 1.996087E+0000	-3.300000E-0005	 3.957030E-0002
 2.936832E-0001	 1.966759E+0000	-3.300000E-0005	 3.943156E-0002
 2.939904E-0001	 1.937396E+0000	-3.300000E-0005	 3.926584E-0002
 2.942976E-0001	 1.908033E+0000	-3.300000E-0005	 3.927920E-0002
 2.946048E-0001	 1.878670E+0000	-3.300000E-0005	 3.934390E-0002
 2.949120E-0001	 1.849342E+0000	-3.300000E-0005	 3.933837E-0002
 2.952192E-0001	 1.819979E+0000	-3.300000E-0005	 3.916256E-0002
 2.955264E-0001	 1.790616E+0000	-3.300000E-0005	 3.909248E-0002
 2.958336E-0001	 1.761253E+0000	-3.300000E-0005	 3.885363E-0002
 2.961408E-0001	 1.731925E+0000	-3.300000E-0005	 3.896801E-0002
 2.964480E-0001	 1.702562E+0000	-3.300000E-0005	 3.897566E-0002
 2.967552E-0001	 1.673199E+0000	-3.300000E-0005	 3.889946E-0002
 2.970624E-0001	 1.643836E+0000	-3.300000E-0005	 3.903447E-0002
 2.973696E-0001	 1.614508E+0000	-3.300000E-0005	 3.878928E-0002
 2.976768E-0001	 1.585145E+0000	-3.300000E-0005	 3.875504E-0002
 2.979840E-0001	 1.555782E+0000	-3.300000E-0005	 3.882839E-0002
 2.982912E-0001	 1.526419E+0000	-3.300000E-0005	 3.871255E-0002
 2.985984E-0001	 1.497091E+0000	-3.300000E-0005	 3.861918E-0002
 2.989056E-0001	 1.467728E+0000	-3.300000E-0005	 3.863095E-0002
 2.992128E-0001	 1.438365E+0000	-3.300000E-0005	 3.864257E-0002
 2.995200E-0001	 1.409002E+0000	-3.300000E-0005	 3.832916E-0002
 2.998272E-0001	 1.379674E+0000	-3.300000E-0005	 3.874088E-0002
 3.001344E-0001	 1.350311E+0000	-3.300000E-0005	 3.833028E-0002
 3.004416E-0001	 1.320948E+0000	-3.300000E-0005	 3.844176E-0002
 3.007488E-0001	 1.291585E+0000	-3.300000E-0005	 3.837280E-0002
 3.010560E-0001	 1.262258E+0000	-3.300000E-0005	 3.810512E-0002
 3.013632E-0001	 1.232895E+0000	-3.300000E-0005	 3.809957E-0002
 3.016704E-0001	 1.203532E+0000	-3.300000E-0005	 3.813825E-0002
 3.019776E-0001	 1.174169E+0000	-3.300000E-0005	 3.796806E-0002
 3.022848E-0001	 1.144841E+0000	-3.300000E-0005	 3.801154E-0002
 3.025920E-0001	 1.115478E+0000	-3.300000E-0005	 3.794059E-0002
 3.028992E-0001	 1.086115E+0000	-3.300000E-0005	 3.793346E-0002
 3.032064E-0001	 1.056752E+0000	-3.300000E-0005	 3.778793E-0002
 3.035136E-0001	 1.027424E+0000	-3.300000E-0005	 3.781656E-0002
 3.038208E-0001	 9.980609E-0001	-3.300000E-0005	 3.774532E-0002
 3.041280E-0001	 9.686979E-0001	-3.300000E-0005	 3.773765E-0002
 3.044352E-0001	 9.393349E-0001	-3.300000E-0005	 3.756582E-0002
 3.047424E-0001	 9.100070E-0001	-3.300000E-0005	 3.768586E-0002
 3.050496E-0001	 8.806440E-0001	-3.300000E-0005	 3.760897E-0002
 3.053568E-0001	 8.512810E-0001	-3.300000E-0005	 3.763092E-0002
 3.056640E-0001	 8.219180E-0001	-3.300000E-0005	 3.748350E-0002
 3.059712E-0001	 7.925902E-0001	-3.300000E-0005	 3.756766E-0002
 3.062784E-0001	 7.632272E-0001	-3.300000E-0005	 3.751523E-0002
 3.065856E-0001	 7.338642E-0001	-3.300000E-0005	 3.734725E-0002
 3.068928E-0001	 7.045012E-0001	-3.300000E-0005	 3.729755E-0002
 3.072000E-0001	 6.751733E-0001	-3.300000E-0005	 3.740229E-0002
 3.075072E-0001	 6.458103E-0001	-3.300000E-0005	 3.728537E-0002
 3.078144E-0001	 6.164473E-0001	-3.300000E-0005	 3.702180E-0002
 3.081216E-0001	 5.870843E-0001	-3.300000E-0005	 3.704172E-0002
 3.084288E-0001	 5.577564E-0001	-3.300000E-0005	 3.682615E-0002
 3.087360E-0001	 5.283934E-0001	-3.300000E-0005	 3.708562E-0002
 3.090432E-0001	 4.990304E-0001	-3.300000E-0005	 3.703636E-0002
 3.093504E-0001	 4.696674E-0001	-3.300000E-0005	 3.668013E-0002
 3.096576E-0001	 4.403396E-0001	-3.300000E-0005	 3.667656E-0002
 3.099648E-0001	 4.109766E-0001	-3.300000E-0005	 3.676246E-0002
 3.102720E-0001	 3.816136E-0001	-3.300000E-0005	 3.687545E-0002
 3.105792E-0001	 3.522506E-0001	-3.300000E-0005	 3.671873E-0002
 3.108864E-0001	 3.229227E-0001	-3.300000E-0005	 3.662147E-0002
 3.111936E-0001	 2.935597E-0001	-3.300000E-0005	 3.644245E-0002
 3.115008E-0001	 2.641967E-0001	-3.300000E-0005	 3.645190E-0002
 3.118080E-0001	 2.348337E-0001	-3.300000E-0005	 3.662855E-0002
 3.121152E-0001	 2.055058E-0001	-3.300000E-0005	 3.650430E-0002
 3.124224E-0001	 1.761429E-0001	-3.300000E-0005	 3.650013E-0002
 3.127296E-0001	 1.467799E-0001	-3.300000E-0005	 3.633130E-0002
 3.130368E-0001	 1.174168E-0001	-3.300000E-0005	 3.623114E-0002
 3.133440E-0001	 8.808899E-0002	-3.300000E-0005	 3.618403E-0002
 3.136512E-0001	 5.872599E-0002	-3.300000E-0005	 3.604554E-0002
 3.139584E-0001	 2.936300E-0002	-3.300000E-0005	 3.611308E-0002
 3.142656E-0001	 0.000000E+0000	-3.300000E-0005	 3.593822E-0002
