time	dz	Bias	Amplitude
 0.000000E+0000	 0.000000E+0000	-3.300000E-0005	 3.515609E-0002
 3.072000E-0004	 0.000000E+0000	-3.300000E-0005	 3.513595E-0002
 6.144000E-0004	 9.785324E-0002	-3.300000E-0005	 3.496551E-0002
 9.216000E-0004	 1.957065E-0001	-3.300000E-0005	 3.504244E-0002
 1.228800E-0003	 2.935597E-0001	-3.300000E-0005	 3.543119E-0002
 1.536000E-0003	 3.914130E-0001	-3.300000E-0005	 3.547670E-0002
 1.843200E-0003	 4.892662E-0001	-3.300000E-0005	 3.567714E-0002
 2.150400E-0003	 5.870843E-0001	-3.300000E-0005	 3.592225E-0002
 2.457600E-0003	 6.849375E-0001	-3.300000E-0005	 3.607314E-0002
 2.764800E-0003	 7.827908E-0001	-3.300000E-0005	 3.635733E-0002
 3.072000E-0003	 8.806440E-0001	-3.300000E-0005	 3.633003E-0002
 3.379200E-0003	 9.784973E-0001	-3.300000E-0005	 3.662485E-0002
 3.686400E-0003	 1.076350E+0000	-3.300000E-0005	 3.666971E-0002
 3.993600E-0003	 1.174169E+0000	-3.300000E-0005	 3.694099E-0002
 4.300800E-0003	 1.272022E+0000	-3.300000E-0005	 3.695884E-0002
 4.608000E-0003	 1.369875E+0000	-3.300000E-0005	 3.721961E-0002
 4.915200E-0003	 1.467728E+0000	-3.300000E-0005	 3.734151E-0002
 5.222400E-0003	 1.565582E+0000	-3.300000E-0005	 3.757926E-0002
 5.529600E-0003	 1.663435E+0000	-3.300000E-0005	 3.786228E-0002
 5.836800E-0003	 1.761253E+0000	-3.300000E-0005	 3.803553E-0002
 6.144000E-0003	 1.859106E+0000	-3.300000E-0005	 3.812136E-0002
 6.451200E-0003	 1.956959E+0000	-3.300000E-0005	 3.828858E-0002
 6.758400E-0003	 2.054813E+0000	-3.300000E-0005	 3.845645E-0002
 7.065600E-0003	 2.152666E+0000	-3.300000E-0005	 3.868219E-0002
 7.372800E-0003	 2.250519E+0000	-3.300000E-0005	 3.888688E-0002
 7.680000E-0003	 2.348337E+0000	-3.300000E-0005	 3.922651E-0002
 7.987200E-0003	 2.446190E+0000	-3.300000E-0005	 3.938389E-0002
 8.294400E-0003	 2.544044E+0000	-3.300000E-0005	 3.931895E-0002
 8.601600E-0003	 2.641897E+0000	-3.300000E-0005	 3.930970E-0002
 8.908800E-0003	 2.739750E+0000	-3.300000E-0005	 3.966880E-0002
 9.216000E-0003	 2.837603E+0000	-3.300000E-0005	 3.995720E-0002
 9.523200E-0003	 2.935422E+0000	-3.300000E-0005	 4.005387E-0002
 9.830400E-0003	 3.033275E+0000	-3.300000E-0005	 4.037082E-0002
 1.013760E-0002	 3.131128E+0000	-3.300000E-0005	 4.015660E-0002
 1.044480E-0002	 3.228981E+0000	-3.300000E-0005	 4.037603E-0002
 1.075200E-0002	 3.326834E+0000	-3.300000E-0005	 4.060532E-0002
 1.105920E-0002	 3.424688E+0000	-3.300000E-0005	 4.071845E-0002
 1.136640E-0002	 3.522506E+0000	-3.300000E-0005	 4.105913E-0002
 1.167360E-0002	 3.620359E+0000	-3.300000E-0005	 4.138847E-0002
 1.198080E-0002	 3.718212E+0000	-3.300000E-0005	 4.171922E-0002
 1.228800E-0002	 3.816066E+0000	-3.300000E-0005	 4.154645E-0002
 1.259520E-0002	 3.913919E+0000	-3.300000E-0005	 4.184682E-0002
 1.290240E-0002	 4.011772E+0000	-3.300000E-0005	 4.196667E-0002
 1.320960E-0002	 4.109590E+0000	-3.300000E-0005	 4.218438E-0002
 1.351680E-0002	 4.207443E+0000	-3.300000E-0005	 4.241634E-0002
 1.382400E-0002	 4.305297E+0000	-3.300000E-0005	 4.258557E-0002
 1.413120E-0002	 4.403150E+0000	-3.300000E-0005	 4.257766E-0002
 1.443840E-0002	 4.501003E+0000	-3.300000E-0005	 4.289166E-0002
 1.474560E-0002	 4.598856E+0000	-3.300000E-0005	 4.309255E-0002
 1.505280E-0002	 4.696674E+0000	-3.300000E-0005	 4.324360E-0002
 1.536000E-0002	 4.794528E+0000	-3.300000E-0005	 4.314621E-0002
 1.566720E-0002	 4.892381E+0000	-3.300000E-0005	 4.341335E-0002
 1.597440E-0002	 4.990234E+0000	-3.300000E-0005	 4.365557E-0002
 1.628160E-0002	 5.088087E+0000	-3.300000E-0005	 4.353332E-0002
 1.658880E-0002	 5.185941E+0000	-3.300000E-0005	 4.361275E-0002
 1.689600E-0002	 5.283759E+0000	-3.300000E-0005	 4.407011E-0002
 1.720320E-0002	 5.381612E+0000	-3.300000E-0005	 4.413336E-0002
 1.751040E-0002	 5.479465E+0000	-3.300000E-0005	 4.410553E-0002
 1.781760E-0002	 5.577318E+0000	-3.300000E-0005	 4.454691E-0002
 1.812480E-0002	 5.675172E+0000	-3.300000E-0005	 4.449862E-0002
 1.843200E-0002	 5.773025E+0000	-3.300000E-0005	 4.490198E-0002
 1.873920E-0002	 5.870843E+0000	-3.300000E-0005	 4.537100E-0002
 1.904640E-0002	 5.968696E+0000	-3.300000E-0005	 4.552879E-0002
 1.935360E-0002	 6.066550E+0000	-3.300000E-0005	 4.561356E-0002
 1.966080E-0002	 6.164403E+0000	-3.300000E-0005	 4.554702E-0002
 1.996800E-0002	 6.262256E+0000	-3.300000E-0005	 4.576447E-0002
 2.027520E-0002	 6.360109E+0000	-3.300000E-0005	 4.596127E-0002
 2.058240E-0002	 6.457927E+0000	-3.300000E-0005	 4.609256E-0002
 2.088960E-0002	 6.555781E+0000	-3.300000E-0005	 4.613657E-0002
 2.119680E-0002	 6.653634E+0000	-3.300000E-0005	 4.615338E-0002
 2.150400E-0002	 6.751487E+0000	-3.300000E-0005	 4.626588E-0002
 2.181120E-0002	 6.849340E+0000	-3.300000E-0005	 4.642007E-0002
 2.211840E-0002	 6.947194E+0000	-3.300000E-0005	 4.634991E-0002
 2.242560E-0002	 7.045012E+0000	-3.300000E-0005	 4.628290E-0002
 2.273280E-0002	 7.142865E+0000	-3.300000E-0005	 4.627742E-0002
 2.304000E-0002	 7.240718E+0000	-3.300000E-0005	 4.642187E-0002
 2.334720E-0002	 7.338571E+0000	-3.300000E-0005	 4.645373E-0002
 2.365440E-0002	 7.436425E+0000	-3.300000E-0005	 4.640245E-0002
 2.396160E-0002	 7.534278E+0000	-3.300000E-0005	 4.637720E-0002
 2.426880E-0002	 7.632096E+0000	-3.300000E-0005	 4.634533E-0002
 2.457600E-0002	 7.729949E+0000	-3.300000E-0005	 4.644192E-0002
 2.488320E-0002	 7.827802E+0000	-3.300000E-0005	 4.643956E-0002
 2.519040E-0002	 7.925656E+0000	-3.300000E-0005	 4.643722E-0002
 2.549760E-0002	 8.023509E+0000	-3.300000E-0005	 4.647341E-0002
 2.580480E-0002	 8.121362E+0000	-3.300000E-0005	 4.657574E-0002
 2.611200E-0002	 8.219180E+0000	-3.300000E-0005	 4.657197E-0002
 2.641920E-0002	 8.317034E+0000	-3.300000E-0005	 4.651231E-0002
 2.672640E-0002	 8.414887E+0000	-3.300000E-0005	 4.653736E-0002
 2.703360E-0002	 8.512740E+0000	-3.300000E-0005	 4.653255E-0002
 2.734080E-0002	 8.610593E+0000	-3.300000E-0005	 4.659647E-0002
 2.764800E-0002	 8.708446E+0000	-3.300000E-0005	 4.644729E-0002
 2.795520E-0002	 8.806265E+0000	-3.300000E-0005	 4.656505E-0002
 2.826240E-0002	 8.904118E+0000	-3.300000E-0005	 4.653733E-0002
 2.856960E-0002	 9.001971E+0000	-3.300000E-0005	 4.656830E-0002
 2.887680E-0002	 9.099824E+0000	-3.300000E-0005	 4.662502E-0002
 2.918400E-0002	 9.197678E+0000	-3.300000E-0005	 4.662221E-0002
 2.949120E-0002	 9.295531E+0000	-3.300000E-0005	 4.664914E-0002
 2.979840E-0002	 9.393349E+0000	-3.300000E-0005	 4.660485E-0002
 3.010560E-0002	 9.491202E+0000	-3.300000E-0005	 4.661797E-0002
 3.041280E-0002	 9.589055E+0000	-3.300000E-0005	 4.654621E-0002
 3.072000E-0002	 9.686909E+0000	-3.300000E-0005	 4.662903E-0002
 3.102720E-0002	 9.784762E+0000	-3.300000E-0005	 4.655878E-0002
 3.133440E-0002	 9.882615E+0000	-3.300000E-0005	 4.657048E-0002
 3.164160E-0002	 9.980433E+0000	-3.300000E-0005	 4.653870E-0002
 3.194880E-0002	 1.007828E+0001	-3.300000E-0005	 4.658647E-0002
 3.225600E-0002	 1.017614E+0001	-3.300000E-0005	 4.664985E-0002
 3.256320E-0002	 1.027399E+0001	-3.300000E-0005	 4.666699E-0002
 3.287040E-0002	 1.037184E+0001	-3.300000E-0005	 4.672808E-0002
 3.317760E-0002	 1.046969E+0001	-3.300000E-0005	 4.663740E-0002
 3.348480E-0002	 1.056751E+0001	-3.300000E-0005	 4.667601E-0002
 3.379200E-0002	 1.066537E+0001	-3.300000E-0005	 4.663053E-0002
 3.409920E-0002	 1.076322E+0001	-3.300000E-0005	 4.669356E-0002
 3.440640E-0002	 1.086107E+0001	-3.300000E-0005	 4.668809E-0002
 3.471360E-0002	 1.095893E+0001	-3.300000E-0005	 4.665915E-0002
 3.502080E-0002	 1.105678E+0001	-3.300000E-0005	 4.663480E-0002
 3.532800E-0002	 1.115460E+0001	-3.300000E-0005	 4.664715E-0002
 3.563520E-0002	 1.125245E+0001	-3.300000E-0005	 4.671266E-0002
 3.594240E-0002	 1.135030E+0001	-3.300000E-0005	 4.663844E-0002
 3.624960E-0002	 1.144816E+0001	-3.300000E-0005	 4.658724E-0002
 3.655680E-0002	 1.154601E+0001	-3.300000E-0005	 4.660174E-0002
 3.686400E-0002	 1.164386E+0001	-3.300000E-0005	 4.668995E-0002
 3.717120E-0002	 1.174168E+0001	-3.300000E-0005	 4.674095E-0002
 3.747840E-0002	 1.183953E+0001	-3.300000E-0005	 4.673114E-0002
 3.778560E-0002	 1.193739E+0001	-3.300000E-0005	 4.669582E-0002
 3.809280E-0002	 1.203524E+0001	-3.300000E-0005	 4.669700E-0002
 3.840000E-0002	 1.213309E+0001	-3.300000E-0005	 4.673623E-0002
 3.870720E-0002	 1.223095E+0001	-3.300000E-0005	 4.670862E-0002
 3.901440E-0002	 1.232877E+0001	-3.300000E-0005	 4.663643E-0002
 3.932160E-0002	 1.242662E+0001	-3.300000E-0005	 4.661684E-0002
 3.962880E-0002	 1.252447E+0001	-3.300000E-0005	 4.667425E-0002
 3.993600E-0002	 1.262233E+0001	-3.300000E-0005	 4.672674E-0002
 4.024320E-0002	 1.272018E+0001	-3.300000E-0005	 4.671257E-0002
 4.055040E-0002	 1.281803E+0001	-3.300000E-0005	 4.675213E-0002
 4.085760E-0002	 1.291585E+0001	-3.300000E-0005	 4.661222E-0002
 4.116480E-0002	 1.301370E+0001	-3.300000E-0005	 4.661676E-0002
 4.147200E-0002	 1.311156E+0001	-3.300000E-0005	 4.669465E-0002
 4.177920E-0002	 1.320941E+0001	-3.300000E-0005	 4.658987E-0002
 4.208640E-0002	 1.330726E+0001	-3.300000E-0005	 4.667393E-0002
 4.239360E-0002	 1.340512E+0001	-3.300000E-0005	 4.658107E-0002
 4.270080E-0002	 1.350293E+0001	-3.300000E-0005	 4.667170E-0002
 4.300800E-0002	 1.360079E+0001	-3.300000E-0005	 4.670275E-0002
 4.331520E-0002	 1.369864E+0001	-3.300000E-0005	 4.672164E-0002
 4.362240E-0002	 1.379649E+0001	-3.300000E-0005	 4.666495E-0002
 4.392960E-0002	 1.389435E+0001	-3.300000E-0005	 4.668472E-0002
 4.423680E-0002	 1.399220E+0001	-3.300000E-0005	 4.665919E-0002
 4.454400E-0002	 1.409002E+0001	-3.300000E-0005	 4.664870E-0002
 4.485120E-0002	 1.418787E+0001	-3.300000E-0005	 4.664113E-0002
 4.515840E-0002	 1.428573E+0001	-3.300000E-0005	 4.664974E-0002
 4.546560E-0002	 1.438358E+0001	-3.300000E-0005	 4.670409E-0002
 4.577280E-0002	 1.448143E+0001	-3.300000E-0005	 4.666740E-0002
 4.608000E-0002	 1.457929E+0001	-3.300000E-0005	 4.673423E-0002
 4.638720E-0002	 1.467710E+0001	-3.300000E-0005	 4.668919E-0002
 4.669440E-0002	 1.477496E+0001	-3.300000E-0005	 4.672991E-0002
 4.700160E-0002	 1.487281E+0001	-3.300000E-0005	 4.678777E-0002
 4.730880E-0002	 1.497066E+0001	-3.300000E-0005	 4.674184E-0002
 4.761600E-0002	 1.506852E+0001	-3.300000E-0005	 4.679357E-0002
 4.792320E-0002	 1.516637E+0001	-3.300000E-0005	 4.688143E-0002
 4.823040E-0002	 1.526419E+0001	-3.300000E-0005	 4.680194E-0002
 4.853760E-0002	 1.536204E+0001	-3.300000E-0005	 4.677753E-0002
 4.884480E-0002	 1.545989E+0001	-3.300000E-0005	 4.676634E-0002
 4.915200E-0002	 1.555775E+0001	-3.300000E-0005	 4.669573E-0002
 4.945920E-0002	 1.565560E+0001	-3.300000E-0005	 4.677321E-0002
 4.976640E-0002	 1.575345E+0001	-3.300000E-0005	 4.675351E-0002
 5.007360E-0002	 1.585127E+0001	-3.300000E-0005	 4.674728E-0002
 5.038080E-0002	 1.594913E+0001	-3.300000E-0005	 4.688405E-0002
 5.068800E-0002	 1.604698E+0001	-3.300000E-0005	 4.676979E-0002
 5.099520E-0002	 1.614484E+0001	-3.300000E-0005	 4.677974E-0002
 5.130240E-0002	 1.624269E+0001	-3.300000E-0005	 4.667422E-0002
 5.160960E-0002	 1.634054E+0001	-3.300000E-0005	 4.671399E-0002
 5.191680E-0002	 1.643836E+0001	-3.300000E-0005	 4.670438E-0002
 5.222400E-0002	 1.653621E+0001	-3.300000E-0005	 4.672770E-0002
 5.253120E-0002	 1.663407E+0001	-3.300000E-0005	 4.667881E-0002
 5.283840E-0002	 1.673192E+0001	-3.300000E-0005	 4.671436E-0002
 5.314560E-0002	 1.682977E+0001	-3.300000E-0005	 4.677705E-0002
 5.345280E-0002	 1.692763E+0001	-3.300000E-0005	 4.679214E-0002
 5.376000E-0002	 1.702544E+0001	-3.300000E-0005	 4.686855E-0002
 5.406720E-0002	 1.712330E+0001	-3.300000E-0005	 4.673027E-0002
 5.437440E-0002	 1.722115E+0001	-3.300000E-0005	 4.672470E-0002
 5.468160E-0002	 1.731900E+0001	-3.300000E-0005	 4.667556E-0002
 5.498880E-0002	 1.741686E+0001	-3.300000E-0005	 4.669908E-0002
 5.529600E-0002	 1.751471E+0001	-3.300000E-0005	 4.671591E-0002
 5.560320E-0002	 1.761253E+0001	-3.300000E-0005	 4.671730E-0002
 5.591040E-0002	 1.771038E+0001	-3.300000E-0005	 4.683852E-0002
 5.621760E-0002	 1.780824E+0001	-3.300000E-0005	 4.681580E-0002
 5.652480E-0002	 1.790609E+0001	-3.300000E-0005	 4.674042E-0002
 5.683200E-0002	 1.800394E+0001	-3.300000E-0005	 4.677969E-0002
 5.713920E-0002	 1.810180E+0001	-3.300000E-0005	 4.668336E-0002
 5.744640E-0002	 1.819961E+0001	-3.300000E-0005	 4.677832E-0002
 5.775360E-0002	 1.829747E+0001	-3.300000E-0005	 4.681146E-0002
 5.806080E-0002	 1.839532E+0001	-3.300000E-0005	 4.672509E-0002
 5.836800E-0002	 1.849317E+0001	-3.300000E-0005	 4.669997E-0002
 5.867520E-0002	 1.859103E+0001	-3.300000E-0005	 4.670138E-0002
 5.898240E-0002	 1.868888E+0001	-3.300000E-0005	 4.679851E-0002
 5.928960E-0002	 1.878670E+0001	-3.300000E-0005	 4.679409E-0002
 5.959680E-0002	 1.888455E+0001	-3.300000E-0005	 4.671045E-0002
 5.990400E-0002	 1.898240E+0001	-3.300000E-0005	 4.670845E-0002
 6.021120E-0002	 1.908026E+0001	-3.300000E-0005	 4.666760E-0002
 6.051840E-0002	 1.917811E+0001	-3.300000E-0005	 4.665086E-0002
 6.082560E-0002	 1.927596E+0001	-3.300000E-0005	 4.667950E-0002
 6.113280E-0002	 1.937378E+0001	-3.300000E-0005	 4.663249E-0002
 6.144000E-0002	 1.947164E+0001	-3.300000E-0005	 4.669179E-0002
 6.174720E-0002	 1.956949E+0001	-3.300000E-0005	 4.675642E-0002
 6.205440E-0002	 1.966734E+0001	-3.300000E-0005	 4.677909E-0002
 6.236160E-0002	 1.976520E+0001	-3.300000E-0005	 4.676384E-0002
 6.266880E-0002	 1.986305E+0001	-3.300000E-0005	 4.678447E-0002
 6.297600E-0002	 1.996087E+0001	-3.300000E-0005	 4.681096E-0002
 6.328320E-0002	 2.005872E+0001	-3.300000E-0005	 4.673286E-0002
 6.359040E-0002	 2.015657E+0001	-3.300000E-0005	 4.679426E-0002
 6.389760E-0002	 2.025443E+0001	-3.300000E-0005	 4.665138E-0002
 6.420480E-0002	 2.035228E+0001	-3.300000E-0005	 4.674778E-0002
 6.451200E-0002	 2.045010E+0001	-3.300000E-0005	 4.675944E-0002
 6.481920E-0002	 2.054795E+0001	-3.300000E-0005	 4.679123E-0002
 6.512640E-0002	 2.064580E+0001	-3.300000E-0005	 4.675081E-0002
 6.543360E-0002	 2.074366E+0001	-3.300000E-0005	 4.681829E-0002
 6.574080E-0002	 2.084151E+0001	-3.300000E-0005	 4.677051E-0002
 6.604800E-0002	 2.093936E+0001	-3.300000E-0005	 4.682497E-0002
 6.635520E-0002	 2.103718E+0001	-3.300000E-0005	 4.678859E-0002
 6.666240E-0002	 2.113504E+0001	-3.300000E-0005	 4.676941E-0002
 6.696960E-0002	 2.123289E+0001	-3.300000E-0005	 4.683645E-0002
 6.727680E-0002	 2.133074E+0001	-3.300000E-0005	 4.675661E-0002
 6.758400E-0002	 2.142859E+0001	-3.300000E-0005	 4.674750E-0002
 6.789120E-0002	 2.152645E+0001	-3.300000E-0005	 4.671131E-0002
 6.819840E-0002	 2.162427E+0001	-3.300000E-0005	 4.677113E-0002
 6.850560E-0002	 2.172212E+0001	-3.300000E-0005	 4.675760E-0002
 6.881280E-0002	 2.181997E+0001	-3.300000E-0005	 4.682109E-0002
 6.912000E-0002	 2.191783E+0001	-3.300000E-0005	 4.682242E-0002
 6.942720E-0002	 2.201568E+0001	-3.300000E-0005	 4.678089E-0002
 6.973440E-0002	 2.211353E+0001	-3.300000E-0005	 4.676779E-0002
 7.004160E-0002	 2.221135E+0001	-3.300000E-0005	 4.676938E-0002
 7.034880E-0002	 2.230920E+0001	-3.300000E-0005	 4.664312E-0002
 7.065600E-0002	 2.240706E+0001	-3.300000E-0005	 4.670152E-0002
 7.096320E-0002	 2.250491E+0001	-3.300000E-0005	 4.678417E-0002
 7.127040E-0002	 2.260276E+0001	-3.300000E-0005	 4.686421E-0002
 7.157760E-0002	 2.270062E+0001	-3.300000E-0005	 4.684541E-0002
 7.188480E-0002	 2.279843E+0001	-3.300000E-0005	 4.680351E-0002
 7.219200E-0002	 2.289629E+0001	-3.300000E-0005	 4.687903E-0002
 7.249920E-0002	 2.299414E+0001	-3.300000E-0005	 4.683700E-0002
 7.280640E-0002	 2.309199E+0001	-3.300000E-0005	 4.679556E-0002
 7.311360E-0002	 2.318985E+0001	-3.300000E-0005	 4.693962E-0002
 7.342080E-0002	 2.328770E+0001	-3.300000E-0005	 4.688403E-0002
 7.372800E-0002	 2.338552E+0001	-3.300000E-0005	 4.683055E-0002
 7.403520E-0002	 2.348337E+0001	-3.300000E-0005	 4.678710E-0002
 7.434240E-0002	 2.358123E+0001	-3.300000E-0005	 4.685933E-0002
 7.464960E-0002	 2.367908E+0001	-3.300000E-0005	 4.677524E-0002
 7.495680E-0002	 2.377693E+0001	-3.300000E-0005	 4.678869E-0002
 7.526400E-0002	 2.387479E+0001	-3.300000E-0005	 4.668648E-0002
 7.557120E-0002	 2.397260E+0001	-3.300000E-0005	 4.671903E-0002
 7.587840E-0002	 2.407046E+0001	-3.300000E-0005	 4.665259E-0002
 7.618560E-0002	 2.416831E+0001	-3.300000E-0005	 4.676102E-0002
 7.649280E-0002	 2.426616E+0001	-3.300000E-0005	 4.670808E-0002
 7.680000E-0002	 2.436402E+0001	-3.300000E-0005	 4.685703E-0002
 7.710720E-0002	 2.446187E+0001	-3.300000E-0005	 4.679972E-0002
 7.741440E-0002	 2.455969E+0001	-3.300000E-0005	 4.683050E-0002
 7.772160E-0002	 2.465754E+0001	-3.300000E-0005	 4.676549E-0002
 7.802880E-0002	 2.475539E+0001	-3.300000E-0005	 4.680986E-0002
 7.833600E-0002	 2.485325E+0001	-3.300000E-0005	 4.673638E-0002
 7.864320E-0002	 2.495110E+0001	-3.300000E-0005	 4.676589E-0002
 7.895040E-0002	 2.504895E+0001	-3.300000E-0005	 4.679003E-0002
 7.925760E-0002	 2.514677E+0001	-3.300000E-0005	 4.680295E-0002
 7.956480E-0002	 2.524463E+0001	-3.300000E-0005	 4.688237E-0002
 7.987200E-0002	 2.534248E+0001	-3.300000E-0005	 4.680048E-0002
 8.017920E-0002	 2.544033E+0001	-3.300000E-0005	 4.677401E-0002
 8.048640E-0002	 2.553818E+0001	-3.300000E-0005	 4.678277E-0002
 8.079360E-0002	 2.563604E+0001	-3.300000E-0005	 4.681870E-0002
 8.110080E-0002	 2.573386E+0001	-3.300000E-0005	 4.685464E-0002
 8.140800E-0002	 2.583171E+0001	-3.300000E-0005	 4.688022E-0002
 8.171520E-0002	 2.592956E+0001	-3.300000E-0005	 4.686346E-0002
 8.202240E-0002	 2.602742E+0001	-3.300000E-0005	 4.681724E-0002
 8.232960E-0002	 2.612527E+0001	-3.300000E-0005	 4.694022E-0002
 8.263680E-0002	 2.622312E+0001	-3.300000E-0005	 4.691418E-0002
 8.294400E-0002	 2.632094E+0001	-3.300000E-0005	 4.681595E-0002
 8.325120E-0002	 2.641879E+0001	-3.300000E-0005	 4.669670E-0002
 8.355840E-0002	 2.651665E+0001	-3.300000E-0005	 4.671667E-0002
 8.386560E-0002	 2.661450E+0001	-3.300000E-0005	 4.673269E-0002
 8.417280E-0002	 2.671235E+0001	-3.300000E-0005	 4.678556E-0002
 8.448000E-0002	 2.681021E+0001	-3.300000E-0005	 4.681147E-0002
 8.478720E-0002	 2.690802E+0001	-3.300000E-0005	 4.677373E-0002
 8.509440E-0002	 2.700588E+0001	-3.300000E-0005	 4.689298E-0002
 8.540160E-0002	 2.710373E+0001	-3.300000E-0005	 4.683242E-0002
 8.570880E-0002	 2.720158E+0001	-3.300000E-0005	 4.689124E-0002
 8.601600E-0002	 2.729944E+0001	-3.300000E-0005	 4.676332E-0002
 8.632320E-0002	 2.739729E+0001	-3.300000E-0005	 4.685010E-0002
 8.663040E-0002	 2.749511E+0001	-3.300000E-0005	 4.681215E-0002
 8.693760E-0002	 2.759296E+0001	-3.300000E-0005	 4.685096E-0002
 8.724480E-0002	 2.769082E+0001	-3.300000E-0005	 4.673496E-0002
 8.755200E-0002	 2.778867E+0001	-3.300000E-0005	 4.683403E-0002
 8.785920E-0002	 2.788652E+0001	-3.300000E-0005	 4.686211E-0002
 8.816640E-0002	 2.798438E+0001	-3.300000E-0005	 4.684704E-0002
 8.847360E-0002	 2.808219E+0001	-3.300000E-0005	 4.677401E-0002
 8.878080E-0002	 2.818005E+0001	-3.300000E-0005	 4.675033E-0002
 8.908800E-0002	 2.827790E+0001	-3.300000E-0005	 4.676662E-0002
 8.939520E-0002	 2.837575E+0001	-3.300000E-0005	 4.675765E-0002
 8.970240E-0002	 2.847361E+0001	-3.300000E-0005	 4.673770E-0002
 9.000960E-0002	 2.857146E+0001	-3.300000E-0005	 4.679001E-0002
 9.031680E-0002	 2.866928E+0001	-3.300000E-0005	 4.692145E-0002
 9.062400E-0002	 2.876713E+0001	-3.300000E-0005	 4.687999E-0002
 9.093120E-0002	 2.886498E+0001	-3.300000E-0005	 4.684451E-0002
 9.123840E-0002	 2.896284E+0001	-3.300000E-0005	 4.680134E-0002
 9.154560E-0002	 2.906069E+0001	-3.300000E-0005	 4.672971E-0002
 9.185280E-0002	 2.915854E+0001	-3.300000E-0005	 4.676205E-0002
 9.216000E-0002	 2.925636E+0001	-3.300000E-0005	 4.673295E-0002
 9.246720E-0002	 2.935422E+0001	-3.300000E-0005	 4.669073E-0002
 9.277440E-0002	 2.945207E+0001	-3.300000E-0005	 4.676100E-0002
 9.308160E-0002	 2.954992E+0001	-3.300000E-0005	 4.684175E-0002
 9.338880E-0002	 2.964778E+0001	-3.300000E-0005	 4.680788E-0002
 9.369600E-0002	 2.974563E+0001	-3.300000E-0005	 4.678954E-0002
 9.400320E-0002	 2.984345E+0001	-3.300000E-0005	 4.678963E-0002
 9.431040E-0002	 2.994130E+0001	-3.300000E-0005	 4.672945E-0002
 9.461760E-0002	 3.003915E+0001	-3.300000E-0005	 4.675233E-0002
 9.492480E-0002	 3.013701E+0001	-3.300000E-0005	 4.673705E-0002
 9.523200E-0002	 3.023486E+0001	-3.300000E-0005	 4.670028E-0002
 9.553920E-0002	 3.033271E+0001	-3.300000E-0005	 4.679173E-0002
 9.584640E-0002	 3.043053E+0001	-3.300000E-0005	 4.674039E-0002
 9.615360E-0002	 3.052838E+0001	-3.300000E-0005	 4.686294E-0002
 9.646080E-0002	 3.062624E+0001	-3.300000E-0005	 4.675720E-0002
 9.676800E-0002	 3.072409E+0001	-3.300000E-0005	 4.685152E-0002
 9.707520E-0002	 3.082194E+0001	-3.300000E-0005	 4.665817E-0002
 9.738240E-0002	 3.091980E+0001	-3.300000E-0005	 4.680177E-0002
 9.768960E-0002	 3.101761E+0001	-3.300000E-0005	 4.676433E-0002
 9.799680E-0002	 3.111547E+0001	-3.300000E-0005	 4.685607E-0002
 9.830400E-0002	 3.121332E+0001	-3.300000E-0005	 4.681845E-0002
 9.861120E-0002	 3.131117E+0001	-3.300000E-0005	 4.688802E-0002
 9.891840E-0002	 3.140903E+0001	-3.300000E-0005	 4.688555E-0002
 9.922560E-0002	 3.150688E+0001	-3.300000E-0005	 4.674815E-0002
 9.953280E-0002	 3.160470E+0001	-3.300000E-0005	 4.675309E-0002
 9.984000E-0002	 3.170255E+0001	-3.300000E-0005	 4.683949E-0002
 1.001472E-0001	 3.180041E+0001	-3.300000E-0005	 4.677092E-0002
 1.004544E-0001	 3.189826E+0001	-3.300000E-0005	 4.697703E-0002
 1.007616E-0001	 3.199611E+0001	-3.300000E-0005	 4.677764E-0002
 1.010688E-0001	 3.209397E+0001	-3.300000E-0005	 4.678277E-0002
 1.013760E-0001	 3.219178E+0001	-3.300000E-0005	 4.679327E-0002
 1.016832E-0001	 3.228964E+0001	-3.300000E-0005	 4.676388E-0002
 1.019904E-0001	 3.238749E+0001	-3.300000E-0005	 4.684246E-0002
 1.022976E-0001	 3.248534E+0001	-3.300000E-0005	 4.680985E-0002
 1.026048E-0001	 3.258320E+0001	-3.300000E-0005	 4.684245E-0002
 1.029120E-0001	 3.268105E+0001	-3.300000E-0005	 4.679009E-0002
 1.032192E-0001	 3.277887E+0001	-3.300000E-0005	 4.679570E-0002
 1.035264E-0001	 3.287672E+0001	-3.300000E-0005	 4.681292E-0002
 1.038336E-0001	 3.297457E+0001	-3.300000E-0005	 4.682925E-0002
 1.041408E-0001	 3.307243E+0001	-3.300000E-0005	 4.680344E-0002
 1.044480E-0001	 3.317028E+0001	-3.300000E-0005	 4.688075E-0002
 1.047552E-0001	 3.326813E+0001	-3.300000E-0005	 4.681736E-0002
 1.050624E-0001	 3.336595E+0001	-3.300000E-0005	 4.687008E-0002
 1.053696E-0001	 3.346381E+0001	-3.300000E-0005	 4.681271E-0002
 1.056768E-0001	 3.356166E+0001	-3.300000E-0005	 4.673634E-0002
 1.059840E-0001	 3.365951E+0001	-3.300000E-0005	 4.679875E-0002
 1.062912E-0001	 3.375737E+0001	-3.300000E-0005	 4.682787E-0002
 1.065984E-0001	 3.385522E+0001	-3.300000E-0005	 4.678904E-0002
 1.069056E-0001	 3.395304E+0001	-3.300000E-0005	 4.674008E-0002
 1.072128E-0001	 3.405089E+0001	-3.300000E-0005	 4.669418E-0002
 1.075200E-0001	 3.414874E+0001	-3.300000E-0005	 4.676543E-0002
 1.078272E-0001	 3.424660E+0001	-3.300000E-0005	 4.679922E-0002
 1.081344E-0001	 3.434445E+0001	-3.300000E-0005	 4.682422E-0002
 1.084416E-0001	 3.444230E+0001	-3.300000E-0005	 4.679649E-0002
 1.087488E-0001	 3.454012E+0001	-3.300000E-0005	 4.682335E-0002
 1.090560E-0001	 3.463797E+0001	-3.300000E-0005	 4.670905E-0002
 1.093632E-0001	 3.473583E+0001	-3.300000E-0005	 4.673194E-0002
 1.096704E-0001	 3.483368E+0001	-3.300000E-0005	 4.677076E-0002
 1.099776E-0001	 3.493153E+0001	-3.300000E-0005	 4.673112E-0002
 1.102848E-0001	 3.502939E+0001	-3.300000E-0005	 4.681523E-0002
 1.105920E-0001	 3.512721E+0001	-3.300000E-0005	 4.676880E-0002
 1.108992E-0001	 3.522506E+0001	-3.300000E-0005	 4.683424E-0002
 1.112064E-0001	 3.532291E+0001	-3.300000E-0005	 4.691695E-0002
 1.115136E-0001	 3.542076E+0001	-3.300000E-0005	 4.682340E-0002
 1.118208E-0001	 3.551862E+0001	-3.300000E-0005	 4.688357E-0002
 1.121280E-0001	 3.561647E+0001	-3.300000E-0005	 4.684565E-0002
 1.124352E-0001	 3.571429E+0001	-3.300000E-0005	 4.685701E-0002
 1.127424E-0001	 3.581214E+0001	-3.300000E-0005	 4.680840E-0002
 1.130496E-0001	 3.591000E+0001	-3.300000E-0005	 4.679918E-0002
 1.133568E-0001	 3.600785E+0001	-3.300000E-0005	 4.675245E-0002
 1.136640E-0001	 3.610570E+0001	-3.300000E-0005	 4.669113E-0002
 1.139712E-0001	 3.620356E+0001	-3.300000E-0005	 4.675377E-0002
 1.142784E-0001	 3.630137E+0001	-3.300000E-0005	 4.674581E-0002
 1.145856E-0001	 3.639923E+0001	-3.300000E-0005	 4.679415E-0002
 1.148928E-0001	 3.649708E+0001	-3.300000E-0005	 4.677987E-0002
 1.152000E-0001	 3.659493E+0001	-3.300000E-0005	 4.683888E-0002
 1.155072E-0001	 3.669279E+0001	-3.300000E-0005	 4.683507E-0002
 1.158144E-0001	 3.679064E+0001	-3.300000E-0005	 4.677993E-0002
 1.161216E-0001	 3.688846E+0001	-3.300000E-0005	 4.688702E-0002
 1.164288E-0001	 3.698631E+0001	-3.300000E-0005	 4.688299E-0002
 1.167360E-0001	 3.708416E+0001	-3.300000E-0005	 4.685116E-0002
 1.170432E-0001	 3.718202E+0001	-3.300000E-0005	 4.699897E-0002
 1.173504E-0001	 3.727987E+0001	-3.300000E-0005	 4.681348E-0002
 1.176576E-0001	 3.737772E+0001	-3.300000E-0005	 4.678577E-0002
 1.179648E-0001	 3.747554E+0001	-3.300000E-0005	 4.680245E-0002
 1.182720E-0001	 3.757340E+0001	-3.300000E-0005	 4.685832E-0002
 1.185792E-0001	 3.767125E+0001	-3.300000E-0005	 4.690497E-0002
 1.188864E-0001	 3.776910E+0001	-3.300000E-0005	 4.688313E-0002
 1.191936E-0001	 3.786696E+0001	-3.300000E-0005	 4.689810E-0002
 1.195008E-0001	 3.796481E+0001	-3.300000E-0005	 4.682592E-0002
 1.198080E-0001	 3.806263E+0001	-3.300000E-0005	 4.682881E-0002
 1.201152E-0001	 3.816048E+0001	-3.300000E-0005	 4.688139E-0002
 1.204224E-0001	 3.825833E+0001	-3.300000E-0005	 4.699192E-0002
 1.207296E-0001	 3.835619E+0001	-3.300000E-0005	 4.689765E-0002
 1.210368E-0001	 3.845404E+0001	-3.300000E-0005	 4.694583E-0002
 1.213440E-0001	 3.855189E+0001	-3.300000E-0005	 4.690067E-0002
 1.216512E-0001	 3.864971E+0001	-3.300000E-0005	 4.693229E-0002
 1.219584E-0001	 3.874756E+0001	-3.300000E-0005	 4.682043E-0002
 1.222656E-0001	 3.884542E+0001	-3.300000E-0005	 4.695650E-0002
 1.225728E-0001	 3.894327E+0001	-3.300000E-0005	 4.675643E-0002
 1.228800E-0001	 3.904112E+0001	-3.300000E-0005	 4.681967E-0002
 1.231872E-0001	 3.913898E+0001	-3.300000E-0005	 4.673485E-0002
 1.234944E-0001	 3.923680E+0001	-3.300000E-0005	 4.684291E-0002
 1.238016E-0001	 3.933465E+0001	-3.300000E-0005	 4.683631E-0002
 1.241088E-0001	 3.943250E+0001	-3.300000E-0005	 4.688102E-0002
 1.244160E-0001	 3.953035E+0001	-3.300000E-0005	 4.690302E-0002
 1.247232E-0001	 3.962821E+0001	-3.300000E-0005	 4.679972E-0002
 1.250304E-0001	 3.972606E+0001	-3.300000E-0005	 4.675213E-0002
 1.253376E-0001	 3.982388E+0001	-3.300000E-0005	 4.681764E-0002
 1.256448E-0001	 3.992173E+0001	-3.300000E-0005	 4.693580E-0002
 1.259520E-0001	 4.001959E+0001	-3.300000E-0005	 4.681825E-0002
 1.262592E-0001	 4.011744E+0001	-3.300000E-0005	 4.672304E-0002
 1.265664E-0001	 4.021529E+0001	-3.300000E-0005	 4.671391E-0002
 1.268736E-0001	 4.031315E+0001	-3.300000E-0005	 4.675723E-0002
 1.271808E-0001	 4.041096E+0001	-3.300000E-0005	 4.691372E-0002
 1.274880E-0001	 4.050882E+0001	-3.300000E-0005	 4.688245E-0002
 1.277952E-0001	 4.060667E+0001	-3.300000E-0005	 4.690968E-0002
 1.281024E-0001	 4.070452E+0001	-3.300000E-0005	 4.676085E-0002
 1.284096E-0001	 4.080238E+0001	-3.300000E-0005	 4.682131E-0002
 1.287168E-0001	 4.090023E+0001	-3.300000E-0005	 4.687312E-0002
 1.290240E-0001	 4.099805E+0001	-3.300000E-0005	 4.687053E-0002
 1.293312E-0001	 4.109590E+0001	-3.300000E-0005	 4.691219E-0002
 1.296384E-0001	 4.119375E+0001	-3.300000E-0005	 4.676832E-0002
 1.299456E-0001	 4.129161E+0001	-3.300000E-0005	 4.675726E-0002
 1.302528E-0001	 4.138946E+0001	-3.300000E-0005	 4.671368E-0002
 1.305600E-0001	 4.148731E+0001	-3.300000E-0005	 4.683181E-0002
 1.308672E-0001	 4.158513E+0001	-3.300000E-0005	 4.677884E-0002
 1.311744E-0001	 4.168299E+0001	-3.300000E-0005	 4.676732E-0002
 1.314816E-0001	 4.178084E+0001	-3.300000E-0005	 4.680705E-0002
 1.317888E-0001	 4.187869E+0001	-3.300000E-0005	 4.672686E-0002
 1.320960E-0001	 4.197655E+0001	-3.300000E-0005	 4.684451E-0002
 1.324032E-0001	 4.207440E+0001	-3.300000E-0005	 4.695423E-0002
 1.327104E-0001	 4.217222E+0001	-3.300000E-0005	 4.690091E-0002
 1.330176E-0001	 4.227007E+0001	-3.300000E-0005	 4.684666E-0002
 1.333248E-0001	 4.236792E+0001	-3.300000E-0005	 4.684960E-0002
 1.336320E-0001	 4.246578E+0001	-3.300000E-0005	 4.682926E-0002
 1.339392E-0001	 4.256363E+0001	-3.300000E-0005	 4.677407E-0002
 1.342464E-0001	 4.266148E+0001	-3.300000E-0005	 4.682462E-0002
 1.345536E-0001	 4.275930E+0001	-3.300000E-0005	 4.678109E-0002
 1.348608E-0001	 4.285715E+0001	-3.300000E-0005	 4.682610E-0002
 1.351680E-0001	 4.295501E+0001	-3.300000E-0005	 4.673042E-0002
 1.354752E-0001	 4.305286E+0001	-3.300000E-0005	 4.677925E-0002
 1.357824E-0001	 4.315071E+0001	-3.300000E-0005	 4.688000E-0002
 1.360896E-0001	 4.324857E+0001	-3.300000E-0005	 4.687057E-0002
 1.363968E-0001	 4.334639E+0001	-3.300000E-0005	 4.692119E-0002
 1.367040E-0001	 4.344424E+0001	-3.300000E-0005	 4.679769E-0002
 1.370112E-0001	 4.354209E+0001	-3.300000E-0005	 4.691455E-0002
 1.373184E-0001	 4.363995E+0001	-3.300000E-0005	 4.686112E-0002
 1.376256E-0001	 4.373780E+0001	-3.300000E-0005	 4.688160E-0002
 1.379328E-0001	 4.383565E+0001	-3.300000E-0005	 4.692721E-0002
 1.382400E-0001	 4.393347E+0001	-3.300000E-0005	 4.684963E-0002
 1.385472E-0001	 4.403132E+0001	-3.300000E-0005	 4.681245E-0002
 1.388544E-0001	 4.412918E+0001	-3.300000E-0005	 4.676069E-0002
 1.391616E-0001	 4.422703E+0001	-3.300000E-0005	 4.678361E-0002
 1.394688E-0001	 4.432488E+0001	-3.300000E-0005	 4.675146E-0002
 1.397760E-0001	 4.442274E+0001	-3.300000E-0005	 4.679714E-0002
 1.400832E-0001	 4.452055E+0001	-3.300000E-0005	 4.678894E-0002
 1.403904E-0001	 4.461841E+0001	-3.300000E-0005	 4.670317E-0002
 1.406976E-0001	 4.471626E+0001	-3.300000E-0005	 4.678210E-0002
 1.410048E-0001	 4.481411E+0001	-3.300000E-0005	 4.681370E-0002
 1.413120E-0001	 4.491197E+0001	-3.300000E-0005	 4.684406E-0002
 1.416192E-0001	 4.500979E+0001	-3.300000E-0005	 4.691961E-0002
 1.419264E-0001	 4.510764E+0001	-3.300000E-0005	 4.676416E-0002
 1.422336E-0001	 4.520549E+0001	-3.300000E-0005	 4.685007E-0002
 1.425408E-0001	 4.530334E+0001	-3.300000E-0005	 4.681186E-0002
 1.428480E-0001	 4.540120E+0001	-3.300000E-0005	 4.687770E-0002
 1.431552E-0001	 4.549905E+0001	-3.300000E-0005	 4.687848E-0002
 1.434624E-0001	 4.559687E+0001	-3.300000E-0005	 4.684675E-0002
 1.437696E-0001	 4.569472E+0001	-3.300000E-0005	 4.667008E-0002
 1.440768E-0001	 4.579258E+0001	-3.300000E-0005	 4.676868E-0002
 1.443840E-0001	 4.589043E+0001	-3.300000E-0005	 4.673557E-0002
 1.446912E-0001	 4.598828E+0001	-3.300000E-0005	 4.684634E-0002
 1.449984E-0001	 4.608614E+0001	-3.300000E-0005	 4.683651E-0002
 1.453056E-0001	 4.618395E+0001	-3.300000E-0005	 4.681458E-0002
 1.456128E-0001	 4.628181E+0001	-3.300000E-0005	 4.682306E-0002
 1.459200E-0001	 4.637966E+0001	-3.300000E-0005	 4.680824E-0002
 1.462272E-0001	 4.647751E+0001	-3.300000E-0005	 4.687623E-0002
 1.465344E-0001	 4.657537E+0001	-3.300000E-0005	 4.688687E-0002
 1.468416E-0001	 4.667322E+0001	-3.300000E-0005	 4.691194E-0002
 1.471488E-0001	 4.677104E+0001	-3.300000E-0005	 4.684828E-0002
 1.474560E-0001	 4.686889E+0001	-3.300000E-0005	 4.692194E-0002
 1.477632E-0001	 4.696674E+0001	-3.300000E-0005	 4.697023E-0002
 1.480704E-0001	 4.706460E+0001	-3.300000E-0005	 4.690191E-0002
 1.483776E-0001	 4.716245E+0001	-3.300000E-0005	 4.687722E-0002
 1.486848E-0001	 4.726030E+0001	-3.300000E-0005	 4.685943E-0002
 1.489920E-0001	 4.735812E+0001	-3.300000E-0005	 4.681475E-0002
 1.492992E-0001	 4.745598E+0001	-3.300000E-0005	 4.690551E-0002
 1.496064E-0001	 4.755383E+0001	-3.300000E-0005	 4.687492E-0002
 1.499136E-0001	 4.765168E+0001	-3.300000E-0005	 4.687902E-0002
 1.502208E-0001	 4.774954E+0001	-3.300000E-0005	 4.683801E-0002
 1.505280E-0001	 4.784739E+0001	-3.300000E-0005	 4.697857E-0002
 1.508352E-0001	 4.794521E+0001	-3.300000E-0005	 4.690980E-0002
 1.511424E-0001	 4.804306E+0001	-3.300000E-0005	 4.681467E-0002
 1.514496E-0001	 4.814091E+0001	-3.300000E-0005	 4.679908E-0002
 1.517568E-0001	 4.823877E+0001	-3.300000E-0005	 4.665989E-0002
 1.520640E-0001	 4.833662E+0001	-3.300000E-0005	 4.684902E-0002
 1.523712E-0001	 4.843447E+0001	-3.300000E-0005	 4.676339E-0002
 1.526784E-0001	 4.853229E+0001	-3.300000E-0005	 4.686300E-0002
 1.529856E-0001	 4.863014E+0001	-3.300000E-0005	 4.671477E-0002
 1.532928E-0001	 4.872800E+0001	-3.300000E-0005	 4.687596E-0002
 1.536000E-0001	 4.882585E+0001	-3.300000E-0005	 4.693011E-0002
 1.539072E-0001	 4.892370E+0001	-3.300000E-0005	 4.690610E-0002
 1.542144E-0001	 4.902156E+0001	-3.300000E-0005	 4.689932E-0002
 1.545216E-0001	 4.911938E+0001	-3.300000E-0005	 4.672358E-0002
 1.548288E-0001	 4.921723E+0001	-3.300000E-0005	 4.685363E-0002
 1.551360E-0001	 4.931508E+0001	-3.300000E-0005	 4.671871E-0002
 1.554432E-0001	 4.941293E+0001	-3.300000E-0005	 4.687117E-0002
 1.557504E-0001	 4.951079E+0001	-3.300000E-0005	 4.683521E-0002
 1.560576E-0001	 4.960864E+0001	-3.300000E-0005	 4.690505E-0002
 1.563648E-0001	 4.970646E+0001	-3.300000E-0005	 4.676903E-0002
 1.566720E-0001	 4.980431E+0001	-3.300000E-0005	 4.678889E-0002
 1.569792E-0001	 4.990217E+0001	-3.300000E-0005	 4.683645E-0002
 1.572864E-0001	 5.000002E+0001	-3.300000E-0005	 4.690486E-0002
 1.575936E-0001	 4.990217E+0001	-3.300000E-0005	 4.697315E-0002
 1.579008E-0001	 4.980431E+0001	-3.300000E-0005	 4.698860E-0002
 1.582080E-0001	 4.970646E+0001	-3.300000E-0005	 4.686317E-0002
 1.585152E-0001	 4.960864E+0001	-3.300000E-0005	 4.675865E-0002
 1.588224E-0001	 4.951079E+0001	-3.300000E-0005	 4.676797E-0002
 1.591296E-0001	 4.941293E+0001	-3.300000E-0005	 4.677527E-0002
 1.594368E-0001	 4.931508E+0001	-3.300000E-0005	 4.689321E-0002
 1.597440E-0001	 4.921723E+0001	-3.300000E-0005	 4.687039E-0002
 1.600512E-0001	 4.911938E+0001	-3.300000E-0005	 4.683371E-0002
 1.603584E-0001	 4.902156E+0001	-3.300000E-0005	 4.684105E-0002
 1.606656E-0001	 4.892370E+0001	-3.300000E-0005	 4.684605E-0002
 1.609728E-0001	 4.882585E+0001	-3.300000E-0005	 4.682321E-0002
 1.612800E-0001	 4.872800E+0001	-3.300000E-0005	 4.689326E-0002
 1.615872E-0001	 4.863014E+0001	-3.300000E-0005	 4.680733E-0002
 1.618944E-0001	 4.853229E+0001	-3.300000E-0005	 4.693766E-0002
 1.622016E-0001	 4.843447E+0001	-3.300000E-0005	 4.686077E-0002
 1.625088E-0001	 4.833662E+0001	-3.300000E-0005	 4.688804E-0002
 1.628160E-0001	 4.823877E+0001	-3.300000E-0005	 4.684721E-0002
 1.631232E-0001	 4.814091E+0001	-3.300000E-0005	 4.675069E-0002
 1.634304E-0001	 4.804306E+0001	-3.300000E-0005	 4.679294E-0002
 1.637376E-0001	 4.794521E+0001	-3.300000E-0005	 4.675147E-0002
 1.640448E-0001	 4.784739E+0001	-3.300000E-0005	 4.676451E-0002
 1.643520E-0001	 4.774954E+0001	-3.300000E-0005	 4.679445E-0002
 1.646592E-0001	 4.765168E+0001	-3.300000E-0005	 4.682219E-0002
 1.649664E-0001	 4.755383E+0001	-3.300000E-0005	 4.688068E-0002
 1.652736E-0001	 4.745598E+0001	-3.300000E-0005	 4.686017E-0002
 1.655808E-0001	 4.735812E+0001	-3.300000E-0005	 4.687420E-0002
 1.658880E-0001	 4.726030E+0001	-3.300000E-0005	 4.685750E-0002
 1.661952E-0001	 4.716245E+0001	-3.300000E-0005	 4.680504E-0002
 1.665024E-0001	 4.706460E+0001	-3.300000E-0005	 4.693721E-0002
 1.668096E-0001	 4.696674E+0001	-3.300000E-0005	 4.689750E-0002
 1.671168E-0001	 4.686889E+0001	-3.300000E-0005	 4.698758E-0002
 1.674240E-0001	 4.677104E+0001	-3.300000E-0005	 4.683178E-0002
 1.677312E-0001	 4.667322E+0001	-3.300000E-0005	 4.692120E-0002
 1.680384E-0001	 4.657537E+0001	-3.300000E-0005	 4.677375E-0002
 1.683456E-0001	 4.647751E+0001	-3.300000E-0005	 4.680551E-0002
 1.686528E-0001	 4.637966E+0001	-3.300000E-0005	 4.678976E-0002
 1.689600E-0001	 4.628181E+0001	-3.300000E-0005	 4.680484E-0002
 1.692672E-0001	 4.618395E+0001	-3.300000E-0005	 4.677226E-0002
 1.695744E-0001	 4.608614E+0001	-3.300000E-0005	 4.687677E-0002
 1.698816E-0001	 4.598828E+0001	-3.300000E-0005	 4.681074E-0002
 1.701888E-0001	 4.589043E+0001	-3.300000E-0005	 4.693213E-0002
 1.704960E-0001	 4.579258E+0001	-3.300000E-0005	 4.696052E-0002
 1.708032E-0001	 4.569472E+0001	-3.300000E-0005	 4.683735E-0002
 1.711104E-0001	 4.559687E+0001	-3.300000E-0005	 4.693301E-0002
 1.714176E-0001	 4.549905E+0001	-3.300000E-0005	 4.691243E-0002
 1.717248E-0001	 4.540120E+0001	-3.300000E-0005	 4.693217E-0002
 1.720320E-0001	 4.530334E+0001	-3.300000E-0005	 4.684290E-0002
 1.723392E-0001	 4.520549E+0001	-3.300000E-0005	 4.682031E-0002
 1.726464E-0001	 4.510764E+0001	-3.300000E-0005	 4.685500E-0002
 1.729536E-0001	 4.500979E+0001	-3.300000E-0005	 4.681146E-0002
 1.732608E-0001	 4.491197E+0001	-3.300000E-0005	 4.686427E-0002
 1.735680E-0001	 4.481411E+0001	-3.300000E-0005	 4.676344E-0002
 1.738752E-0001	 4.471626E+0001	-3.300000E-0005	 4.680650E-0002
 1.741824E-0001	 4.461841E+0001	-3.300000E-0005	 4.683471E-0002
 1.744896E-0001	 4.452055E+0001	-3.300000E-0005	 4.675671E-0002
 1.747968E-0001	 4.442274E+0001	-3.300000E-0005	 4.686591E-0002
 1.751040E-0001	 4.432488E+0001	-3.300000E-0005	 4.679742E-0002
 1.754112E-0001	 4.422703E+0001	-3.300000E-0005	 4.689809E-0002
 1.757184E-0001	 4.412918E+0001	-3.300000E-0005	 4.676662E-0002
 1.760256E-0001	 4.403132E+0001	-3.300000E-0005	 4.686363E-0002
 1.763328E-0001	 4.393347E+0001	-3.300000E-0005	 4.678507E-0002
 1.766400E-0001	 4.383565E+0001	-3.300000E-0005	 4.686098E-0002
 1.769472E-0001	 4.373780E+0001	-3.300000E-0005	 4.696569E-0002
 1.772544E-0001	 4.363995E+0001	-3.300000E-0005	 4.691917E-0002
 1.775616E-0001	 4.354209E+0001	-3.300000E-0005	 4.690302E-0002
 1.778688E-0001	 4.344424E+0001	-3.300000E-0005	 4.682496E-0002
 1.781760E-0001	 4.334639E+0001	-3.300000E-0005	 4.687673E-0002
 1.784832E-0001	 4.324857E+0001	-3.300000E-0005	 4.693402E-0002
 1.787904E-0001	 4.315071E+0001	-3.300000E-0005	 4.689135E-0002
 1.790976E-0001	 4.305286E+0001	-3.300000E-0005	 4.686127E-0002
 1.794048E-0001	 4.295501E+0001	-3.300000E-0005	 4.689762E-0002
 1.797120E-0001	 4.285715E+0001	-3.300000E-0005	 4.677651E-0002
 1.800192E-0001	 4.275930E+0001	-3.300000E-0005	 4.683559E-0002
 1.803264E-0001	 4.266148E+0001	-3.300000E-0005	 4.676350E-0002
 1.806336E-0001	 4.256363E+0001	-3.300000E-0005	 4.685623E-0002
 1.809408E-0001	 4.246578E+0001	-3.300000E-0005	 4.685610E-0002
 1.812480E-0001	 4.236792E+0001	-3.300000E-0005	 4.692413E-0002
 1.815552E-0001	 4.227007E+0001	-3.300000E-0005	 4.686118E-0002
 1.818624E-0001	 4.217222E+0001	-3.300000E-0005	 4.680459E-0002
 1.821696E-0001	 4.207440E+0001	-3.300000E-0005	 4.679265E-0002
 1.824768E-0001	 4.197655E+0001	-3.300000E-0005	 4.672645E-0002
 1.827840E-0001	 4.187869E+0001	-3.300000E-0005	 4.678232E-0002
 1.830912E-0001	 4.178084E+0001	-3.300000E-0005	 4.688890E-0002
 1.833984E-0001	 4.168299E+0001	-3.300000E-0005	 4.679977E-0002
 1.837056E-0001	 4.158513E+0001	-3.300000E-0005	 4.676020E-0002
 1.840128E-0001	 4.148731E+0001	-3.300000E-0005	 4.682152E-0002
 1.843200E-0001	 4.138946E+0001	-3.300000E-0005	 4.684701E-0002
 1.846272E-0001	 4.129161E+0001	-3.300000E-0005	 4.688361E-0002
 1.849344E-0001	 4.119375E+0001	-3.300000E-0005	 4.683201E-0002
 1.852416E-0001	 4.109590E+0001	-3.300000E-0005	 4.683034E-0002
 1.855488E-0001	 4.099805E+0001	-3.300000E-0005	 4.679893E-0002
 1.858560E-0001	 4.090023E+0001	-3.300000E-0005	 4.686662E-0002
 1.861632E-0001	 4.080238E+0001	-3.300000E-0005	 4.686000E-0002
 1.864704E-0001	 4.070452E+0001	-3.300000E-0005	 4.691603E-0002
 1.867776E-0001	 4.060667E+0001	-3.300000E-0005	 4.686660E-0002
 1.870848E-0001	 4.050882E+0001	-3.300000E-0005	 4.683914E-0002
 1.873920E-0001	 4.041096E+0001	-3.300000E-0005	 4.681355E-0002
 1.876992E-0001	 4.031315E+0001	-3.300000E-0005	 4.684604E-0002
 1.880064E-0001	 4.021529E+0001	-3.300000E-0005	 4.687764E-0002
 1.883136E-0001	 4.011744E+0001	-3.300000E-0005	 4.679176E-0002
 1.886208E-0001	 4.001959E+0001	-3.300000E-0005	 4.680069E-0002
 1.889280E-0001	 3.992173E+0001	-3.300000E-0005	 4.682368E-0002
 1.892352E-0001	 3.982388E+0001	-3.300000E-0005	 4.682314E-0002
 1.895424E-0001	 3.972606E+0001	-3.300000E-0005	 4.681000E-0002
 1.898496E-0001	 3.962821E+0001	-3.300000E-0005	 4.687783E-0002
 1.901568E-0001	 3.953035E+0001	-3.300000E-0005	 4.684346E-0002
 1.904640E-0001	 3.943250E+0001	-3.300000E-0005	 4.690724E-0002
 1.907712E-0001	 3.933465E+0001	-3.300000E-0005	 4.685077E-0002
 1.910784E-0001	 3.923680E+0001	-3.300000E-0005	 4.678201E-0002
 1.913856E-0001	 3.913898E+0001	-3.300000E-0005	 4.682866E-0002
 1.916928E-0001	 3.904112E+0001	-3.300000E-0005	 4.676536E-0002
 1.920000E-0001	 3.894327E+0001	-3.300000E-0005	 4.689408E-0002
 1.923072E-0001	 3.884542E+0001	-3.300000E-0005	 4.676832E-0002
 1.926144E-0001	 3.874756E+0001	-3.300000E-0005	 4.685347E-0002
 1.929216E-0001	 3.864971E+0001	-3.300000E-0005	 4.690715E-0002
 1.932288E-0001	 3.855189E+0001	-3.300000E-0005	 4.682556E-0002
 1.935360E-0001	 3.845404E+0001	-3.300000E-0005	 4.677940E-0002
 1.938432E-0001	 3.835619E+0001	-3.300000E-0005	 4.667328E-0002
 1.941504E-0001	 3.825833E+0001	-3.300000E-0005	 4.676623E-0002
 1.944576E-0001	 3.816048E+0001	-3.300000E-0005	 4.678286E-0002
 1.947648E-0001	 3.806263E+0001	-3.300000E-0005	 4.680862E-0002
 1.950720E-0001	 3.796481E+0001	-3.300000E-0005	 4.692709E-0002
 1.953792E-0001	 3.786696E+0001	-3.300000E-0005	 4.688528E-0002
 1.956864E-0001	 3.776910E+0001	-3.300000E-0005	 4.694081E-0002
 1.959936E-0001	 3.767125E+0001	-3.300000E-0005	 4.686915E-0002
 1.963008E-0001	 3.757340E+0001	-3.300000E-0005	 4.697535E-0002
 1.966080E-0001	 3.747554E+0001	-3.300000E-0005	 4.691320E-0002
 1.969152E-0001	 3.737772E+0001	-3.300000E-0005	 4.697718E-0002
 1.972224E-0001	 3.727987E+0001	-3.300000E-0005	 4.681099E-0002
 1.975296E-0001	 3.718202E+0001	-3.300000E-0005	 4.679868E-0002
 1.978368E-0001	 3.708416E+0001	-3.300000E-0005	 4.683992E-0002
 1.981440E-0001	 3.698631E+0001	-3.300000E-0005	 4.682709E-0002
 1.984512E-0001	 3.688846E+0001	-3.300000E-0005	 4.694131E-0002
 1.987584E-0001	 3.679064E+0001	-3.300000E-0005	 4.680803E-0002
 1.990656E-0001	 3.669279E+0001	-3.300000E-0005	 4.693861E-0002
 1.993728E-0001	 3.659493E+0001	-3.300000E-0005	 4.685253E-0002
 1.996800E-0001	 3.649708E+0001	-3.300000E-0005	 4.688038E-0002
 1.999872E-0001	 3.639923E+0001	-3.300000E-0005	 4.684290E-0002
 2.002944E-0001	 3.630137E+0001	-3.300000E-0005	 4.692021E-0002
 2.006016E-0001	 3.620356E+0001	-3.300000E-0005	 4.686743E-0002
 2.009088E-0001	 3.610570E+0001	-3.300000E-0005	 4.687615E-0002
 2.012160E-0001	 3.600785E+0001	-3.300000E-0005	 4.679963E-0002
 2.015232E-0001	 3.591000E+0001	-3.300000E-0005	 4.675512E-0002
 2.018304E-0001	 3.581214E+0001	-3.300000E-0005	 4.677273E-0002
 2.021376E-0001	 3.571429E+0001	-3.300000E-0005	 4.679314E-0002
 2.024448E-0001	 3.561647E+0001	-3.300000E-0005	 4.688541E-0002
 2.027520E-0001	 3.551862E+0001	-3.300000E-0005	 4.686264E-0002
 2.030592E-0001	 3.542076E+0001	-3.300000E-0005	 4.681021E-0002
 2.033664E-0001	 3.532291E+0001	-3.300000E-0005	 4.683481E-0002
 2.036736E-0001	 3.522506E+0001	-3.300000E-0005	 4.688901E-0002
 2.039808E-0001	 3.512721E+0001	-3.300000E-0005	 4.681933E-0002
 2.042880E-0001	 3.502939E+0001	-3.300000E-0005	 4.689051E-0002
 2.045952E-0001	 3.493153E+0001	-3.300000E-0005	 4.683250E-0002
 2.049024E-0001	 3.483368E+0001	-3.300000E-0005	 4.676672E-0002
 2.052096E-0001	 3.473583E+0001	-3.300000E-0005	 4.673322E-0002
 2.055168E-0001	 3.463797E+0001	-3.300000E-0005	 4.672584E-0002
 2.058240E-0001	 3.454012E+0001	-3.300000E-0005	 4.676836E-0002
 2.061312E-0001	 3.444230E+0001	-3.300000E-0005	 4.685617E-0002
 2.064384E-0001	 3.434445E+0001	-3.300000E-0005	 4.696224E-0002
 2.067456E-0001	 3.424660E+0001	-3.300000E-0005	 4.688719E-0002
 2.070528E-0001	 3.414874E+0001	-3.300000E-0005	 4.689955E-0002
 2.073600E-0001	 3.405089E+0001	-3.300000E-0005	 4.681568E-0002
 2.076672E-0001	 3.395304E+0001	-3.300000E-0005	 4.690752E-0002
 2.079744E-0001	 3.385522E+0001	-3.300000E-0005	 4.685736E-0002
 2.082816E-0001	 3.375737E+0001	-3.300000E-0005	 4.685090E-0002
 2.085888E-0001	 3.365951E+0001	-3.300000E-0005	 4.680220E-0002
 2.088960E-0001	 3.356166E+0001	-3.300000E-0005	 4.690281E-0002
 2.092032E-0001	 3.346381E+0001	-3.300000E-0005	 4.682925E-0002
 2.095104E-0001	 3.336595E+0001	-3.300000E-0005	 4.691713E-0002
 2.098176E-0001	 3.326813E+0001	-3.300000E-0005	 4.682909E-0002
 2.101248E-0001	 3.317028E+0001	-3.300000E-0005	 4.686933E-0002
 2.104320E-0001	 3.307243E+0001	-3.300000E-0005	 4.682611E-0002
 2.107392E-0001	 3.297457E+0001	-3.300000E-0005	 4.675810E-0002
 2.110464E-0001	 3.287672E+0001	-3.300000E-0005	 4.693914E-0002
 2.113536E-0001	 3.277887E+0001	-3.300000E-0005	 4.684836E-0002
 2.116608E-0001	 3.268105E+0001	-3.300000E-0005	 4.680627E-0002
 2.119680E-0001	 3.258320E+0001	-3.300000E-0005	 4.675734E-0002
 2.122752E-0001	 3.248534E+0001	-3.300000E-0005	 4.673919E-0002
 2.125824E-0001	 3.238749E+0001	-3.300000E-0005	 4.679338E-0002
 2.128896E-0001	 3.228964E+0001	-3.300000E-0005	 4.671706E-0002
 2.131968E-0001	 3.219178E+0001	-3.300000E-0005	 4.674389E-0002
 2.135040E-0001	 3.209397E+0001	-3.300000E-0005	 4.678158E-0002
 2.138112E-0001	 3.199611E+0001	-3.300000E-0005	 4.684952E-0002
 2.141184E-0001	 3.189826E+0001	-3.300000E-0005	 4.676407E-0002
 2.144256E-0001	 3.180041E+0001	-3.300000E-0005	 4.686239E-0002
 2.147328E-0001	 3.170255E+0001	-3.300000E-0005	 4.681097E-0002
 2.150400E-0001	 3.160470E+0001	-3.300000E-0005	 4.671974E-0002
 2.153472E-0001	 3.150688E+0001	-3.300000E-0005	 4.674575E-0002
 2.156544E-0001	 3.140903E+0001	-3.300000E-0005	 4.672598E-0002
 2.159616E-0001	 3.131117E+0001	-3.300000E-0005	 4.678109E-0002
 2.162688E-0001	 3.121332E+0001	-3.300000E-0005	 4.670083E-0002
 2.165760E-0001	 3.111547E+0001	-3.300000E-0005	 4.681251E-0002
 2.168832E-0001	 3.101761E+0001	-3.300000E-0005	 4.681795E-0002
 2.171904E-0001	 3.091980E+0001	-3.300000E-0005	 4.684005E-0002
 2.174976E-0001	 3.082194E+0001	-3.300000E-0005	 4.678524E-0002
 2.178048E-0001	 3.072409E+0001	-3.300000E-0005	 4.679965E-0002
 2.181120E-0001	 3.062624E+0001	-3.300000E-0005	 4.674776E-0002
 2.184192E-0001	 3.052838E+0001	-3.300000E-0005	 4.675778E-0002
 2.187264E-0001	 3.043053E+0001	-3.300000E-0005	 4.678303E-0002
 2.190336E-0001	 3.033271E+0001	-3.300000E-0005	 4.685203E-0002
 2.193408E-0001	 3.023486E+0001	-3.300000E-0005	 4.688240E-0002
 2.196480E-0001	 3.013701E+0001	-3.300000E-0005	 4.677302E-0002
 2.199552E-0001	 3.003915E+0001	-3.300000E-0005	 4.682189E-0002
 2.202624E-0001	 2.994130E+0001	-3.300000E-0005	 4.677551E-0002
 2.205696E-0001	 2.984345E+0001	-3.300000E-0005	 4.677447E-0002
 2.208768E-0001	 2.974563E+0001	-3.300000E-0005	 4.670837E-0002
 2.211840E-0001	 2.964778E+0001	-3.300000E-0005	 4.680985E-0002
 2.214912E-0001	 2.954992E+0001	-3.300000E-0005	 4.683317E-0002
 2.217984E-0001	 2.945207E+0001	-3.300000E-0005	 4.687519E-0002
 2.221056E-0001	 2.935422E+0001	-3.300000E-0005	 4.676980E-0002
 2.224128E-0001	 2.925636E+0001	-3.300000E-0005	 4.672536E-0002
 2.227200E-0001	 2.915854E+0001	-3.300000E-0005	 4.676493E-0002
 2.230272E-0001	 2.906069E+0001	-3.300000E-0005	 4.695375E-0002
 2.233344E-0001	 2.896284E+0001	-3.300000E-0005	 4.685062E-0002
 2.236416E-0001	 2.886498E+0001	-3.300000E-0005	 4.674622E-0002
 2.239488E-0001	 2.876713E+0001	-3.300000E-0005	 4.680715E-0002
 2.242560E-0001	 2.866928E+0001	-3.300000E-0005	 4.672530E-0002
 2.245632E-0001	 2.857146E+0001	-3.300000E-0005	 4.681453E-0002
 2.248704E-0001	 2.847361E+0001	-3.300000E-0005	 4.684114E-0002
 2.251776E-0001	 2.837575E+0001	-3.300000E-0005	 4.691000E-0002
 2.254848E-0001	 2.827790E+0001	-3.300000E-0005	 4.692708E-0002
 2.257920E-0001	 2.818005E+0001	-3.300000E-0005	 4.688089E-0002
 2.260992E-0001	 2.808219E+0001	-3.300000E-0005	 4.682615E-0002
 2.264064E-0001	 2.798438E+0001	-3.300000E-0005	 4.685308E-0002
 2.267136E-0001	 2.788652E+0001	-3.300000E-0005	 4.674549E-0002
 2.270208E-0001	 2.778867E+0001	-3.300000E-0005	 4.671913E-0002
 2.273280E-0001	 2.769082E+0001	-3.300000E-0005	 4.676441E-0002
 2.276352E-0001	 2.759296E+0001	-3.300000E-0005	 4.684357E-0002
 2.279424E-0001	 2.749511E+0001	-3.300000E-0005	 4.683195E-0002
 2.282496E-0001	 2.739729E+0001	-3.300000E-0005	 4.689979E-0002
 2.285568E-0001	 2.729944E+0001	-3.300000E-0005	 4.693081E-0002
 2.288640E-0001	 2.720158E+0001	-3.300000E-0005	 4.683953E-0002
 2.291712E-0001	 2.710373E+0001	-3.300000E-0005	 4.687612E-0002
 2.294784E-0001	 2.700588E+0001	-3.300000E-0005	 4.684432E-0002
 2.297856E-0001	 2.690802E+0001	-3.300000E-0005	 4.685209E-0002
 2.300928E-0001	 2.681021E+0001	-3.300000E-0005	 4.680299E-0002
 2.304000E-0001	 2.671235E+0001	-3.300000E-0005	 4.680613E-0002
 2.307072E-0001	 2.661450E+0001	-3.300000E-0005	 4.683453E-0002
 2.310144E-0001	 2.651665E+0001	-3.300000E-0005	 4.674518E-0002
 2.313216E-0001	 2.641879E+0001	-3.300000E-0005	 4.685120E-0002
 2.316288E-0001	 2.632094E+0001	-3.300000E-0005	 4.698345E-0002
 2.319360E-0001	 2.622312E+0001	-3.300000E-0005	 4.680661E-0002
 2.322432E-0001	 2.612527E+0001	-3.300000E-0005	 4.675773E-0002
 2.325504E-0001	 2.602742E+0001	-3.300000E-0005	 4.671633E-0002
 2.328576E-0001	 2.592956E+0001	-3.300000E-0005	 4.674150E-0002
 2.331648E-0001	 2.583171E+0001	-3.300000E-0005	 4.676108E-0002
 2.334720E-0001	 2.573386E+0001	-3.300000E-0005	 4.679455E-0002
 2.337792E-0001	 2.563604E+0001	-3.300000E-0005	 4.683864E-0002
 2.340864E-0001	 2.553818E+0001	-3.300000E-0005	 4.673793E-0002
 2.343936E-0001	 2.544033E+0001	-3.300000E-0005	 4.687253E-0002
 2.347008E-0001	 2.534248E+0001	-3.300000E-0005	 4.679286E-0002
 2.350080E-0001	 2.524463E+0001	-3.300000E-0005	 4.691614E-0002
 2.353152E-0001	 2.514677E+0001	-3.300000E-0005	 4.686268E-0002
 2.356224E-0001	 2.504895E+0001	-3.300000E-0005	 4.692771E-0002
 2.359296E-0001	 2.495110E+0001	-3.300000E-0005	 4.683894E-0002
 2.362368E-0001	 2.485325E+0001	-3.300000E-0005	 4.677806E-0002
 2.365440E-0001	 2.475539E+0001	-3.300000E-0005	 4.678898E-0002
 2.368512E-0001	 2.465754E+0001	-3.300000E-0005	 4.678646E-0002
 2.371584E-0001	 2.455969E+0001	-3.300000E-0005	 4.687666E-0002
 2.374656E-0001	 2.446187E+0001	-3.300000E-0005	 4.687127E-0002
 2.377728E-0001	 2.436402E+0001	-3.300000E-0005	 4.676895E-0002
 2.380800E-0001	 2.426616E+0001	-3.300000E-0005	 4.684084E-0002
 2.383872E-0001	 2.416831E+0001	-3.300000E-0005	 4.676219E-0002
 2.386944E-0001	 2.407046E+0001	-3.300000E-0005	 4.680798E-0002
 2.390016E-0001	 2.397260E+0001	-3.300000E-0005	 4.682797E-0002
 2.393088E-0001	 2.387479E+0001	-3.300000E-0005	 4.682985E-0002
 2.396160E-0001	 2.377693E+0001	-3.300000E-0005	 4.681266E-0002
 2.399232E-0001	 2.367908E+0001	-3.300000E-0005	 4.669279E-0002
 2.402304E-0001	 2.358123E+0001	-3.300000E-0005	 4.673850E-0002
 2.405376E-0001	 2.348337E+0001	-3.300000E-0005	 4.667741E-0002
 2.408448E-0001	 2.338552E+0001	-3.300000E-0005	 4.670362E-0002
 2.411520E-0001	 2.328770E+0001	-3.300000E-0005	 4.679457E-0002
 2.414592E-0001	 2.318985E+0001	-3.300000E-0005	 4.684220E-0002
 2.417664E-0001	 2.309199E+0001	-3.300000E-0005	 4.687784E-0002
 2.420736E-0001	 2.299414E+0001	-3.300000E-0005	 4.679776E-0002
 2.423808E-0001	 2.289629E+0001	-3.300000E-0005	 4.667456E-0002
 2.426880E-0001	 2.279843E+0001	-3.300000E-0005	 4.670222E-0002
 2.429952E-0001	 2.270062E+0001	-3.300000E-0005	 4.669545E-0002
 2.433024E-0001	 2.260276E+0001	-3.300000E-0005	 4.681780E-0002
 2.436096E-0001	 2.250491E+0001	-3.300000E-0005	 4.676783E-0002
 2.439168E-0001	 2.240706E+0001	-3.300000E-0005	 4.676565E-0002
 2.442240E-0001	 2.230920E+0001	-3.300000E-0005	 4.664986E-0002
 2.445312E-0001	 2.221135E+0001	-3.300000E-0005	 4.664919E-0002
 2.448384E-0001	 2.211353E+0001	-3.300000E-0005	 4.674842E-0002
 2.451456E-0001	 2.201568E+0001	-3.300000E-0005	 4.684475E-0002
 2.454528E-0001	 2.191783E+0001	-3.300000E-0005	 4.684667E-0002
 2.457600E-0001	 2.181997E+0001	-3.300000E-0005	 4.681259E-0002
 2.460672E-0001	 2.172212E+0001	-3.300000E-0005	 4.675102E-0002
 2.463744E-0001	 2.162427E+0001	-3.300000E-0005	 4.691577E-0002
 2.466816E-0001	 2.152645E+0001	-3.300000E-0005	 4.681297E-0002
 2.469888E-0001	 2.142859E+0001	-3.300000E-0005	 4.672488E-0002
 2.472960E-0001	 2.133074E+0001	-3.300000E-0005	 4.676472E-0002
 2.476032E-0001	 2.123289E+0001	-3.300000E-0005	 4.676906E-0002
 2.479104E-0001	 2.113504E+0001	-3.300000E-0005	 4.681358E-0002
 2.482176E-0001	 2.103718E+0001	-3.300000E-0005	 4.683833E-0002
 2.485248E-0001	 2.093936E+0001	-3.300000E-0005	 4.674489E-0002
 2.488320E-0001	 2.084151E+0001	-3.300000E-0005	 4.680669E-0002
 2.491392E-0001	 2.074366E+0001	-3.300000E-0005	 4.677001E-0002
 2.494464E-0001	 2.064580E+0001	-3.300000E-0005	 4.680580E-0002
 2.497536E-0001	 2.054795E+0001	-3.300000E-0005	 4.669002E-0002
 2.500608E-0001	 2.045010E+0001	-3.300000E-0005	 4.676735E-0002
 2.503680E-0001	 2.035228E+0001	-3.300000E-0005	 4.680355E-0002
 2.506752E-0001	 2.025443E+0001	-3.300000E-0005	 4.678935E-0002
 2.509824E-0001	 2.015657E+0001	-3.300000E-0005	 4.666217E-0002
 2.512896E-0001	 2.005872E+0001	-3.300000E-0005	 4.668708E-0002
 2.515968E-0001	 1.996087E+0001	-3.300000E-0005	 4.678119E-0002
 2.519040E-0001	 1.986305E+0001	-3.300000E-0005	 4.684875E-0002
 2.522112E-0001	 1.976520E+0001	-3.300000E-0005	 4.667915E-0002
 2.525184E-0001	 1.966734E+0001	-3.300000E-0005	 4.680497E-0002
 2.528256E-0001	 1.956949E+0001	-3.300000E-0005	 4.674868E-0002
 2.531328E-0001	 1.947164E+0001	-3.300000E-0005	 4.680505E-0002
 2.534400E-0001	 1.937378E+0001	-3.300000E-0005	 4.682195E-0002
 2.537472E-0001	 1.927596E+0001	-3.300000E-0005	 4.685858E-0002
 2.540544E-0001	 1.917811E+0001	-3.300000E-0005	 4.680851E-0002
 2.543616E-0001	 1.908026E+0001	-3.300000E-0005	 4.682408E-0002
 2.546688E-0001	 1.898240E+0001	-3.300000E-0005	 4.678384E-0002
 2.549760E-0001	 1.888455E+0001	-3.300000E-0005	 4.665774E-0002
 2.552832E-0001	 1.878670E+0001	-3.300000E-0005	 4.676584E-0002
 2.555904E-0001	 1.868888E+0001	-3.300000E-0005	 4.674264E-0002
 2.558976E-0001	 1.859103E+0001	-3.300000E-0005	 4.677871E-0002
 2.562048E-0001	 1.849317E+0001	-3.300000E-0005	 4.686228E-0002
 2.565120E-0001	 1.839532E+0001	-3.300000E-0005	 4.679898E-0002
 2.568192E-0001	 1.829747E+0001	-3.300000E-0005	 4.692217E-0002
 2.571264E-0001	 1.819961E+0001	-3.300000E-0005	 4.692480E-0002
 2.574336E-0001	 1.810180E+0001	-3.300000E-0005	 4.675656E-0002
 2.577408E-0001	 1.800394E+0001	-3.300000E-0005	 4.683678E-0002
 2.580480E-0001	 1.790609E+0001	-3.300000E-0005	 4.675462E-0002
 2.583552E-0001	 1.780824E+0001	-3.300000E-0005	 4.668915E-0002
 2.586624E-0001	 1.771038E+0001	-3.300000E-0005	 4.677345E-0002
 2.589696E-0001	 1.761253E+0001	-3.300000E-0005	 4.662948E-0002
 2.592768E-0001	 1.751471E+0001	-3.300000E-0005	 4.671385E-0002
 2.595840E-0001	 1.741686E+0001	-3.300000E-0005	 4.675373E-0002
 2.598912E-0001	 1.731900E+0001	-3.300000E-0005	 4.675648E-0002
 2.601984E-0001	 1.722115E+0001	-3.300000E-0005	 4.679791E-0002
 2.605056E-0001	 1.712330E+0001	-3.300000E-0005	 4.681382E-0002
 2.608128E-0001	 1.702544E+0001	-3.300000E-0005	 4.687611E-0002
 2.611200E-0001	 1.692763E+0001	-3.300000E-0005	 4.675104E-0002
 2.614272E-0001	 1.682977E+0001	-3.300000E-0005	 4.670561E-0002
 2.617344E-0001	 1.673192E+0001	-3.300000E-0005	 4.668885E-0002
 2.620416E-0001	 1.663407E+0001	-3.300000E-0005	 4.676143E-0002
 2.623488E-0001	 1.653621E+0001	-3.300000E-0005	 4.673155E-0002
 2.626560E-0001	 1.643836E+0001	-3.300000E-0005	 4.675124E-0002
 2.629632E-0001	 1.634054E+0001	-3.300000E-0005	 4.668248E-0002
 2.632704E-0001	 1.624269E+0001	-3.300000E-0005	 4.675193E-0002
 2.635776E-0001	 1.614484E+0001	-3.300000E-0005	 4.678313E-0002
 2.638848E-0001	 1.604698E+0001	-3.300000E-0005	 4.673039E-0002
 2.641920E-0001	 1.594913E+0001	-3.300000E-0005	 4.681092E-0002
 2.644992E-0001	 1.585127E+0001	-3.300000E-0005	 4.683952E-0002
 2.648064E-0001	 1.575345E+0001	-3.300000E-0005	 4.676949E-0002
 2.651136E-0001	 1.565560E+0001	-3.300000E-0005	 4.679068E-0002
 2.654208E-0001	 1.555775E+0001	-3.300000E-0005	 4.674634E-0002
 2.657280E-0001	 1.545989E+0001	-3.300000E-0005	 4.667460E-0002
 2.660352E-0001	 1.536204E+0001	-3.300000E-0005	 4.678727E-0002
 2.663424E-0001	 1.526419E+0001	-3.300000E-0005	 4.666824E-0002
 2.666496E-0001	 1.516637E+0001	-3.300000E-0005	 4.676320E-0002
 2.669568E-0001	 1.506852E+0001	-3.300000E-0005	 4.667234E-0002
 2.672640E-0001	 1.497066E+0001	-3.300000E-0005	 4.674704E-0002
 2.675712E-0001	 1.487281E+0001	-3.300000E-0005	 4.666268E-0002
 2.678784E-0001	 1.477496E+0001	-3.300000E-0005	 4.672439E-0002
 2.681856E-0001	 1.467710E+0001	-3.300000E-0005	 4.664762E-0002
 2.684928E-0001	 1.457929E+0001	-3.300000E-0005	 4.671205E-0002
 2.688000E-0001	 1.448143E+0001	-3.300000E-0005	 4.670557E-0002
 2.691072E-0001	 1.438358E+0001	-3.300000E-0005	 4.676987E-0002
 2.694144E-0001	 1.428573E+0001	-3.300000E-0005	 4.677071E-0002
 2.697216E-0001	 1.418787E+0001	-3.300000E-0005	 4.690993E-0002
 2.700288E-0001	 1.409002E+0001	-3.300000E-0005	 4.677199E-0002
 2.703360E-0001	 1.399220E+0001	-3.300000E-0005	 4.684590E-0002
 2.706432E-0001	 1.389435E+0001	-3.300000E-0005	 4.668642E-0002
 2.709504E-0001	 1.379649E+0001	-3.300000E-0005	 4.666048E-0002
 2.712576E-0001	 1.369864E+0001	-3.300000E-0005	 4.663765E-0002
 2.715648E-0001	 1.360079E+0001	-3.300000E-0005	 4.662037E-0002
 2.718720E-0001	 1.350293E+0001	-3.300000E-0005	 4.670200E-0002
 2.721792E-0001	 1.340512E+0001	-3.300000E-0005	 4.674654E-0002
 2.724864E-0001	 1.330726E+0001	-3.300000E-0005	 4.667450E-0002
 2.727936E-0001	 1.320941E+0001	-3.300000E-0005	 4.667835E-0002
 2.731008E-0001	 1.311156E+0001	-3.300000E-0005	 4.659108E-0002
 2.734080E-0001	 1.301370E+0001	-3.300000E-0005	 4.668949E-0002
 2.737152E-0001	 1.291585E+0001	-3.300000E-0005	 4.662646E-0002
 2.740224E-0001	 1.281803E+0001	-3.300000E-0005	 4.675311E-0002
 2.743296E-0001	 1.272018E+0001	-3.300000E-0005	 4.682023E-0002
 2.746368E-0001	 1.262233E+0001	-3.300000E-0005	 4.675730E-0002
 2.749440E-0001	 1.252447E+0001	-3.300000E-0005	 4.673872E-0002
 2.752512E-0001	 1.242662E+0001	-3.300000E-0005	 4.670779E-0002
 2.755584E-0001	 1.232877E+0001	-3.300000E-0005	 4.669338E-0002
 2.758656E-0001	 1.223095E+0001	-3.300000E-0005	 4.671283E-0002
 2.761728E-0001	 1.213309E+0001	-3.300000E-0005	 4.676847E-0002
 2.764800E-0001	 1.203524E+0001	-3.300000E-0005	 4.666041E-0002
 2.767872E-0001	 1.193739E+0001	-3.300000E-0005	 4.670942E-0002
 2.770944E-0001	 1.183953E+0001	-3.300000E-0005	 4.672826E-0002
 2.774016E-0001	 1.174168E+0001	-3.300000E-0005	 4.670806E-0002
 2.777088E-0001	 1.164386E+0001	-3.300000E-0005	 4.680895E-0002
 2.780160E-0001	 1.154601E+0001	-3.300000E-0005	 4.667242E-0002
 2.783232E-0001	 1.144816E+0001	-3.300000E-0005	 4.682723E-0002
 2.786304E-0001	 1.135030E+0001	-3.300000E-0005	 4.669530E-0002
 2.789376E-0001	 1.125245E+0001	-3.300000E-0005	 4.682057E-0002
 2.792448E-0001	 1.115460E+0001	-3.300000E-0005	 4.677999E-0002
 2.795520E-0001	 1.105678E+0001	-3.300000E-0005	 4.674124E-0002
 2.798592E-0001	 1.095893E+0001	-3.300000E-0005	 4.674294E-0002
 2.801664E-0001	 1.086107E+0001	-3.300000E-0005	 4.678341E-0002
 2.804736E-0001	 1.076322E+0001	-3.300000E-0005	 4.662457E-0002
 2.807808E-0001	 1.066537E+0001	-3.300000E-0005	 4.670257E-0002
 2.810880E-0001	 1.056751E+0001	-3.300000E-0005	 4.654271E-0002
 2.813952E-0001	 1.046969E+0001	-3.300000E-0005	 4.669868E-0002
 2.817024E-0001	 1.037184E+0001	-3.300000E-0005	 4.670242E-0002
 2.820096E-0001	 1.027399E+0001	-3.300000E-0005	 4.667968E-0002
 2.823168E-0001	 1.017614E+0001	-3.300000E-0005	 4.661283E-0002
 2.826240E-0001	 1.007828E+0001	-3.300000E-0005	 4.666991E-0002
 2.829312E-0001	 9.980433E+0000	-3.300000E-0005	 4.662666E-0002
 2.832384E-0001	 9.882615E+0000	-3.300000E-0005	 4.668833E-0002
 2.835456E-0001	 9.784762E+0000	-3.300000E-0005	 4.668481E-0002
 2.838528E-0001	 9.686909E+0000	-3.300000E-0005	 4.667177E-0002
 2.841600E-0001	 9.589055E+0000	-3.300000E-0005	 4.662084E-0002
 2.844672E-0001	 9.491202E+0000	-3.300000E-0005	 4.669552E-0002
 2.847744E-0001	 9.393349E+0000	-3.300000E-0005	 4.665015E-0002
 2.850816E-0001	 9.295531E+0000	-3.300000E-0005	 4.663271E-0002
 2.853888E-0001	 9.197678E+0000	-3.300000E-0005	 4.669168E-0002
 2.856960E-0001	 9.099824E+0000	-3.300000E-0005	 4.675275E-0002
 2.860032E-0001	 9.001971E+0000	-3.300000E-0005	 4.672366E-0002
 2.863104E-0001	 8.904118E+0000	-3.300000E-0005	 4.680102E-0002
 2.866176E-0001	 8.806265E+0000	-3.300000E-0005	 4.674012E-0002
 2.869248E-0001	 8.708446E+0000	-3.300000E-0005	 4.662556E-0002
 2.872320E-0001	 8.610593E+0000	-3.300000E-0005	 4.660928E-0002
 2.875392E-0001	 8.512740E+0000	-3.300000E-0005	 4.661545E-0002
 2.878464E-0001	 8.414887E+0000	-3.300000E-0005	 4.667052E-0002
 2.881536E-0001	 8.317034E+0000	-3.300000E-0005	 4.658647E-0002
 2.884608E-0001	 8.219180E+0000	-3.300000E-0005	 4.665103E-0002
 2.887680E-0001	 8.121362E+0000	-3.300000E-0005	 4.663614E-0002
 2.890752E-0001	 8.023509E+0000	-3.300000E-0005	 4.662403E-0002
 2.893824E-0001	 7.925656E+0000	-3.300000E-0005	 4.662349E-0002
 2.896896E-0001	 7.827802E+0000	-3.300000E-0005	 4.657017E-0002
 2.899968E-0001	 7.729949E+0000	-3.300000E-0005	 4.663497E-0002
 2.903040E-0001	 7.632096E+0000	-3.300000E-0005	 4.642180E-0002
 2.906112E-0001	 7.534278E+0000	-3.300000E-0005	 4.653543E-0002
 2.909184E-0001	 7.436425E+0000	-3.300000E-0005	 4.647491E-0002
 2.912256E-0001	 7.338571E+0000	-3.300000E-0005	 4.658283E-0002
 2.915328E-0001	 7.240718E+0000	-3.300000E-0005	 4.647866E-0002
 2.918400E-0001	 7.142865E+0000	-3.300000E-0005	 4.654098E-0002
 2.921472E-0001	 7.045012E+0000	-3.300000E-0005	 4.652981E-0002
 2.924544E-0001	 6.947194E+0000	-3.300000E-0005	 4.664638E-0002
 2.927616E-0001	 6.849340E+0000	-3.300000E-0005	 4.649033E-0002
 2.930688E-0001	 6.751487E+0000	-3.300000E-0005	 4.650454E-0002
 2.933760E-0001	 6.653634E+0000	-3.300000E-0005	 4.648681E-0002
 2.936832E-0001	 6.555781E+0000	-3.300000E-0005	 4.645614E-0002
 2.939904E-0001	 6.457927E+0000	-3.300000E-0005	 4.651520E-0002
 2.942976E-0001	 6.360109E+0000	-3.300000E-0005	 4.641170E-0002
 2.946048E-0001	 6.262256E+0000	-3.300000E-0005	 4.653567E-0002
 2.949120E-0001	 6.164403E+0000	-3.300000E-0005	 4.655742E-0002
 2.952192E-0001	 6.066550E+0000	-3.300000E-0005	 4.644290E-0002
 2.955264E-0001	 5.968696E+0000	-3.300000E-0005	 4.631816E-0002
 2.958336E-0001	 5.870843E+0000	-3.300000E-0005	 4.633429E-0002
 2.961408E-0001	 5.773025E+0000	-3.300000E-0005	 4.627751E-0002
 2.964480E-0001	 5.675172E+0000	-3.300000E-0005	 4.639663E-0002
 2.967552E-0001	 5.577318E+0000	-3.300000E-0005	 4.639496E-0002
 2.970624E-0001	 5.479465E+0000	-3.300000E-0005	 4.638531E-0002
 2.973696E-0001	 5.381612E+0000	-3.300000E-0005	 4.640001E-0002
 2.976768E-0001	 5.283759E+0000	-3.300000E-0005	 4.632218E-0002
 2.979840E-0001	 5.185941E+0000	-3.300000E-0005	 4.636534E-0002
 2.982912E-0001	 5.088087E+0000	-3.300000E-0005	 4.625565E-0002
 2.985984E-0001	 4.990234E+0000	-3.300000E-0005	 4.605800E-0002
 2.989056E-0001	 4.892381E+0000	-3.300000E-0005	 4.553394E-0002
 2.992128E-0001	 4.794528E+0000	-3.300000E-0005	 4.544210E-0002
 2.995200E-0001	 4.696674E+0000	-3.300000E-0005	 4.526832E-0002
 2.998272E-0001	 4.598856E+0000	-3.300000E-0005	 4.487175E-0002
 3.001344E-0001	 4.501003E+0000	-3.300000E-0005	 4.509500E-0002
 3.004416E-0001	 4.403150E+0000	-3.300000E-0005	 4.473878E-0002
 3.007488E-0001	 4.305297E+0000	-3.300000E-0005	 4.473130E-0002
 3.010560E-0001	 4.207443E+0000	-3.300000E-0005	 4.469805E-0002
 3.013632E-0001	 4.109590E+0000	-3.300000E-0005	 4.445810E-0002
 3.016704E-0001	 4.011772E+0000	-3.300000E-0005	 4.421040E-0002
 3.019776E-0001	 3.913919E+0000	-3.300000E-0005	 4.415700E-0002
 3.022848E-0001	 3.816066E+0000	-3.300000E-0005	 4.374714E-0002
 3.025920E-0001	 3.718212E+0000	-3.300000E-0005	 4.357789E-0002
 3.028992E-0001	 3.620359E+0000	-3.300000E-0005	 4.369859E-0002
 3.032064E-0001	 3.522506E+0000	-3.300000E-0005	 4.346979E-0002
 3.035136E-0001	 3.424688E+0000	-3.300000E-0005	 4.347125E-0002
 3.038208E-0001	 3.326834E+0000	-3.300000E-0005	 4.318177E-0002
 3.041280E-0001	 3.228981E+0000	-3.300000E-0005	 4.312476E-0002
 3.044352E-0001	 3.131128E+0000	-3.300000E-0005	 4.282896E-0002
 3.047424E-0001	 3.033275E+0000	-3.300000E-0005	 4.269116E-0002
 3.050496E-0001	 2.935422E+0000	-3.300000E-0005	 4.238861E-0002
 3.053568E-0001	 2.837603E+0000	-3.300000E-0005	 4.228225E-0002
 3.056640E-0001	 2.739750E+0000	-3.300000E-0005	 4.189801E-0002
 3.059712E-0001	 2.641897E+0000	-3.300000E-0005	 4.172595E-0002
 3.062784E-0001	 2.544044E+0000	-3.300000E-0005	 4.169389E-0002
 3.065856E-0001	 2.446190E+0000	-3.300000E-0005	 4.161817E-0002
 3.068928E-0001	 2.348337E+0000	-3.300000E-0005	 4.131542E-0002
 3.072000E-0001	 2.250519E+0000	-3.300000E-0005	 4.114932E-0002
 3.075072E-0001	 2.152666E+0000	-3.300000E-0005	 4.111301E-0002
 3.078144E-0001	 2.054813E+0000	-3.300000E-0005	 4.074717E-0002
 3.081216E-0001	 1.956959E+0000	-3.300000E-0005	 4.080106E-0002
 3.084288E-0001	 1.859106E+0000	-3.300000E-0005	 4.074755E-0002
 3.087360E-0001	 1.761253E+0000	-3.300000E-0005	 4.036457E-0002
 3.090432E-0001	 1.663435E+0000	-3.300000E-0005	 4.023319E-0002
 3.093504E-0001	 1.565582E+0000	-3.300000E-0005	 4.000154E-0002
 3.096576E-0001	 1.467728E+0000	-3.300000E-0005	 3.987481E-0002
 3.099648E-0001	 1.369875E+0000	-3.300000E-0005	 3.976943E-0002
 3.102720E-0001	 1.272022E+0000	-3.300000E-0005	 3.944652E-0002
 3.105792E-0001	 1.174169E+0000	-3.300000E-0005	 3.934033E-0002
 3.108864E-0001	 1.076350E+0000	-3.300000E-0005	 3.928609E-0002
 3.111936E-0001	 9.784973E-0001	-3.300000E-0005	 3.880785E-0002
 3.115008E-0001	 8.806440E-0001	-3.300000E-0005	 3.877005E-0002
 3.118080E-0001	 7.827908E-0001	-3.300000E-0005	 3.877953E-0002
 3.121152E-0001	 6.849375E-0001	-3.300000E-0005	 3.845954E-0002
 3.124224E-0001	 5.870843E-0001	-3.300000E-0005	 3.802111E-0002
 3.127296E-0001	 4.892662E-0001	-3.300000E-0005	 3.815438E-0002
 3.130368E-0001	 3.914130E-0001	-3.300000E-0005	 3.774012E-0002
 3.133440E-0001	 2.935597E-0001	-3.300000E-0005	 3.762436E-0002
 3.136512E-0001	 1.957065E-0001	-3.300000E-0005	 3.742442E-0002
 3.139584E-0001	 9.785324E-0002	-3.300000E-0005	 3.752632E-0002
 3.142656E-0001	 0.000000E+0000	-3.300000E-0005	 3.737848E-0002
