250073.24	81.910	0.00126639250190926
250146.48	88.882	0.0014240697502961
250219.73	104.228	0.00179414499078869
250292.97	112.622	0.00203902474463657
250366.21	128.666	0.00245447778853584
250439.45	138.393	0.00260353036865045
250512.70	152.444	0.00253064726368137
250585.94	160.751	0.00259549255219545
250659.18	171.568	0.00227646066685218
250732.42	174.173	0.00216277266346546
250805.66	177.474	0.00212631241386041
250878.91	176.738	0.00222730301897853
250952.15	-179.682	0.00239470968688542
251025.39	-174.265	0.00255413214395449
251098.63	-170.483	0.00282121175632469
251171.88	-163.833	0.00286701364933189
251245.12	-153.011	0.00296149895342194
251318.36	-146.441	0.00296023230456414
251391.60	-135.765	0.00315243891957876
251464.84	-129.032	0.00282256508200706
251538.09	-126.574	0.0027792050545539
251611.33	-121.505	0.00278384972190142
251684.57	-113.184	0.0027379533706091
251757.81	-110.353	0.00284931644650187
251831.05	-96.838	0.0029299874965813
251904.30	-85.245	0.00302339831065905
251977.54	-72.984	0.00268476924919907
252050.78	-57.993	0.00229998510288314
252124.02	-45.850	0.00169505414280559
252197.27	-44.969	0.00106080112627659
252270.51	-60.160	0.000739067777208948
252343.75	-87.095	0.000805391975532762
252416.99	-87.479	0.0010042260172759
252490.23	-84.376	0.00114764330688337
252563.48	-74.343	0.00126549568857973
252636.72	-67.809	0.00122701895993126
252709.96	-50.343	0.00132007723061531
252783.20	-40.849	0.00123325212599142
252856.45	-24.164	0.000882246435359248
252929.69	-19.786	0.00090749705872441
253002.93	22.053	0.000769521171565125
253076.17	46.910	0.000622538676111132
253149.41	92.301	0.00086823245719425
253222.66	116.983	0.000814109589028343
253295.90	140.677	0.00129450086666504
253369.14	149.866	0.00154590732055753
253442.38	159.753	0.00169383699268301
253515.63	169.405	0.00227621922542314
253588.87	-176.058	0.00289270111524681
253662.11	-161.297	0.00339119379935928
253735.35	-143.295	0.0038023659591922
253808.59	-126.148	0.00394350652313085
253881.84	-113.971	0.00368852189429091
253955.08	-106.319	0.00346305018383781
254028.32	-100.951	0.00333220665373671
254101.56	-96.531	0.00335492614090308
254174.80	-91.279	0.00343422397934538
254248.05	-84.070	0.00337845533227105
254321.29	-78.849	0.00328389372663717
254394.53	-74.691	0.00329408722381895
254467.77	-71.690	0.00322102773907718
254541.02	-67.950	0.00302814370469049
254614.26	-61.427	0.00318224061661304
254687.50	-59.281	0.00301692089319799
254760.74	-57.326	0.00297104702168061
254833.98	-60.671	0.00310893126052664
254907.23	-59.754	0.00326252821360822
254980.47	-59.034	0.00358919695403597
255053.71	-58.266	0.00387187623331192
255126.95	-49.102	0.00434682805386558
255200.20	-42.903	0.00469654158974144
255273.44	-33.687	0.00493627779815923
255346.68	-24.651	0.00512257979767067
255419.92	-15.176	0.00519752996117681
255493.16	-6.019	0.00507071852455582
255566.41	2.109	0.00484754472263639
255639.65	9.122	0.00455334996249021
255712.89	14.506	0.00423401546479184
255786.13	17.142	0.0040436714288229
255859.38	23.440	0.00401127980233227
255932.62	27.878	0.00406282138710911
256005.86	37.784	0.00410223945633365
256079.10	46.616	0.00371846236070518
256152.34	59.719	0.00354589118065504
256225.59	70.903	0.00302855093445979
256298.83	80.363	0.0024459274764423
256372.07	84.205	0.00174692946577978
256445.31	95.610	0.00140707698579843
256518.55	112.229	0.000757079913039954
256591.80	82.546	0.00023616322111071
256665.04	-48.438	0.000503128056937652
256738.28	-44.336	0.00129119612359559
256811.52	-33.972	0.00177010741066414
256884.77	-19.532	0.0024276295880874
256958.01	-7.067	0.00273745276331308
257031.25	5.210	0.00305799900734197
257104.49	15.653	0.003118489055611
257177.73	25.360	0.00305784726886105
257250.98	32.867	0.00291944513058443
257324.22	38.962	0.00263509175652968
257397.46	44.565	0.00240723762223516
257470.70	45.822	0.00204107105261214
257543.95	45.686	0.00178576889695101
257617.19	31.395	0.00154635367378131
257690.43	17.769	0.00141927809980466
257763.67	4.505	0.00179137954616637
257836.91	-1.644	0.00221309169432767
257910.16	-2.105	0.00270611098554298
257983.40	-0.602	0.00323264848581665
258056.64	1.842	0.00385595169042779
258129.88	3.626	0.00459760550636281
258203.13	8.642	0.00529191951007164
258276.37	15.104	0.00581481053146627
258349.61	19.580	0.00658228172047723
258422.85	25.471	0.00706088434294357
258496.09	28.936	0.00782508969618788
258569.34	33.598	0.00861519239863055
258642.58	38.878	0.00957174421702787
258715.82	45.766	0.0104469549151309
258789.06	52.109	0.0110845412067514
258862.30	59.200	0.011723134116756
258935.55	64.879	0.012158995121732
259008.79	69.739	0.0124638455113565
259082.03	72.802	0.0128400741579385
259155.27	74.848	0.0133485744487861
259228.52	75.916	0.0145236292474017
259301.76	77.980	0.0164116240563348
259375.00	82.300	0.0192137909040908
259448.24	89.148	0.0222870960443541
259521.48	97.938	0.0252647884333528
259594.73	107.542	0.0280394173406425
259667.97	117.197	0.0303553797274202
259741.21	126.937	0.0324653450218577
259814.45	136.316	0.0343321405384054
259887.70	146.136	0.0361613202584549
259960.94	155.940	0.0378696880479751
260034.18	166.072	0.0392003850268895
260107.42	176.276	0.0401051155602332
260180.66	-173.819	0.0405840303057287
260253.91	-163.683	0.0408768073269912
260327.15	-153.880	0.0409151800866805
260400.39	-141.973	0.0402477263879143
260473.63	-133.186	0.03963394531336
260546.88	-123.510	0.038546982268226
260620.12	-114.346	0.0370534491487252
260693.36	-105.437	0.035507193391656
260766.60	-97.077	0.034022417873712
260839.84	-88.329	0.032550257184094
260913.09	-79.453	0.0308960639229918
260986.33	-65.169	0.027919751662484
261059.57	-62.099	0.027306476382866
261132.81	-53.312	0.0255924733028387
261206.05	-44.557	0.0235213305797412
261279.30	-35.930	0.0212021842786843
261352.54	-28.161	0.0189873906060109
261425.78	-20.411	0.0167397485783423
261499.02	-14.007	0.0143339637115633
261572.27	-10.645	0.012142715441634
261645.51	-10.597	0.0109311163104089
261718.75	-9.209	0.0104781523035773
261791.99	-4.049	0.0105015941696656
261865.23	5.121	0.0102587538069395
261938.48	18.294	0.00979536696599127
262011.72	33.916	0.0090506710312807
262084.96	54.112	0.00783068197251025
262158.20	80.844	0.00653982110017378
262231.45	115.256	0.00545957669777822
262304.69	154.819	0.00508471845286148
262377.93	-169.865	0.00579635528468672
262451.17	-141.526	0.00733866432819035
262524.41	-118.462	0.00909868610136214
262597.66	-97.708	0.0111368728259267
262670.90	-77.687	0.0128144016064897
262744.14	-58.349	0.0138676931910226
262817.38	-39.066	0.0142199112764403
262890.63	-19.513	0.0135817817956424
262963.87	0.108	0.0124223165048034
263037.11	24.167	0.0103788587053162
263110.35	56.740	0.00723706482378341
263183.59	123.368	0.00416949570071119
263256.84	-140.242	0.00707795492204683
263330.08	-96.483	0.0141840780828654
263403.32	-65.160	0.0217338659728432
263476.56	-34.963	0.0294292104056273
263549.80	-5.376	0.0369536767744881
263623.05	26.003	0.044149341418121
263696.29	59.146	0.0504293354433181
263769.53	93.656	0.055306494675632
263842.77	131.018	0.058338806217059
263916.02	169.696	0.0588946428617058
263989.26	-152.244	0.0565787978452915
264062.50	-118.027	0.0514018587095146
264135.74	-87.104	0.0444930396688324
264208.98	-62.316	0.0379498202319108
264282.23	-41.712	0.0326027169812169
264355.47	-24.416	0.0279635515586104
264428.71	-10.269	0.0240183326818531
264501.95	1.023	0.0206733754565339
264575.20	9.930	0.0175365962940286
264648.44	13.338	0.0149942042125421
264721.68	13.474	0.0138150567979753
264794.92	13.315	0.0138549220850304
264868.16	15.897	0.0141218168877123
264941.41	18.974	0.0149693054841156
265014.65	24.048	0.0163494767731181
265087.89	32.542	0.0176947974940931
265161.13	43.320	0.0183663879037536
265234.38	54.652	0.0180891020412524
265307.62	65.893	0.0169797136913915
265380.86	75.458	0.0150219740837636
265454.10	81.709	0.0125342971260523
265527.34	81.468	0.0101659030418704
265600.59	72.712	0.00902767789608463
265673.83	63.233	0.00971569129440846
265747.07	61.592	0.0115103494292907
265820.31	65.787	0.0133532815839697
265893.55	71.877	0.0150825527542223
265966.80	79.366	0.0164401018243155
266040.04	87.889	0.0177968210881006
266113.28	97.560	0.019134852525896
266186.52	107.695	0.0198864050081183
266259.77	119.497	0.0202086032994544
266333.01	131.782	0.0199131820946633
266406.25	143.869	0.0187948766233041
266479.49	155.358	0.0170184523958788
266552.73	164.851	0.0152714918042568
266625.98	174.191	0.0136813315336469
266699.22	-174.746	0.0119809025631112
266772.46	-162.087	0.00962056077754698
266845.70	-151.592	0.00681232482285759
266918.95	-150.369	0.003677520422121
266992.19	156.476	0.00205012932115889
267065.43	127.499	0.00423212305681401
267138.67	134.914	0.00640420364401919
267211.91	147.667	0.00766783740200829
267285.16	160.485	0.00792074416472706
267358.40	170.048	0.00721628789178514
267431.64	174.187	0.00613286497890254
267504.88	166.590	0.00514457279903311
267578.13	148.464	0.00566924274877241
267651.37	143.365	0.008199957884082
267724.61	151.889	0.011419496121917
267797.85	165.699	0.0142573930588956
267871.09	-178.345	0.0164458784780228
267944.34	-160.726	0.0177356704802907
268017.58	-143.968	0.0180289561064614
268090.82	-128.243	0.0176964927717368
268164.06	-113.649	0.016954857112543
268237.30	-98.958	0.0160712770213045
268310.55	-84.293	0.0152447371974868
268383.79	-69.168	0.0142594460675733
268457.03	-52.952	0.0131228520023816
268530.27	-35.211	0.0119183130335528
268603.52	-16.385	0.0104902183227821
268676.76	3.554	0.00897025266251779
268750.00	23.926	0.00744339824814114
268823.24	44.581	0.00600496003092121
268896.48	66.728	0.00479323509941705
268969.73	89.204	0.00375708996322784
269042.97	111.608	0.00292436798514697
269116.21	132.399	0.0022273265795119
269189.45	150.326	0.00173507138449323
269262.70	163.829	0.00127527417453165
269335.94	171.707	0.000996418834665828
269409.18	170.112	0.000747664778065851
269482.42	167.223	0.000557169435919362
269555.66	149.055	0.000421573811084675
269628.91	116.036	0.00052423872713327
269702.15	107.367	0.000869931841719857
269775.39	111.285	0.00127253812653812
269848.63	120.261	0.00165608869520362
269921.88	129.440	0.00187824420654811
269995.12	135.490	0.0021694545604179
270068.36	139.747	0.00240803392503245
270141.60	146.639	0.0026881993602442
270214.84	154.184	0.00289264621271953
270288.09	158.528	0.00304123320211064
270361.33	162.895	0.00324808603896074
270434.57	166.352	0.00346476621204295
270507.81	168.740	0.00374241412861189
270581.05	172.488	0.00418339490233293
270654.30	177.910	0.0047120403138116
270727.54	-175.461	0.00532681784762097
270800.78	-166.973	0.00588361312497841
270874.02	-156.823	0.00637302441231412
270947.27	-146.488	0.00673393049844697
271020.51	-135.558	0.00698737396579269
271093.75	-124.317	0.00696677579123562
271166.99	-113.248	0.00666907267313533
271240.23	-103.075	0.00621223803813024
271313.48	-94.185	0.00566678423953884
271386.72	-86.521	0.00505061166277243
271459.96	-79.977	0.00442123070516065
271533.20	-75.390	0.00367662339263979
271606.45	-75.920	0.00297818045949721
271679.69	-85.083	0.00247919732721779
271752.93	-100.388	0.00250205147688219
271826.17	-108.331	0.00304662921270555
271899.41	-107.420	0.00372299419687459
271972.66	-101.362	0.00448393846968926
272045.90	-91.745	0.00512375523051858
272119.14	-80.988	0.0054714793063113
272192.38	-69.283	0.00551621168079487
272265.63	-56.864	0.00526984307415987
272338.87	-46.444	0.00467594038906081
272412.11	-39.450	0.00398969424689081
272485.35	-39.197	0.00331632944807098
272558.59	-43.018	0.00302346855995577
272631.84	-46.270	0.00339872149784424
272705.08	-43.392	0.00333729270281933
272778.32	-40.036	0.00334007630418294
272851.56	-34.297	0.00331551909541434
272924.80	-27.967	0.00313625434622091
272998.05	-24.212	0.00292361491268612
273071.29	-21.803	0.00273120100820825
273144.53	-21.082	0.00254424169143119
273217.77	-19.553	0.0025247534557623
273291.02	-15.751	0.00240374828562909
273364.26	-11.604	0.00224366029753047
273437.50	-7.285	0.00194114802065249
273510.74	-6.585	0.00148421417202526
273583.98	-21.355	0.00107678208474978
273657.23	-50.855	0.00120230828346828
273730.47	-64.619	0.00183540359158732
273803.71	-62.710	0.00261207851922717
273876.95	-55.506	0.00344275764775939
273950.20	-45.478	0.00422134314011838
274023.44	-33.620	0.00499813651888008
274096.68	-19.544	0.0055455825875265
274169.92	-5.743	0.00583205705803886
274243.16	7.099	0.00587939470874822
274316.41	18.467	0.00583922248630443
274389.65	29.357	0.00580484464200588
274462.89	41.747	0.00579231886817296
274536.13	55.790	0.00572874325464024
274609.38	71.124	0.00541855780919516
274682.62	85.861	0.0049222471763147
274755.86	100.439	0.00431639865234613
274829.10	115.133	0.00367925979470782
274902.34	129.046	0.00310282194938039
274975.59	144.155	0.00257688945766525
275048.83	159.566	0.00210008824331853
275122.07	177.307	0.001666906870747
275195.31	-160.975	0.00130137146403606
275268.55	-134.199	0.00101011117912768
275341.80	-107.227	0.000779256859483959
275415.04	-74.488	0.000634022382684072
275488.28	-36.450	0.000453121581407928
275561.52	-14.202	0.000246373794275379
275634.77	-127.458	0.00014953308530418
275708.01	-114.992	0.000554495855761993
275781.25	-97.567	0.00100894590540884
275854.49	-73.901	0.00152415748983759
275927.73	-55.721	0.00185346976533888
276000.98	-36.056	0.00201822792668353
276074.22	-21.754	0.00210050628067194
276147.46	-11.178	0.00227547069214762
276220.70	-1.853	0.00232191001646568
276293.95	5.918	0.00231263732545016
276367.19	12.165	0.00257178265802114
276440.43	21.710	0.00276989950848268
276513.67	31.425	0.00312048608100303
276586.91	45.162	0.00330153062314785
276660.16	61.450	0.00336211123897173
276733.40	76.470	0.00325869714119256
276806.64	87.974	0.00301178750689696
276879.88	99.128	0.00280574329349004
276953.13	109.930	0.00265130399730285
277026.37	121.620	0.00247514297011441
277099.61	131.122	0.0023043582837178
277172.85	142.340	0.00212094017995053
277246.09	154.591	0.00186175464316666
277319.34	163.019	0.00174211490321003
277392.58	169.779	0.00161523905338774
277465.82	-177.308	0.00157386718910763
277539.06	-168.166	0.00154733284090177
277612.30	-160.824	0.0015408007370651
277685.55	-152.452	0.0015094736576094
277758.79	-138.597	0.00161911832762853
277832.03	-126.657	0.00174960391054387
277905.27	-113.698	0.00191762898841359
277978.52	-99.409	0.00211418241375763
278051.76	-82.988	0.00228688242021038
278125.00	-68.531	0.00230726184926505
278198.24	-51.925	0.00229745331822931
278271.48	-40.720	0.00231222296267535
278344.73	-32.231	0.00227025538435904
278417.97	-24.065	0.00228168807913497
278491.21	-14.480	0.00251256163627841
278564.45	-3.767	0.00265548220932014
278637.70	9.452	0.00279639538168911
278710.94	21.132	0.00286893653469691
278784.18	34.551	0.00294012306511224
278857.42	48.185	0.00290839567274107
278930.66	62.469	0.00277803113476776
279003.91	75.132	0.00255959278390239
279077.15	87.385	0.0023318854166001
279150.39	102.968	0.00214730960442286
279223.63	108.560	0.00187745654981811
279296.88	119.480	0.00182534951224058
279370.12	136.113	0.0017946566218205
279443.36	153.671	0.00156611598978325
279516.60	-178.197	0.00125135677474241
279589.84	-149.749	0.000941175003875933
279663.09	-116.222	0.000527679429610835
279736.33	-102.159	0.000204184444333112
279809.57	-154.737	0.000237689468138859
279882.81	-119.674	0.00048641175044155
279956.05	-89.265	0.000693815774081316
280029.30	-62.041	0.000953618207766244
280102.54	-38.362	0.00116724372527533
280175.78	-16.514	0.00132268380375119
280249.02	-1.769	0.00142230184568722
280322.27	7.264	0.00149345098186154
280395.51	18.858	0.00172232297442763
280468.75	31.297	0.00175859020058045
280541.99	44.483	0.00200395824107847
280615.23	55.426	0.00196892826715466
280688.48	74.031	0.00191368984015682
280761.72	84.651	0.00171697494950616
280834.96	89.249	0.00161008448422186
280908.20	98.441	0.00131846971055465
280981.45	102.401	0.00119661938734396
281054.69	93.644	0.00109673807265898
281127.93	96.406	0.000971397764387183
281201.17	90.090	0.00100368671882877
281274.41	87.125	0.0012017015456963
281347.66	93.140	0.00125884513362121
281420.90	100.725	0.00140804664224487
281494.14	108.093	0.00148966919202943
281567.38	120.361	0.00157738765155593
281640.63	131.471	0.00158440782589105
281713.87	145.956	0.00141949533224529
281787.11	157.995	0.00124938698446235
281860.35	166.019	0.00109687165439859
281933.59	174.205	0.00087527856973123
282006.84	-171.693	0.000698751381593109
282080.08	-160.790	0.000616104921289878
282153.32	-141.405	0.000504347800880415
282226.56	-129.730	0.000320618870994115
282299.80	-8.130	0.000249719822316132
282373.05	28.477	0.000428083218994705
282446.29	41.168	0.000694268395703883
282519.53	69.097	0.000820354211127656
282592.77	84.562	0.000892671214840996
282666.02	98.408	0.000673928522407059
282739.26	98.216	0.000772738157051593
282812.50	96.731	0.000870377546488593
282885.74	91.210	0.000854339956274659
282958.98	98.189	0.00106736651747231
283032.23	105.238	0.00119912696300938
283105.47	113.754	0.00129050487051586
283178.71	122.406	0.00139226346256091
283251.95	130.661	0.00153930107669387
283325.20	140.277	0.00149886947223141
283398.44	153.130	0.00149375467497505
283471.68	161.612	0.00136629824173433
283544.92	168.205	0.00127233580856356
283618.16	174.207	0.00126309337878355
283691.41	-179.179	0.00116114046637618
283764.65	-168.183	0.000883074080150465
283837.89	-166.295	0.000895454600052933
283911.13	-175.112	0.000843046463182071
283984.38	-179.109	0.000755982510949327
284057.62	-166.622	0.00082770358447479
284130.86	-165.501	0.000789743890650187
284204.10	-164.638	0.000988558478741927
284277.34	-148.555	0.00102964588740824
284350.59	-133.817	0.0009187868772384
284423.83	-122.185	0.000934881531496439
284497.07	-101.711	0.000913768483632317
284570.31	-82.997	0.00072644668048417
284643.55	-59.076	0.000433551208099804
284716.80	-43.118	0.000340470025337442
284790.04	-67.983	0.000222079858255719
284863.28	-69.007	0.000233343306264479
284936.52	-12.393	0.000299254871026936
285009.77	26.193	0.000572087792722765
285083.01	36.311	0.000484059371683959
285156.25	67.904	0.00061460418016023
285229.49	84.307	0.000593186574575861
285302.73	104.698	0.000731927422538519
285375.98	120.264	0.000710948172565691
285449.22	125.848	0.000666012183197464
285522.46	125.886	0.000645400174932725
285595.70	115.121	0.000601691494816139
285668.95	124.662	0.000688827857862427
285742.19	129.813	0.000897906624736027
285815.43	136.325	0.000995391249568558
285888.67	146.464	0.00112308782732823
285961.91	156.790	0.00112902681094888
286035.16	161.717	0.00107648379542832
286108.40	169.482	0.00118817390881629
286181.64	174.167	0.00109590351101393
286254.88	-177.742	0.00105918128557003
286328.13	-173.973	0.00115101484082263
286401.37	-171.901	0.00119305331689071
286474.61	-165.550	0.00125913477687539
286547.85	-154.337	0.00131924612739718
286621.09	-142.661	0.00136753030632298
286694.34	-129.190	0.00136306223489983
286767.58	-114.047	0.00120545156123112
286840.82	-103.648	0.00100558085602005
286914.06	-95.741	0.00084660929136009
286987.30	-91.089	0.000657286355937958
287060.55	-94.727	0.000497724481033855
287133.79	-90.731	0.000481588109501147
287207.03	-95.347	0.00037006140678493
287280.27	-115.238	0.000256087218570945
287353.52	-127.117	0.000364868362619614
287426.76	-132.008	0.000392312060952572
287500.00	-133.363	0.000521716669305137
287573.24	-124.474	0.000611921305480526
287646.48	-113.011	0.000731046820585158
287719.73	-107.654	0.000712621402737749
287792.97	-87.428	0.000655761621971584
287866.21	-75.687	0.00058356998623393
287939.45	-71.240	0.000566925658248007
288012.70	-68.577	0.000491124937872339
288085.94	-55.805	0.000285223168423996
288159.18	-59.667	0.000339183058221509
288232.42	-74.060	0.000212721355022358
288305.66	-82.529	0.000142458224593464
288378.91	-64.898	0.000143407995085135
288452.15	-109.441	0.000182135027381616
288525.39	-129.080	0.000202071777791101
288598.63	-109.368	0.000177608162700899
288671.88	-109.534	0.000317855155585261
288745.12	-115.527	0.000260632888448014
288818.36	-109.811	0.000368485228718187
288891.60	-106.898	0.00048258283954272
288964.84	-100.464	0.000566155725955942
289038.09	-90.291	0.000563602326133887
289111.33	-74.001	0.000580850149616566
289184.57	-55.654	0.000560429435590592
289257.81	-32.736	0.000536457133274074
289331.05	-15.559	0.000497353780898849
289404.30	-4.191	0.000398917440209508
289477.54	22.896	0.000353344884137145
289550.78	42.587	0.000268347341986416
289624.02	73.013	0.000269528610929744
289697.27	85.144	0.000194343706696719
289770.51	140.802	0.000220944845772387
289843.75	-177.409	0.000276380186952728
289916.99	-159.886	0.000249251853924128
289990.23	-156.056	0.000312849298776747
290063.48	-121.219	0.000334079068549268
290136.72	-111.979	0.000389358132063364
290209.96	-89.340	0.000464672511154039
290283.20	-76.978	0.000362846479784136
290356.45	-73.702	0.000536002566286367
290429.69	-46.192	0.000607263452880385
290502.93	-39.420	0.000501694538981175
290576.17	-21.956	0.000532611794847395
290649.41	-13.999	0.000470895085781764
290722.66	-2.747	0.000317670345896964
290795.90	3.656	0.000364987678348199
290869.14	32.574	0.000281300879998447
290942.38	15.096	0.000283301579969068
291015.63	35.990	0.000296427390871827
291088.87	44.617	0.000304754418277639
291162.11	50.528	0.00029564254411369
291235.35	70.698	0.000309592325229069
291308.59	94.499	0.000297154092827448
291381.84	118.963	0.000272354145719713
291455.08	155.830	0.000342390965337324
291528.32	-171.576	0.000315912168113793
291601.56	-139.436	0.000274551976024518
291674.80	-114.974	0.000330284958071275
291748.05	-91.931	0.000257758935681228
291821.29	-44.874	0.00027538891533807
291894.53	-9.341	0.000239897673724411
291967.77	-12.090	0.000210261981182068
292041.02	25.967	0.000188386350183076
292114.26	71.983	0.000161441746084363
292187.50	89.392	0.000190013540046822
292260.74	113.095	0.000127250008384205
292333.98	131.190	0.00016865991536039
292407.23	-173.764	9.44446675738002E-5
292480.47	-172.852	0.000156989021430648
292553.71	-145.006	8.66126275202706E-5
292626.95	-136.854	0.000205048834910306
292700.20	-136.779	0.000150373915348012
292773.44	-92.702	0.000138475846000258
292846.68	-83.866	0.000125467189309261
292919.92	-17.843	8.43257427223917E-5
292993.16	154.566	8.37220310739536E-5
293066.41	53.148	8.67907365064192E-5
293139.65	115.466	7.90745537545591E-5
293212.89	-122.742	0.000162581513904705
293286.13	-144.359	0.000137396168347573
293359.38	-127.134	0.000146543275235724
293432.62	-122.079	0.000107736482968504
293505.86	-89.686	8.68343991462275E-5
293579.10	-91.559	7.90166251037243E-5
293652.34	95.727	6.16925000772218E-5
293725.59	130.520	0.0001091308774705
293798.83	167.378	9.81488589519903E-5
293872.07	173.651	0.000151207828538014
293945.31	170.603	0.000228088442718048
294018.55	-174.382	0.000314447092011711
294091.80	-157.048	0.000286797184973916
294165.04	-128.311	0.000370398387257509
294238.28	-129.766	0.000392191664465576
294311.52	-122.550	0.000344914536227233
294384.77	-113.925	0.000293775209730998
294458.01	-108.210	0.000331438775750961
294531.25	-93.998	0.000438299628254795
294604.49	-76.682	0.000261145167934873
294677.73	-88.435	0.000403512176518441
294750.98	-57.975	0.000333790506053505
294824.22	-62.730	0.000415688216929529
294897.46	-41.655	0.000406169545299643
294970.70	-34.273	0.000327423542102057
295043.95	-31.375	0.000340844616202728
295117.19	-20.203	0.000263594598797781
295190.43	-10.069	0.000318922080288695
295263.67	-31.533	0.000298295373709565
295336.91	-30.948	0.000270026408253895
295410.16	-37.113	0.000343883060399683
295483.40	-23.789	0.000361360220817197
295556.64	-21.819	0.000482981423244732
295629.88	-3.305	0.000478023768261353
295703.13	4.376	0.000542858465342995
295776.37	14.592	0.000579304448937017
295849.61	26.725	0.000565268639452114
295922.85	29.447	0.000643020777214857
295996.09	50.979	0.000604732100529916
296069.34	55.933	0.000744424664349386
296142.58	62.955	0.000616440821004047
296215.82	78.467	0.000749009457680936
296289.06	85.456	0.00079572372693878
296362.30	97.037	0.000778294984498084
296435.55	117.292	0.000755962624994563
296508.79	130.976	0.000761336588117896
296582.03	141.496	0.000706786388076243
296655.27	147.171	0.000553598393977419
296728.52	151.570	0.000428867633449479
296801.76	153.544	0.000349457612284116
296875.00	163.978	0.000254477320841776
296948.24	152.657	0.000237368699042446
297021.48	166.598	0.000350392468309714
297094.73	147.840	0.0003184296867566
297167.97	153.345	0.000337388134652361
297241.21	157.661	0.000334001037791987
297314.45	168.014	0.000307055352934862
297387.70	167.537	0.000343597091724107
297460.94	165.556	0.000262793108360112
297534.18	166.858	0.000383033101538267
297607.42	-173.289	0.00035450734788412
297680.66	154.029	0.000297964877787452
297753.91	-178.948	0.000297438548441249
297827.15	155.572	0.000385929101776639
297900.39	178.753	0.000502756276044235
297973.63	-177.670	0.000468255657590186
298046.88	-173.366	0.00054409204299342
298120.12	-167.447	0.000709108505598323
298193.36	-165.722	0.000713126333067413
298266.60	-151.233	0.0007056855275587
298339.84	-149.037	0.000741684293322211
298413.09	-140.033	0.00070926110868597
298486.33	-139.540	0.000727236714882681
298559.57	-133.505	0.00066278201245838
298632.81	-128.766	0.000671717074546275
298706.05	-122.824	0.000687889975713278
298779.30	-121.348	0.000708621515858283
298852.54	-118.198	0.000760339480407819
298925.78	-115.412	0.000779614590518032
298999.02	-105.061	0.000814724108260893
299072.27	-102.273	0.000802660899027923
299145.51	-91.182	0.000845287307671637
299218.75	-85.816	0.00083182559705471
299291.99	-90.195	0.000778044897001756
299365.23	-75.431	0.000833683420763383
299438.48	-74.364	0.000801391656349932
299511.72	-73.428	0.000907704780491022
299584.96	-61.150	0.000944753394975072
299658.20	-56.592	0.000893877341227779
299731.45	-46.397	0.00094472399834629
299804.69	-45.608	0.000809865018444606
299877.93	-33.887	0.000721644654711989
299951.17	-29.718	0.000710257567941
300024.41	-24.698	0.000731551318611458
300097.66	-23.205	0.00069547970973104
300170.90	-17.926	0.000622052983281186
300244.14	-23.692	0.000568970020858436
300317.38	-17.636	0.000538397094621991
300390.63	-16.577	0.000701405075795714
300463.87	-20.585	0.000674928440089005
300537.11	-11.289	0.000734191611409765
300610.35	-10.390	0.000765679075413679
300683.59	2.050	0.000781637121808557
300756.84	10.739	0.000829081767600619
300830.08	20.401	0.000851270170083782
300903.32	28.590	0.000822373067839583
300976.56	35.687	0.000845736038563925
301049.80	44.596	0.000842468257432135
301123.05	53.259	0.000832284919379425
301196.29	65.720	0.00082710462816336
301269.53	76.849	0.000779704725769517
301342.77	86.789	0.000742385921682694
301416.02	99.641	0.000646656448509783
301489.26	110.218	0.000593236505614454
301562.50	122.924	0.00048536860242316
301635.74	128.865	0.000497360913904363
301708.98	134.473	0.000407171408346729
301782.23	149.176	0.000360387970550575
301855.47	151.922	0.000346032905031035
301928.71	149.969	0.000356695883666589
302001.95	156.371	0.000354962779478556
302075.20	157.110	0.00029287731564306
302148.44	154.481	0.000359751619998122
302221.68	179.712	0.000401116135121041
302294.92	-174.925	0.000417021872808821
302368.16	-163.876	0.000384272947587476
302441.41	-153.791	0.000452582931415838
302514.65	-140.060	0.000458886130621031
302587.89	-125.717	0.000498759199136638
302661.13	-114.331	0.00050429376295986
302734.38	-97.932	0.000525123003665229
302807.62	-85.988	0.000502360718465774
302880.86	-72.035	0.000525078908722056
302954.10	-60.984	0.000509665564566371
303027.34	-42.853	0.000504566114079457
303100.59	-20.898	0.000503593215357788
303173.83	5.861	0.000468129857311134
303247.07	33.867	0.000448674260546269
303320.31	51.538	0.000429309663639617
303393.55	80.704	0.000319572480700492
303466.80	120.409	0.00029229197688761
303540.04	157.969	0.000348317628312092
303613.28	170.001	0.000429563858017907
303686.52	-159.520	0.000487595613205065
303759.77	-142.371	0.000509716792515057
303833.01	-118.224	0.000484209597103101
303906.25	-103.755	0.000497206149299894
303979.49	-94.968	0.000515564992429179
304052.73	-84.147	0.000598452894161449
304125.98	-77.995	0.000631032356463934
304199.22	-68.734	0.000746847940858745
304272.46	-59.352	0.000778829527608212
304345.70	-45.334	0.000817589631112072
304418.95	-30.291	0.000870825196622469
304492.19	-19.085	0.000816084783100462
304565.43	-6.602	0.000786586779179694
304638.67	2.977	0.000717163398036221
304711.91	0.174	0.000623968519489012
304785.16	6.279	0.000646766685867715
304858.40	12.336	0.000660822165155699
304931.64	19.333	0.000715958784711213
305004.88	29.439	0.000726461811101925
305078.13	40.054	0.00071827657919965
305151.37	51.140	0.000607712399924354
305224.61	63.911	0.000507697071196401
305297.85	66.091	0.000358176306538108
305371.09	59.749	0.000371997261250885
305444.34	51.414	0.000343488799731315
305517.58	56.490	0.000356941648129272
305590.82	60.268	0.000411764415442204
305664.06	55.605	0.00042784112911062
305737.30	61.558	0.000378820089100133
305810.55	63.908	0.000404623412316729
305883.79	68.136	0.000438990016727803
305957.03	71.162	0.000410477016022907
306030.27	81.519	0.000391036549875796
306103.52	93.981	0.000408666313380957
306176.76	94.839	0.000405450192501218
306250.00	102.941	0.000362716572623122
306323.24	114.635	0.000315312131043952
306396.48	112.848	0.000336902657974097
306469.73	119.796	0.000290428965538563
306542.97	133.234	0.000282226657653392
306616.21	135.429	0.000270143130162293
306689.45	140.071	0.000259596441131773
306762.70	142.103	0.000251232019484938
306835.94	138.111	0.000177811345282185
306909.18	147.272	0.000150245305097092
306982.42	134.547	0.00010778771091719
307055.66	158.264	0.000122668457327887
307128.91	158.304	0.000189009515482914
307202.15	145.579	0.000112672738935343
307275.39	167.811	0.000140280712546788
307348.63	128.234	9.37631413197632E-5
307421.88	-175.590	7.4394005227785E-5
307495.12	172.346	0.00014479158200302
307568.36	-158.272	0.000150416281077727
307641.60	-126.436	7.7482812766697E-5
307714.84	-84.669	0.000110159975629545
307788.09	-57.259	0.000114792322331185
307861.33	-26.887	6.25391662164743E-5
307934.57	-45.502	8.01358585142552E-5
308007.81	-56.206	3.50193824913754E-5
308081.05	-2.399	9.02379235344506E-5
308154.30	-20.347	8.84343538980138E-5
308227.54	-1.303	6.38838458315598E-5
308300.78	-11.682	0.000121244450045427
308374.02	12.860	0.000108610168068034
308447.27	9.614	0.00012308952080485
308520.51	28.866	0.00011534026684561
308593.75	23.898	0.000164235506577046
308666.99	25.076	0.000203918793915664
308740.23	52.120	0.000191931886226518
308813.48	58.002	0.000256653752130041
308886.72	66.385	0.000221990371459281
308959.96	80.094	0.000262348916653152
309033.20	91.212	0.000237087053400515
309106.45	100.318	0.000248605992697657
309179.69	96.678	0.000185553682387594
309252.93	113.020	0.000218667687800208
309326.17	108.437	0.000161562574874723
309399.41	119.126	0.000216448242327181
309472.66	132.758	0.000182743710518745
309545.90	146.030	0.000168013837982237
309619.14	141.039	0.000138903177876005
309692.38	116.322	6.71857789291399E-5
309765.63	146.109	8.90866996749513E-5
309838.87	123.683	0.000136198688028079
309912.11	123.221	0.000134014042975889
309985.35	117.165	0.000186098600778469
310058.59	128.960	0.000187822410444167
310131.84	133.675	0.000187891146679112
310205.08	145.878	0.000211361977092882
310278.32	133.692	0.000243115523817607
310351.56	153.472	0.000269438475678259
310424.80	154.004	0.000224771595154395
310498.05	173.240	0.00026352045877078
310571.29	-172.242	0.000260384962468509
310644.53	-166.554	0.00029533582487662
310717.77	-155.934	0.000233788146426486
310791.02	-154.145	0.000225690023652144
310864.26	-136.345	0.000193412309098037
310937.50	-115.562	0.000182059158141157
311010.74	-115.565	0.000209127184850418
311083.98	-113.246	0.000160881264772369
311157.23	-102.408	0.000222766788301812
311230.47	-89.666	0.000185316996295564
311303.71	-63.329	0.000180619155634213
311376.95	-53.135	0.000196934933063163
311450.20	-36.378	0.000214582204854583
311523.44	-19.655	0.000203234673841441
311596.68	-3.305	0.000182830603494997
311669.92	14.242	0.000154925853623866
311743.16	34.733	0.000234479399506223
311816.41	37.080	0.00019843372882767
311889.65	64.580	0.000228954778660383
311962.89	80.381	0.000231919298982019
312036.13	111.703	0.000229227562083343
312109.38	124.811	0.000221486521888028
312182.62	137.758	0.000250512234383148
312255.86	143.113	0.000173033744650095
312329.10	167.835	0.000212164764440644
312402.34	179.134	0.000183714880026956
312475.59	-154.290	0.000157341132520983
312548.83	-175.225	0.000104648972339685
312622.07	158.350	0.000139646307359474
312695.31	168.931	0.00011773241751273
312768.55	163.671	0.000115523995775497
312841.80	174.255	0.00013922805385438
312915.04	-178.245	0.00015358117400878
312988.28	-164.878	0.000186809955964652
313061.52	-154.257	0.000165054721452656
313134.77	-133.292	0.000170165195675364
313208.01	-119.678	0.000181391033291417
313281.25	-116.662	0.000144466922176326
313354.49	-110.034	0.000158877970981561
313427.73	-91.191	0.000100416938553516
313500.98	-73.148	5.99544244004974E-5
313574.22	-106.560	4.73847717760878E-5
313647.46	-125.661	6.97534447622215E-5
313720.70	-105.854	8.7900026939568E-5
313793.95	-95.130	0.000120060803433595
313867.19	-95.024	9.22340843197447E-5
313940.43	-99.629	7.05147309869975E-5
314013.67	-72.882	6.66393474764898E-5
314086.91	-119.587	0.000105029183148709
314160.16	-118.728	9.47358238897495E-5
314233.40	-128.195	0.000102999518852671
314306.64	-97.036	0.000157136653029603
314379.88	-102.213	0.000146308534508834
314453.13	-75.587	0.000132563665188199
314526.37	-62.979	0.000136963648831452
314599.61	-72.722	0.000166134615257023
314672.85	-48.640	0.000143205244807213
314746.09	-32.560	0.000130852824623434
314819.34	-42.950	0.000141412915058252
314892.58	-21.270	0.00015611749784794
314965.82	-12.253	0.000138658926475097
315039.06	17.264	0.000108174622428362
315112.30	9.989	0.000157479901900968
315185.55	22.671	7.75684088328558E-5
315258.79	25.909	9.08360152391511E-5
315332.03	24.170	5.82481230210592E-5
315405.27	41.388	5.09642436336374E-5
315478.52	32.227	6.50720316287186E-5
315551.76	40.378	8.3762883741893E-5
315625.00	35.059	5.48333587453606E-5
315698.24	82.627	4.46681774339572E-5
315771.48	0.408	4.93636404268044E-5
315844.73	4.747	6.12815957293231E-5
315917.97	-5.218	3.47126632543064E-5
315991.21	-93.042	4.89447384666636E-5
316064.45	-27.329	5.15830858998309E-5
316137.70	-7.769	4.45257334753748E-5
316210.94	-44.952	7.57698106851101E-5
316284.18	-74.257	5.63429620939794E-5
316357.42	-11.805	7.04745267741047E-5
316430.66	-10.113	7.14080858896093E-5
316503.91	-8.881	7.0069458521626E-5
316577.15	2.437	0.000114781730898756
316650.39	-1.967	9.46936743117167E-5
316723.63	7.773	0.000122642302974338
316796.88	14.333	0.000159672760717081
316870.12	30.402	0.000138038354995446
316943.36	42.221	0.00013346285618623
317016.60	48.297	0.000180381821087136
317089.84	54.352	0.000214527518478981
317163.09	76.648	0.000151727024878704
317236.33	71.671	0.000170640729376247
317309.57	84.572	0.000187012922394256
317382.81	95.780	0.000193674717240251
317456.05	106.730	0.000161246777267001
317529.30	109.731	0.000177213037425803
317602.54	117.539	0.000148719058068942
317675.78	127.145	0.000127582017368093
317749.02	146.270	9.71344591073357E-5
317822.27	152.053	0.000145546383677329
317895.51	177.907	0.000144045642547681
317968.75	152.944	0.000104345927681214
318041.99	163.729	0.000109287803591791
318115.23	159.473	8.26458118481843E-5
318188.48	176.812	6.49834094390087E-5
318261.72	153.848	8.43609754465935E-5
318334.96	117.141	6.83724516645232E-5
318408.20	110.208	6.02842718675638E-5
318481.45	148.716	0.000104525333577456
318554.69	153.108	0.000120659543593342
318627.93	161.318	0.000100600667483402
318701.17	-177.792	9.99636684759025E-5
318774.41	-176.325	9.4423700860625E-5
318847.66	-160.885	8.86708238383616E-5
318920.90	-156.464	9.47263132157318E-5
318994.14	-121.731	4.92536192205548E-5
319067.38	-141.757	5.7912655610255E-5
319140.63	-150.922	6.7797272038138E-5
319213.87	-164.660	7.04094651177567E-5
319287.11	166.210	5.03235700475397E-5
319360.35	-146.231	5.70497780948361E-5
319433.59	-160.380	7.40978774231447E-5
319506.84	-139.253	9.00714867391419E-5
319580.08	-149.329	9.1288636861718E-5
319653.32	-149.774	8.40367479232647E-5
319726.56	-125.326	8.96914920818006E-5
319799.80	-123.509	6.79509558841958E-5
319873.05	-110.438	8.8964141671133E-5
319946.29	-93.400	6.68758174168376E-5
320019.53	-96.756	8.744243382831E-5
320092.77	-125.106	4.22583023288956E-5
320166.02	-51.005	7.63445580081309E-5
320239.26	-82.543	2.24719934902344E-5
320312.50	-34.725	4.74284344158961E-5
320385.74	-61.206	1.10042821417783E-5
320458.98	177.215	2.00982157161035E-5
320532.23	92.058	2.59118313610704E-5
320605.47	79.086	3.58070392213821E-5
320678.71	-168.847	3.83487668525974E-5
320751.95	167.200	2.65857923062298E-5
320825.20	138.902	3.24564719953026E-5
320898.44	-176.969	6.79972123441907E-5
320971.68	-175.006	7.56299605467143E-5
321044.92	-170.695	8.51358792273492E-5
321118.16	-171.217	9.75987529207425E-5
321191.41	-171.156	9.93506623051289E-5
321264.65	-146.975	0.000123086062377934
321337.89	-150.291	0.000125556243802335
321411.13	-149.028	0.000157462825918072
321484.38	-126.112	0.000161138485274209
321557.62	-113.755	0.000188551706219974
321630.86	-106.632	0.000186309780971997
321704.10	-106.082	0.000187800146820898
321777.34	-103.586	0.000217372074616986
321850.59	-92.470	0.000179760385000756
321923.83	-72.959	0.000183147049557766
321997.07	-81.581	0.000182767271052107
322070.31	-51.260	0.000180800723047277
322143.55	-55.905	0.000178871569283471
322216.80	-33.026	0.000165325775662159
322290.04	-43.595	8.60975380615423E-5
322363.28	-11.871	9.61235176895966E-5
322436.52	-24.930	6.06908531818181E-5
322509.77	-65.343	6.5135580223291E-5
322583.01	-73.388	8.0182979580979E-5
322656.25	-48.209	6.98928625972529E-5
322729.49	-35.661	0.000100505128439862
322802.73	-59.061	8.29382650742268E-5
322875.98	-25.651	0.000116390115566149
322949.22	-53.270	0.000124804900554941
323022.46	-33.691	0.000112373152703788
323095.70	-23.518	0.00011355679931562
323168.95	-20.105	0.000126118022024423
323242.19	-16.101	0.000110075244170116
323315.43	-6.777	9.48508165846901E-5
323388.67	-0.031	6.98260717274472E-5
323461.91	-15.909	7.00666485497571E-5
323535.16	-12.462	7.87319533382417E-5
323608.40	27.208	4.76322654522288E-5
323681.64	-3.395	4.76335623623221E-5
323754.88	-47.771	5.86970700650284E-5
323828.13	-39.621	5.90383735712525E-5
323901.37	-19.515	7.11195233938467E-5
323974.61	-21.340	0.000110334626188779
324047.85	-34.458	9.1815182359604E-5
324121.09	-21.380	8.51397699576291E-5
324194.34	-11.898	9.96697021880844E-5
324267.58	-5.840	0.000130154654689866
324340.82	0.083	9.53371578696832E-5
324414.06	9.333	0.000135682950114304
324487.30	27.013	0.000138470874511567
324560.55	27.863	0.000100503831529768
324633.79	35.133	0.000123175116871009
324707.03	34.096	9.15166768864593E-5
324780.27	17.688	9.61224369311855E-5
324853.52	35.404	8.44595406136854E-5
324926.76	26.576	7.87161742654397E-5
325000.00	35.940	0.00013255112839063
325073.24	23.403	8.75578588266151E-5
325146.48	63.799	0.000127202671165799
325219.73	44.029	0.000115834173439481
325292.97	56.008	0.000124112134413429
325366.21	77.996	0.000143720334265941
325439.45	89.140	0.000144245799005416
325512.70	84.322	0.000145895252492431
325585.94	114.617	0.000166258686322617
325659.18	134.006	0.000116843817947127
325732.42	129.127	0.00012755737607632
325805.66	148.065	0.000140549172936104
325878.91	155.881	0.00010883864039614
325952.15	165.214	9.8817199953412E-5
326025.39	172.452	7.14465608890443E-5
326098.63	-164.993	7.10950982537559E-5
326171.88	-171.674	7.94437408277894E-5
326245.12	178.994	5.61144897658737E-5
326318.36	-162.510	5.75445492954358E-5
326391.60	-163.058	5.11594286026813E-5
326464.84	-165.083	4.04975307255382E-5
326538.09	-129.956	6.48774951147213E-5
326611.33	-117.056	5.5200600453451E-5
326684.57	-130.780	4.56838741887051E-5
326757.81	-159.401	3.63037557871218E-5
326831.05	-157.449	3.28490034502127E-5
326904.30	-153.372	3.54062940025477E-5
326977.54	13.734	3.2259557812801E-5
327050.78	-89.233	1.84390354033891E-5
327124.02	129.481	3.68359212287454E-5
327197.27	160.084	3.66571637875501E-5
327270.51	-177.863	3.64866201102792E-5
327343.75	-172.569	6.59027025434869E-5
327416.99	-162.098	8.59086214912827E-5
327490.23	-166.327	0.00010381376223959
327563.48	-134.473	0.000140177824346051
327636.72	-104.979	0.000106029100830655
327709.96	-81.785	0.000128976628021771
327783.20	-53.821	0.000100885987703932
327856.45	-51.028	0.000105292888201016
327929.69	-26.570	7.26310721076054E-5
328002.93	-25.690	7.29287129740212E-5
328076.17	-18.203	9.17844888207288E-5
328149.41	-5.277	6.92307899946155E-5
328222.66	52.797	5.51361872521497E-5
328295.90	-4.901	5.12679367471553E-5
328369.14	44.976	3.92416894518448E-5
328442.38	84.694	2.0372944504204E-5
328515.63	137.568	4.27532896811775E-5
328588.87	155.820	6.01617138637456E-5
328662.11	177.655	5.8960991269018E-5
328735.35	-150.247	0.000118120625933996
328808.59	-111.471	6.23666771740634E-5
328881.84	-108.753	8.87620398482581E-5
328955.08	-71.040	6.16905547120818E-5
329028.32	-103.380	0.000102624279532338
329101.56	-118.909	5.98152227171482E-5
329174.80	-60.942	4.36405923366873E-5
329248.05	-94.638	3.88954144569297E-5
329321.29	-111.473	8.49469626570896E-5
329394.53	-86.111	9.43873873780122E-5
329467.77	-105.877	0.000113785920098772
329541.02	-105.543	0.00010712153143259
329614.26	-89.840	0.000109224903452265
329687.50	-61.407	0.000128668179571245
329760.74	-59.448	0.000143281546351037
329833.98	-60.629	0.000106189269227179
329907.23	-60.101	0.00012238335325904
329980.47	-50.263	7.98648043047524E-5
330053.71	-48.341	7.04926835154111E-5
330126.95	-81.241	9.18878093248296E-5
330200.20	-86.916	0.000107071168090633
330273.44	-81.636	0.000136019714435201
330346.68	-83.949	0.000161481734145573
330419.92	-77.228	0.000170583449180458
330493.16	-63.659	0.000206792962834133
330566.41	-58.580	0.000219725317981306
330639.65	-53.411	0.000233430415392413
330712.89	-38.129	0.000209301186954604
330786.13	-38.597	0.000210037399584242
330859.38	-33.199	0.000216648182633234
330932.62	-24.458	0.000217110747233183
331005.86	-32.223	0.000229600207583489
331079.10	-25.113	0.000211646216555
331152.34	-12.796	0.000227704773482109
331225.59	-16.625	0.00021484396454175
331298.83	-17.983	0.000252519851207599
331372.07	-11.065	0.000227920060557599
331445.31	-8.620	0.000230587372316184
331518.55	-10.266	0.00026115554321562
331591.80	2.546	0.000256941450019075
331665.04	2.964	0.000276116265748738
331738.28	10.186	0.000231778368085212
331811.52	14.286	0.00025748053231453
331884.77	25.836	0.000230644868663654
331958.01	33.278	0.000189556595390611
332031.25	27.492	0.00018377086331265
332104.49	23.228	0.000187716496119879
332177.73	15.491	0.000167749268323201
332250.98	9.770	0.000207809956498974
332324.22	12.038	0.000185635387723473
332397.46	12.577	0.000263271235881181
332470.70	19.225	0.00023513758137858
332543.95	11.879	0.000265299387115444
332617.19	20.829	0.000296306994384831
332690.43	29.997	0.000264377932494143
332763.67	31.375	0.000259675552647465
332836.91	31.294	0.000265662738093254
332910.16	30.598	0.000281635050499158
332983.40	34.139	0.000272149882380016
333056.64	34.595	0.000322977950453855
333129.88	43.180	0.000319424416798172
333203.13	46.977	0.000370683707478039
333276.37	53.607	0.000378561787839881
333349.61	62.973	0.000375514049120591
333422.85	65.783	0.000367437541514471
333496.09	73.941	0.000367245166517296
333569.34	81.552	0.000338032266665374
333642.58	81.449	0.000316014624011165
333715.82	83.527	0.000320770825626715
333789.06	88.132	0.0003070512460529
333862.30	81.717	0.000292770969015408
333935.55	87.006	0.000348325193620969
334008.79	81.839	0.000315714821627927
334082.03	89.265	0.000323715459993587
334155.27	93.634	0.000329462068617066
334228.52	97.474	0.000341139014793911
334301.76	97.329	0.000368849228151045
334375.00	99.816	0.000359356062419661
334448.24	103.917	0.000321837966481831
334521.48	107.559	0.000344982191703768
334594.73	107.363	0.000327399333113649
334667.97	113.921	0.000313686670393664
334741.21	112.198	0.0003436567495884
334814.45	114.625	0.000348638397408505
334887.70	117.970	0.000368697273518444
334960.94	123.546	0.00043040965955043
335034.18	131.853	0.000447614252696666
335107.42	143.740	0.000477546721498695
335180.66	158.488	0.000443214917508459
335253.91	168.371	0.000410794542844087
335327.15	-175.043	0.000395733958233784
335400.39	-167.297	0.000302905672939618
335473.63	-152.478	0.000257496959842378
335546.88	-148.463	0.000204702559915391
335620.12	-136.568	0.000161882047061043
335693.36	-132.238	0.000122547412385844
335766.60	-94.550	5.19369262036237E-5
335839.84	-50.253	5.96688880282858E-5
335913.09	10.325	6.24174728193849E-5
335986.33	27.060	8.64539721855217E-5
336059.57	46.236	0.000192953202925003
336132.81	58.962	0.000228616717429392
336206.05	72.008	0.000338542816938776
336279.30	89.475	0.000413788459794505
336352.54	101.307	0.00047986927132414
336425.78	109.407	0.000567993879861534
336499.02	122.478	0.000609720232900488
336572.27	134.164	0.000674554497678766
336645.51	147.464	0.000687095834432805
336718.75	158.110	0.000703388267480075
336791.99	170.217	0.000664089513984124
336865.23	-178.909	0.000655291492062757
336938.48	-169.089	0.00058522289814786
337011.72	-166.533	0.000559548401333866
337084.96	-158.737	0.000492566669592741
337158.20	-158.457	0.000504499539361333
337231.45	-153.937	0.000506974908426107
337304.69	-152.856	0.000513294535159149
337377.93	-140.507	0.000569841760592826
337451.17	-132.106	0.000592752109694601
337524.41	-124.115	0.000574275463898505
337597.66	-113.110	0.000547080772303464
337670.90	-101.203	0.000541653203562941
337744.14	-90.780	0.000475755472508145
337817.38	-77.093	0.000438907446785195
337890.63	-66.344	0.000398458550188156
337963.87	-48.718	0.000330621290088808
338037.11	-27.419	0.000285946195801019
338110.35	-0.063	0.000235386155813132
338183.59	43.491	0.000184126432829901
338256.84	91.781	0.000182196198307684
338330.08	140.288	0.000205386463837932
338403.32	163.281	0.000252493480702369
338476.56	-173.053	0.00028329401466019
338549.80	-156.161	0.000346233926095499
338623.05	-141.766	0.000381276004513507
338696.29	-131.349	0.000353317000570139
338769.53	-116.860	0.000389132469707128
338842.77	-112.895	0.000401485322194271
338916.02	-100.157	0.000424798578031703
338989.26	-93.511	0.000468923133984879
339062.50	-82.924	0.000505564302547945
339135.74	-74.850	0.000471886357396422
339208.98	-61.415	0.000467620387796144
339282.23	-47.067	0.00043421803603945
339355.47	-42.352	0.000427542623637475
339428.71	-34.821	0.000407727782776761
339501.95	-26.641	0.00041474838941524
339575.20	-21.131	0.000413049869496362
339648.44	-9.834	0.000465675022656171
339721.68	5.572	0.000503324754968472
339794.92	17.300	0.000525495000710328
339868.16	31.883	0.000533094029250426
339941.41	46.322	0.000539733992776517
340014.65	61.849	0.000600765501009512
340087.89	79.623	0.000593423692971256
340161.13	96.229	0.000561606813803639
340234.38	115.630	0.000556115264165179
340307.62	138.667	0.000580709651023124
340380.86	162.492	0.000483427560316832
340454.10	179.095	0.000380446198205468
340527.34	-153.513	0.000255683879531924
340600.59	-158.454	0.000111228845698119
340673.83	130.340	7.76211498433173E-5
340747.07	117.492	0.000156558879583032
340820.31	129.911	0.000239785274849657
340893.55	140.621	0.000311146671975907
340966.80	153.568	0.000326441348858053
341040.04	162.626	0.000352405705077903
341113.28	167.869	0.000404017106848105
341186.52	175.112	0.000439978694522273
341259.77	-173.444	0.000494270377151993
341333.01	-162.765	0.000553822759423562
341406.25	-153.002	0.000572306322073489
341479.49	-144.606	0.000603607679479012
341552.73	-134.670	0.000642035557847302
341625.98	-123.698	0.000632901636211766
341699.22	-112.172	0.000655119219172028
341772.46	-103.698	0.000680030484396106
341845.70	-91.316	0.000669976621201046
341918.95	-80.745	0.000646068732085829
341992.19	-73.388	0.000580259623220743
342065.43	-60.598	0.000551700366055852
342138.67	-51.219	0.000515985191299413
342211.91	-44.361	0.000455973919006492
342285.16	-35.467	0.000366107344062094
342358.40	-29.423	0.000314022137804468
342431.64	-31.264	0.000292369575341527
342504.88	-31.723	0.000281653639543829
342578.13	-31.288	0.000242255240122375
342651.37	-26.712	0.000258728592127663
342724.61	-23.863	0.000268950189028126
342797.85	-9.961	0.000243985102035175
342871.09	-10.860	0.000213555700515724
342944.34	-16.052	0.000178114389940657
343017.58	-8.706	0.000176202528311428
343090.82	-18.100	0.000135829933258213
343164.06	-9.016	0.000138574843470714
343237.30	-17.422	0.000116136785794588
343310.55	-19.738	0.000138352855693075
343383.79	-23.637	0.00013958448797836
343457.03	-19.481	0.000105908055888612
343530.27	-17.858	9.70419461873459E-5
343603.52	-38.366	8.03896205891805E-5
343676.76	-66.273	7.76390904329415E-5
343750.00	-53.016	0.000122963720525798
343823.24	-56.405	0.000154200232426656
343896.48	-57.489	0.000175928447978374
343969.73	-52.833	0.000184770564842914
344042.97	-47.163	0.000220369233842637
344116.21	-30.652	0.000227561464916798
344189.45	-25.967	0.000220380041426748
344262.70	-17.205	0.000226002362832951
344335.94	-10.447	0.000213511605572551
344409.18	-12.324	0.000184109356847006
344482.42	-9.604	0.000189329419972599
344555.66	-7.877	0.000240938011770932
344628.91	-4.679	0.000217530081496688
344702.15	8.460	0.000242768384215963
344775.39	15.472	0.000237732266171939
344848.63	10.097	0.0002218637065735
344921.88	24.468	0.00021765588177574
344995.12	23.904	0.000232453625940464
345068.36	22.889	0.00018480817523562
345141.60	36.868	0.000169731163097468
345214.84	40.007	0.000197877786701003
345288.09	32.866	0.000141159585286691
345361.33	25.350	0.000173883436912899
345434.57	23.297	0.000177583521409126
345507.81	34.168	0.000152630322758698
345581.05	40.743	0.000169506149196278
345654.30	40.678	0.000192201427374245
345727.54	53.533	0.000188142747237215
345800.78	66.975	0.00015775873757103
345874.02	72.364	0.000172422251541097
345947.27	75.266	0.000142138536255461
346020.51	83.352	0.000138391762995874
346093.75	74.958	0.00012410543371128
346166.99	109.132	0.000133122417286735
346240.23	116.203	0.000150888572503376
346313.48	125.146	0.000117136703476534
346386.72	121.707	0.000123382622485939
346459.96	162.972	9.24054926037445E-5
346533.20	-174.116	8.18499413542533E-5
346606.45	-150.404	8.66541286432567E-5
346679.69	-115.462	0.000107508442943763
346752.93	-90.320	0.000118536069467221
346826.17	-71.822	0.000109023450084437
346899.41	-35.127	0.000113192151427716
346972.66	-1.631	0.000122338826012503
347045.90	11.946	0.000137342778882065
347119.14	13.797	0.000109739344455947
347192.38	10.203	9.2221547522176E-5
347265.63	10.603	5.01655631678375E-5
347338.87	34.129	8.21525537093601E-5
347412.11	18.756	6.18492100468307E-5
347485.35	14.723	8.0235288288076E-5
347558.59	34.876	8.3401910432587E-5
347631.84	13.503	7.68987709213408E-5
347705.08	44.336	0.000105158225702994
347778.32	39.037	6.65254355399603E-5
347851.56	27.897	0.000119625041642241
347924.80	28.127	0.000104168683301794
347998.05	18.383	9.69723453456713E-5
348071.29	16.906	0.000136737986475215
348144.53	46.819	0.000134706809117402
348217.77	58.975	0.000146270924116128
348291.02	72.678	0.00012544665489945
348364.26	90.801	0.00014293419059771
348437.50	96.983	0.000143787773590794
348510.74	107.158	0.000109804189960613
348583.98	127.675	7.46637625271945E-5
348657.23	123.959	6.09543420824433E-5
348730.47	117.304	2.91432990102471E-5
348803.71	62.376	4.88485509680761E-5
348876.95	61.391	7.95070732706796E-5
348950.20	51.906	9.17300185968096E-5
349023.44	69.633	8.9428651636222E-5
349096.68	83.412	0.000109487743897844
349169.92	84.532	0.000104877228516109
349243.16	102.125	0.000141846515332783
349316.41	115.291	0.000124885092829045
349389.65	144.168	0.000139920819995893
349462.89	155.828	7.60244373667643E-5
349536.13	150.398	4.47531250450694E-5
349609.38	133.662	3.90661742858828E-5
349682.62	-158.966	3.26404170768712E-5
349755.86	165.824	4.11779762211642E-5
349829.10	-138.926	3.26951034524726E-5
349902.34	-153.030	4.34181722556837E-5
349975.59	-115.037	3.58297351480151E-5
350048.83	-87.503	4.06948772114043E-5
350122.07	-91.248	2.14876387294083E-5
350195.31	-71.783	2.20749228499978E-5
350268.55	-12.969	5.04759569835043E-5
350341.80	-22.603	4.92860419728877E-5
350415.04	-33.011	4.67791147625097E-5
350488.28	1.386	6.11067290184078E-5
350561.52	8.512	0.000113836283440729
350634.77	19.518	9.69930959071643E-5
350708.01	41.653	0.000129986056377735
350781.25	66.176	0.000102675507481024
350854.49	64.552	0.00010920977283451
350927.73	60.859	0.000139487219721361
351000.98	72.458	0.000138691565379112
351074.22	87.599	0.000116674355028267
351147.46	99.039	0.000161975640739444
351220.70	101.854	0.000131939851433314
351293.95	121.013	0.000138698049929579
351367.19	153.065	0.000124859803082225
351440.43	170.609	6.61156119504728E-5
351513.67	153.296	8.16921506262333E-5
351586.91	-171.020	9.45592279653764E-5
351660.16	-147.069	7.6688887637906E-5
351733.40	-111.557	6.66198938250901E-5
351806.64	-138.112	5.92335585402964E-5
351879.88	-75.027	5.96946100784699E-5
351953.13	-38.520	3.32588270397002E-5
352026.37	-37.716	4.41710285648531E-5
352099.61	-40.141	9.48469258544101E-5
352172.85	19.962	6.72182016814728E-5
352246.09	2.736	6.9876218917722E-5
352319.34	4.719	0.000102236719566119
352392.58	26.776	6.81738082685638E-5
352465.82	16.691	9.66792436645821E-5
352539.06	27.959	0.000124828461088303
352612.30	28.310	0.000155606515271174
352685.55	49.291	0.000176907398947145
352758.79	53.258	0.000206587402584342
352832.03	65.215	0.000239701624148638
352905.27	75.907	0.000233331850225321
352978.52	84.485	0.000257077409427191
353051.76	89.821	0.000309521427477301
353125.00	101.637	0.00031029957353329
353198.24	110.913	0.000303607949755148
353271.48	120.655	0.000348794242771385
353344.73	130.986	0.000377666703723811
353417.97	143.106	0.000428501904803164
353491.21	158.022	0.000458607294950969
353564.45	-177.027	0.000477322788355916
353637.70	-166.190	0.000469418553640525
353710.94	-148.825	0.00043800112278165
353784.18	-129.365	0.000413241163735126
353857.42	-115.830	0.000349662091775495
353930.66	-99.689	0.00031228860131307
354003.91	-89.187	0.000250283762055042
354077.15	-78.961	0.000167425256951554
354150.39	-84.304	0.000139390599919409
354223.63	-96.331	0.000142209001703865
354296.88	-92.320	0.000182210680470392
354370.12	-65.763	0.000197277317327798
354443.36	-60.873	0.000164018274136415
354516.60	-34.567	0.000158741795421763
354589.84	-26.550	0.000107685687323183
354663.09	-10.267	0.00010146246424041
354736.33	-14.239	7.39154454033517E-5
354809.57	-19.260	5.26219108845763E-5
354882.81	-37.662	3.88193290647885E-5
354956.05	-34.596	5.6214351843059E-5
355029.30	-0.617	8.60886758425713E-5
355102.54	-0.270	8.58729564637166E-5
355175.78	2.306	0.000100590292202656
355249.02	15.882	6.27607216907489E-5
355322.27	28.010	0.000114721640731099
355395.51	34.999	0.000107009564861201
355468.75	67.924	0.000134940685237563
355541.99	83.362	0.00014664032734104
355615.23	101.147	0.000124532333283663
355688.48	114.481	0.000141677268565606
355761.72	132.617	0.000151919399875879
355834.96	159.290	0.000142931380625841
355908.20	-167.663	0.000116696834803218
355981.45	163.321	9.45622540889275E-5
356054.69	178.521	0.000101429176881348
356127.93	-177.001	0.000120872885303692
356201.17	-171.968	0.000106919645761398
356274.41	-160.583	0.000142984553939667
356347.66	-158.131	0.000153579012491958
356420.90	-141.953	0.000125207591138916
356494.14	-128.883	0.000141192224190706
356567.38	-130.710	0.000168667048365903
356640.63	-117.713	0.000169799467029049
356713.87	-97.462	0.00016212910843382
356787.11	-92.416	0.000183183579192061
356860.35	-72.091	0.00020955213905766
356933.59	-63.511	0.000230798552509712
357006.84	-46.691	0.000241532212745352
357080.08	-21.444	0.00022087308341389
357153.32	-1.746	0.000208585724886458
357226.56	25.076	0.000196221416360157
357299.80	53.529	0.000176339784629637
357373.05	100.339	0.00013237582937635
357446.29	130.691	7.19642441679593E-5
357519.53	131.077	4.85465870680159E-5
357592.77	127.148	3.51758763093021E-5
357666.02	-87.807	4.10031095102489E-5
357739.26	-113.763	4.01832461795915E-5
357812.50	-66.237	5.97776123244421E-5
357885.74	-60.245	4.2127530561153E-5
357958.98	-18.013	8.334182026493E-5
358032.23	10.145	5.63256699594018E-5
358105.47	44.911	7.17921874289128E-5
358178.71	64.706	4.40164801120664E-5
358251.95	57.518	7.13938198785828E-5
358325.20	89.719	4.4086080953741E-5
358398.44	140.116	5.47855892235902E-5
358471.68	135.994	7.70394856664655E-5
358544.92	165.543	5.96985008087499E-5
358618.16	-156.097	6.70772707846659E-5
358691.41	-150.074	4.14766978459911E-5
358764.65	150.210	5.71321318857616E-5
358837.89	-160.649	4.90547596729132E-5
358911.13	-158.012	2.49043483702468E-5
358984.38	-119.583	4.09923019261379E-5
359057.62	-75.902	4.83604804696252E-5
359130.86	-147.446	4.33796972562487E-5
359204.10	-177.437	4.39994041291711E-5
359277.34	-170.932	2.97844048997092E-5
359350.59	-124.632	4.06270055831875E-5
359423.83	-152.603	4.75479662961633E-5
359497.07	-140.464	5.98221395709792E-5
359570.31	-158.658	7.04652322517693E-5
359643.55	-105.212	8.86105175190224E-5
359716.80	-113.555	7.62537743015988E-5
359790.04	-115.632	9.2047977721354E-5
359863.28	-109.405	7.8861428195891E-5
359936.52	-103.695	0.000103954260833033
360009.77	-83.629	0.00010868668576354
360083.01	-105.517	0.000102905492870905
360156.25	-86.359	0.0001214404996212
360229.49	-89.925	0.000102321234873867
360302.73	-81.933	9.52900368029594E-5
360375.98	-69.057	0.000160353422364389
360449.22	-65.301	0.000121664216612297
360522.46	-46.446	0.000156600164554335
360595.70	-41.939	0.000141182065061642
360668.95	-37.151	0.000123847780906075
360742.19	-48.468	0.000111149950334109
360815.43	-23.484	0.000102646327003925
360888.67	-19.824	0.000122079011690475
360961.91	-28.422	0.000118897691231573
361035.16	-18.058	8.02672787370445E-5
361108.40	-8.827	6.82963662723821E-5
361181.64	5.252	6.03927800120379E-5
361254.88	10.126	6.96825470104536E-5
361328.13	23.373	8.5645564894022E-5
361401.37	6.035	2.88547365144845E-5
361474.61	-18.976	4.2783334765006E-5
361547.85	-41.410	3.11690725760052E-5
361621.09	-72.223	7.31844204140865E-5
361694.34	-77.973	0.000121112813670956
361767.58	-76.587	6.54014467924206E-5
361840.82	-33.995	0.000105042584553006
361914.06	-43.533	0.000103594800585502
361987.30	-43.292	0.000123891227394201
362060.55	-25.418	0.000130486447522072
362133.79	-17.022	9.33995741902705E-5
362207.03	-28.775	0.000102874583180348
362280.27	-21.946	9.75907553085003E-5
362353.52	-27.225	9.35221321940888E-5
362426.76	-22.972	0.0001132276003036
362500.00	-17.352	0.000115651741419688
362573.24	-30.611	8.88869755205808E-5
362646.48	-3.290	0.000104991572756003
362719.73	-9.851	0.000117759868776372
362792.97	12.669	8.82460857828009E-5
362866.21	15.817	0.000104967147615912
362939.45	-5.557	0.000107771499541024
363012.70	-18.937	9.16876528670946E-5
363085.94	-4.563	7.98313007940084E-5
363159.18	-10.221	8.78129178116337E-5
363232.42	0.866	7.42852809316288E-5
363305.66	-0.406	0.000141761135418307
363378.91	-0.228	0.0001376851631467
363452.15	3.577	0.000132785220662473
363525.39	14.408	0.000134983483270642
363598.63	12.221	0.000135791242107095
363671.88	26.677	0.000103195352276761
363745.12	17.406	9.2652553976521E-5
363818.36	22.212	0.000101232046547165
363891.60	23.910	0.000116986045754027
363964.84	47.698	0.000116492787615203
364038.09	19.089	0.000123639626836098
364111.33	16.708	0.000125214724144429
364184.57	27.764	0.000123017542294671
364257.81	25.876	0.00013347452837707
364331.05	29.758	0.0001652693600731
364404.30	51.349	0.000118783130839997
364477.54	54.303	0.000124763615583637
364550.78	56.482	0.000122521474183978
364624.02	65.041	0.000150776605931986
364697.27	49.784	0.000105964471477671
364770.51	57.677	0.000132471368419891
364843.75	53.107	0.000131740991885672
364916.99	51.258	0.000119155560188461
364990.23	50.906	0.000117640985351151
365063.48	61.844	0.000122152287110748
365136.72	68.192	0.000130673851030556
365209.96	62.070	0.000162107925568962
365283.20	65.002	0.000146225316111179
365356.45	69.016	0.000130417278983762
365429.69	70.869	0.000127894788852264
365502.93	74.585	0.000124873420638205
365576.17	84.123	0.000109111207667418
365649.41	78.535	0.000106818270622437
365722.66	69.196	0.00014927694556075
365795.90	82.183	0.000150244440490363
365869.14	90.857	0.00015254775281609
365942.38	75.935	0.000126631814573058
366015.63	86.413	0.00016221189452811
366088.87	89.288	0.000171093567150496
366162.11	94.703	0.000168100514806807
366235.35	107.139	0.000149114615647403
366308.59	108.857	0.000176765387291927
366381.84	119.485	0.000212405557414636
366455.08	124.526	0.000150664207057232
366528.32	123.406	0.000170751399037543
366601.56	142.488	0.000148074493752565
366674.80	144.193	0.000124602798732066
366748.05	145.610	0.000128719191368248
366821.29	142.222	9.52770677020263E-5
366894.53	148.113	9.09233405187676E-5
366967.77	127.174	9.22198183087183E-5
367041.02	120.612	0.000107526167381705
367114.26	122.787	0.000153355943955908
367187.50	139.102	0.000189900492717022
367260.74	144.722	0.000183801340699843
367333.98	149.278	0.000163057047605587
367407.23	162.024	0.000180972563634641
367480.47	-174.920	0.000165455898974855
367553.71	-174.445	0.000187065447253035
367626.95	-163.525	0.000177016339394983
367700.20	-144.167	0.00013443683566631
367773.44	-133.364	9.20023697164058E-5
367846.68	-145.500	5.56223123854606E-5
367919.92	-176.573	5.41777706931899E-5
367993.16	-176.080	7.51386477730301E-5
368066.41	-168.558	9.46208311948089E-5
368139.65	-169.919	0.000148289780828055
368212.89	-160.469	0.000155228682130655
368286.13	-160.694	0.000136994774673692
368359.38	-140.761	0.000149289266206636
368432.62	-143.471	0.000131890136546404
368505.86	-137.438	0.000105992787348042
368579.10	-140.773	0.0001321819413174
368652.34	-137.057	0.000163528906727871
368725.59	-122.888	0.000154061246894989
368798.83	-126.138	0.000199725883583977
368872.07	-116.859	0.000212244956714747
368945.31	-120.877	0.00019389670501789
369018.55	-111.626	0.000220814938611373
369091.80	-95.475	0.000242106743916691
369165.04	-91.179	0.000274534467738258
369238.28	-71.363	0.000321521736570745
369311.52	-62.154	0.000391871759975891
369384.77	-47.901	0.000376092254870527
369458.01	-34.363	0.000397066317202983
369531.25	-20.664	0.000372011311110229
369604.49	-13.182	0.00036718032101263
369677.73	0.736	0.000356758783806115
369750.98	6.662	0.000355550279750828
369824.22	13.945	0.000332575085144387
369897.46	24.251	0.000325649801397767
369970.70	32.334	0.000314934730206798
370043.95	35.704	0.000286786161238123
370117.19	43.044	0.000321976952013498
370190.43	48.984	0.000327552800808024
370263.67	60.828	0.00031209276788898
370336.91	65.497	0.000291328804991641
370410.16	71.645	0.000325206474297535
370483.40	80.199	0.000317824678198068
370556.64	85.115	0.000321068682644813
370629.88	85.126	0.000287147783002476
370703.13	101.370	0.000306228140447009
370776.37	108.186	0.000308250887889216
370849.61	121.819	0.000334079933155997
370922.85	129.838	0.000325677468813091
370996.09	140.011	0.000291191548673432
371069.34	143.991	0.000263603893320117
371142.58	158.546	0.000281134010899774
371215.82	167.878	0.000253482158496839
371289.06	175.468	0.000211156416843091
371362.30	-165.442	0.000184191062182884
371435.55	-159.177	0.000152225902961266
371508.79	-149.465	0.000121252879961034
371582.03	-168.607	8.10704983881709E-5
371655.27	-159.268	7.67526523841606E-5
371728.52	-174.153	7.28001027231008E-5
371801.76	-175.269	5.73813547753603E-5
371875.00	-175.936	9.04845526038627E-5
371948.24	179.646	5.91352095248867E-5
372021.48	-174.824	9.6518426813011E-5
372094.73	-171.502	8.09684747941635E-5
372167.97	-164.318	7.87345471584283E-5
372241.21	-141.232	8.18371884050023E-5
372314.45	-127.009	8.9646532531899E-5
372387.70	-89.661	5.95742135914738E-5
372460.94	-30.749	6.04148274836242E-5
372534.18	2.772	8.64126872142179E-5
372607.42	41.284	0.00011293730859438
372680.66	64.458	0.000147424741795814
372753.91	83.922	0.000192572775964297
372827.15	97.458	0.000207025109740836
372900.39	114.742	0.000257747263490388
372973.63	127.766	0.000272822546415082
373046.88	139.898	0.00026840029914856
373120.12	151.068	0.000288950055728819
373193.36	165.599	0.000290464414414447
373266.60	170.940	0.000273616255392191
373339.84	-171.224	0.00025099749490973
373413.09	-176.026	0.000251661729029189
373486.33	-160.503	0.000241424785359289
373559.57	-150.897	0.000252561568482268
373632.81	-161.035	0.000236396664927507
373706.05	-154.079	0.000209284759426755
373779.30	-154.206	0.000199933821502272
373852.54	-151.576	0.000199104015194232
373925.78	-156.070	0.000208218050875004
373999.02	-154.858	0.000262295527187644
374072.27	-142.162	0.000267760706320874
374145.51	-133.768	0.000334293491018029
374218.75	-124.257	0.000322643996104827
374291.99	-106.425	0.000312316052576712
374365.23	-98.136	0.000284363749335493
374438.48	-92.455	0.00027788330575088
374511.72	-83.772	0.000255176787685438
374584.96	-79.993	0.000197168593031642
374658.20	-90.772	0.000185292138852109
374731.45	-95.317	0.000211231637628503
374804.69	-88.527	0.000224270987858375
374877.93	-73.152	0.000194326630713824
374951.17	-68.962	0.000185602316516093
375024.41	-68.145	0.000211724463463963
375097.66	-63.265	0.000225022547257451
375170.90	-58.235	0.000241093208678765
375244.14	-48.779	0.000206669324071903
375317.38	-41.660	0.000257522898044244
375390.63	-33.165	0.000173574340007325
375463.87	-24.682	0.000213405042793217
375537.11	-24.347	0.000162137322197744
375610.35	-17.372	0.000151051334720087
375683.59	-7.842	0.000134429702660797
375756.84	-16.337	0.000141699748340557
375830.08	-7.344	0.000111412790779688
375903.32	-8.527	0.000121443958048115
375976.56	14.592	0.000156803779438986
376049.80	7.308	0.000117921766386354
376123.05	24.461	0.00011141884302679
376196.29	40.859	0.00011568113804847
376269.53	62.261	7.59284660198589E-5
376342.77	36.580	7.96114745331915E-5
376416.02	74.235	7.13758792889586E-5
376489.26	92.171	6.06005017786505E-5
376562.50	69.665	4.16937141349391E-5
376635.74	108.919	4.45650730815387E-5
376708.98	74.445	4.79577898856509E-5
376782.23	83.397	5.0130546595318E-5
376855.47	148.490	5.6674971077868E-5
376928.71	171.489	3.85560563158456E-5
377001.95	174.369	4.28566101852783E-5
377075.20	173.918	8.88688187792744E-5
377148.44	-159.790	8.05443851936495E-5
377221.68	-144.074	0.000124116025143709
377294.92	-116.835	0.000138921983072358
377368.16	-92.109	0.000129683876325993
377441.41	-66.882	0.000109551724795781
377514.65	-53.845	7.90933589509121E-5
377587.89	-25.473	8.26650493479018E-5
377661.13	-123.703	3.43724405064934E-5
377734.38	-148.904	1.92076707853604E-5
377807.62	-96.259	2.40991833539804E-5
377880.86	-147.554	6.8663175677108E-5
377954.10	-110.754	7.4315109863775E-5
378027.34	-104.336	9.10580030167902E-5
378100.59	-92.612	9.31401921716075E-5
378173.83	-95.111	0.000147027671155577
378247.07	-74.453	0.000134782029902814
378320.31	-64.637	0.000125922837055379
378393.55	-61.238	0.000121110436002451
378466.80	-62.269	0.00011873665822832
378540.04	-61.609	0.000113236678674253
378613.28	-63.165	0.000137474199104854
378686.52	-59.048	0.000135749957135792
378759.77	-43.424	0.000147222207669574
378833.01	-43.645	0.000119988824923416
378906.25	-28.721	0.000153363293113103
378979.49	-16.908	0.000137323973685712
379052.73	-11.879	0.000145342120337632
379125.98	-12.334	0.000125605094082517
379199.22	-3.494	0.000137603025507457
379272.46	-12.709	0.000106703277927496
379345.70	-0.755	0.000119987095709958
379418.95	0.543	0.000125106648303319
379492.19	-0.171	0.00010591367583235
379565.43	9.808	0.000139544932220514
379638.67	12.764	0.000121976555793103
379711.91	11.646	0.000117110549122985
379785.16	19.128	9.9597291374541E-5
379858.40	20.415	0.000151585013223486
379931.64	47.293	0.000119832547257171
380004.88	43.273	0.000145383621460618
380078.13	51.503	0.000135145813183989
380151.37	56.660	0.000106660479894417
380224.61	54.137	0.000119257367630786
380297.85	78.426	0.000118032652199332
380371.09	85.054	0.000140031057353825
380444.34	96.390	0.000134231923871566
380517.58	106.261	8.95793093587288E-5
380590.82	121.557	9.30820473690906E-5
380664.06	124.479	7.62673918575786E-5
380737.30	166.302	4.67955422903584E-5
380810.55	128.130	1.46620009082912E-5
380883.79	134.731	3.87006617912502E-5
380957.03	-3.421	3.1545608806431E-5
381030.27	116.716	4.57219168847757E-5
381103.52	55.430	4.20386922197609E-5
381176.76	89.100	6.28396170547589E-5
381250.00	7.527	1.42193222631063E-5
381323.24	-176.031	2.40570337759477E-5
381396.48	170.338	4.4280401316056E-5
381469.73	153.841	4.51337681574573E-5
381542.97	-129.542	3.42094621381002E-5
381616.21	-163.332	3.64911592956058E-5
381689.45	-146.204	2.98732432411013E-5
381762.70	-147.096	4.53689411877118E-5
381835.94	-59.211	3.67849094317416E-5
381909.18	-79.861	2.38607680484927E-5
381982.42	-68.624	3.0446909805711E-5
382055.66	-94.141	3.64349598582288E-5
382128.91	-112.336	3.94589218924751E-5
382202.15	-105.599	4.44087954152942E-5
382275.39	-89.114	5.13920078127491E-5
382348.63	-93.798	8.94744757928525E-5
382421.88	-64.956	0.000100467085743791
382495.12	-65.847	7.87250364844106E-5
382568.36	-35.473	5.37333628345473E-5
382641.60	-41.182	8.54977171433841E-5
382714.84	-30.215	8.27785289810669E-5
382788.09	-29.269	7.22802579273637E-5
382861.33	-10.269	7.8359523989778E-5
382934.57	-20.490	8.31745188628924E-5
383007.81	-1.518	8.76503717466049E-5
383081.05	0.170	8.6603116846253E-5
383154.30	4.476	3.90093263934592E-5
383227.54	27.311	7.32190046832416E-5
383300.78	33.468	4.25356249371828E-5
383374.02	-2.931	4.23990170740203E-5
383447.27	-4.317	4.38887344678749E-5
383520.51	-27.186	5.29454899528584E-5
383593.75	-33.993	4.41973990700839E-5
383666.99	-13.663	4.35889320846369E-5
383740.23	6.559	7.36078615595539E-5
383813.48	-10.766	5.16727888479519E-5
383886.72	9.302	5.95188787608257E-5
383959.96	41.608	5.54128614053903E-5
384033.20	5.546	4.40653303922479E-5
384106.45	26.858	3.39526739396238E-5
384179.69	7.640	5.05345340893857E-5
384252.93	18.152	6.38066796810075E-5
384326.17	10.557	6.14802391252825E-5
384399.41	6.032	8.08452683352985E-5
384472.66	-7.503	5.65543584391897E-5
384545.90	-38.097	3.6065340481634E-5
384619.14	16.748	6.80330935234391E-5
384692.38	-37.160	5.18599762047537E-5
384765.63	-45.723	7.46793254483143E-5
384838.87	-15.421	7.47971281151238E-5
384912.11	-23.765	8.41634128090451E-5
384985.35	-0.140	6.79232884688717E-5
385058.59	4.551	0.00012159439961894
385131.84	19.868	0.000121075419429932
385205.08	18.363	0.000124280516573878
385278.32	32.459	0.000136142056287337
385351.56	32.339	0.000127526898689127
385424.80	26.189	0.000108919264973607
385498.05	45.539	0.000121614717877068
385571.29	59.546	9.25734424608288E-5
385644.53	57.463	9.87912617515457E-5
385717.77	50.647	9.36111866871631E-5
385791.02	71.467	8.08625604698761E-5
385864.26	53.664	8.31516067845772E-5
385937.50	61.666	9.24811456925213E-5
386010.74	80.283	7.94292586650807E-5
386083.98	63.408	0.000104593421357355
386157.23	80.101	0.000112701919412443
386230.47	96.246	7.84468492693946E-5
386303.71	88.863	6.85181378983389E-5
386376.95	111.713	5.69280846977467E-5
386450.20	65.577	0.000100841460457395
386523.44	86.490	6.24418979594757E-5
386596.68	88.879	8.55696956535631E-5
386669.92	69.361	4.09784682184759E-5
386743.16	117.735	5.01904206112927E-5
386816.41	85.435	6.3180920560983E-5
386889.65	48.529	4.33544075094291E-5
386962.89	100.416	4.56994371098249E-5
387036.13	81.872	3.6761565050062E-5
387109.38	119.870	5.4332751449341E-5
387182.62	49.348	7.66335528072579E-5
387255.86	103.519	3.5707393295879E-5
387329.10	90.324	5.16284777530969E-5
387402.34	51.107	6.61690014159809E-5
387475.59	101.898	4.46271086143356E-5
387548.83	68.398	5.54295050849211E-5
387622.07	44.004	6.23630025954657E-5
387695.31	68.581	9.12173068065857E-5
387768.55	99.966	3.87974977448844E-5
387841.80	70.143	6.81528415553885E-5
387915.04	86.449	4.55697461004934E-5
387988.28	101.166	5.19823180568897E-5
388061.52	-176.319	3.15795446205394E-5
388134.77	109.323	5.34981898042928E-5
388208.01	120.987	3.82958096904537E-5
388281.25	74.452	1.8972497755106E-5
388354.49	63.091	4.35223573665134E-5
388427.73	147.639	4.33870464134442E-5
388500.98	137.141	2.65624479245501E-5
388574.22	108.744	4.89929402917985E-5
388647.46	122.344	3.35981851807843E-5
388720.70	147.881	2.22134760783003E-5
388793.95	123.620	2.85707132040485E-5
388867.19	141.168	1.64104518657621E-5
388940.43	-3.689	2.7650123189477E-5
389013.67	37.099	2.78530896190808E-5
389086.91	17.561	3.77253854010773E-5
389160.16	39.878	4.28131636971523E-5
389233.40	38.502	3.32841167865199E-5
389306.64	-15.437	3.33310217015614E-5
389379.88	24.402	5.02881211716558E-5
389453.13	19.661	4.1121560632105E-5
389526.37	23.654	5.02507269306319E-5
389599.61	71.748	5.58056090119825E-5
389672.85	73.011	6.48031389360379E-5
389746.09	75.502	6.75577759742391E-5
389819.34	102.120	6.9459046171039E-5
389892.58	66.878	6.69631426964542E-5
389965.82	55.956	4.69669505743582E-5
390039.06	83.732	4.47970038365599E-5
390112.30	105.378	3.67987431394037E-5
390185.55	61.940	4.39516346074007E-5
390258.79	104.176	3.12129513674957E-5
390332.03	63.858	3.45872952786193E-5
390405.27	69.870	3.51834416181798E-5
390478.52	84.901	2.39357726822227E-5
390551.76	28.523	4.87445820089287E-5
390625.00	33.779	1.89949775300568E-5
390698.24	54.142	2.84654473348078E-5
390771.48	21.004	2.71879908928924E-5
390844.73	10.720	2.99138797573585E-5
390917.97	49.781	4.47777663368423E-5
390991.21	152.036	2.14612682241776E-5
391064.45	123.268	1.61722527119566E-5
391137.70	-138.443	3.3880911581127E-5
391210.94	-33.444	5.74801360941345E-5
391284.18	-5.171	5.52836026994232E-5
391357.42	3.522	0.000108171812456493
391430.66	19.840	9.68746447853082E-5
391503.91	25.547	5.95361708954033E-5
391577.15	39.970	0.000138073155416283
391650.39	50.048	0.000142298704651986
391723.63	67.914	0.000132343190472335
391796.88	70.341	0.000148063253865089
391870.12	78.466	0.00013446990687369
391943.36	92.211	0.000142887717986033
392016.60	87.896	0.000119478274650014
392089.84	99.367	0.00013175244792483
392163.09	106.759	9.82113267881516E-5
392236.33	108.482	0.000133101666725242
392309.57	111.396	9.27766250421149E-5
392382.81	123.339	8.99947528919541E-5
392456.05	109.663	8.98503635682316E-5
392529.30	127.810	9.27359885258576E-5
392602.54	130.585	8.5115993272585E-5
392675.78	125.705	9.63999756911549E-5
392749.02	98.052	6.43020993366539E-5
392822.27	127.738	5.0028955304675E-5
392895.51	106.229	4.80451151652674E-5
392968.75	106.838	6.54729929992352E-5
393041.99	126.186	7.43004115493841E-5
393115.23	126.380	8.15590011899863E-5
393188.48	125.577	9.68774547571771E-5
393261.72	129.450	0.000117094121595137
393334.96	147.553	0.00012338370324435
393408.20	153.663	0.00010331791028058
393481.45	148.326	0.000111308173365494
393554.69	176.043	8.59442865188489E-5
393627.93	174.202	6.86845746936477E-5
393701.17	165.690	0.000102195218443133
393774.41	-170.217	7.88076064270184E-5
393847.66	172.028	9.35956237660433E-5
393920.90	-175.412	6.01234550159928E-5
393994.14	-167.426	4.59540637914791E-5
394067.38	-120.244	5.4888909727691E-5
394140.63	-152.172	5.57431411758212E-5
394213.87	-126.724	3.23507738226975E-5
394287.11	-94.047	2.20669252377557E-5
394360.35	-147.026	4.62052320462178E-5
394433.59	-92.463	3.13318347927163E-5
394506.84	5.161	4.16230325348535E-5
394580.08	5.159	2.99011268081075E-5
394653.32	-72.102	2.81282507105459E-5
394726.56	71.912	3.25613055611789E-5
394799.80	34.079	3.06753821338166E-5
394873.05	73.794	3.50038195702556E-5
394946.29	119.013	4.95547185138861E-5
395019.53	73.236	4.0884874540075E-5
395092.77	131.094	6.47138682912814E-5
395166.02	130.731	3.83911325823123E-5
395239.26	122.131	4.63221701062984E-5
395312.50	150.651	7.41772050905192E-5
395385.74	160.181	6.4767690060154E-5
395458.98	155.292	6.32684619922818E-5
395532.23	-176.631	6.95009795973895E-5
395605.47	-172.638	7.09152600541496E-5
395678.71	-167.510	5.68221703734593E-5
395751.95	147.480	3.27822125804069E-5
395825.20	-106.038	5.69730442476483E-5
395898.44	-177.441	6.62437898980287E-5
395971.68	-158.417	7.27326633982484E-5
396044.92	-127.640	8.22024847479528E-5
396118.16	-118.567	9.12497295589186E-5
396191.41	-93.429	8.48138132208426E-5
396264.65	-86.728	8.90305002375743E-5
396337.89	-56.075	0.000111653799905362
396411.13	-37.525	8.14703790002764E-5
396484.38	-16.732	0.000116423186773528
396557.62	-21.976	9.64535813083453E-5
396630.86	-2.374	6.99025894229527E-5
396704.10	34.447	0.000116585516686875
396777.34	13.142	6.16107947413429E-5
396850.59	46.681	9.9462196573154E-5
396923.83	54.969	9.10966941679074E-5
396997.07	62.939	0.000115981805038437
397070.31	80.694	9.84910270649432E-5
397143.55	99.324	0.000127534463998005
397216.80	116.855	9.07324785833681E-5
397290.04	102.096	0.000130951605942208
397363.28	114.367	0.000115868973860318
397436.52	149.688	0.000120725902159783
397509.77	158.658	0.000117947056133174
397583.01	159.238	0.000110129498242353
397656.25	-171.571	9.60487292075488E-5
397729.49	-168.785	9.90415653995555E-5
397802.73	-168.362	0.000106065198161585
397875.98	-170.155	0.000124383404774614
397949.22	-153.377	0.000120725037553054
398022.46	-118.562	0.000138205440245801
398095.70	-93.357	0.00013302644593983
398168.95	-55.479	8.65419459201849E-5
398242.19	-53.248	0.000104661292985572
398315.43	-22.261	0.000103226261967319
398388.67	13.381	0.000106751695904313
398461.91	28.778	9.99939297114132E-5
398535.16	60.715	9.26717914762386E-5
398608.40	85.901	0.000127613143210333
398681.64	124.568	0.000134355778785478
398754.88	128.269	0.000143517367836338
398828.13	160.300	0.000142281628669091
398901.37	178.072	0.000143116406465821
398974.61	-170.261	7.28450622730024E-5
399047.85	-145.076	8.51700311931398E-5
399121.09	-140.820	8.36245466652727E-5
399194.34	-98.802	6.3957985858561E-5
399267.58	-91.000	3.56339017239245E-5
399340.82	-63.715	3.66351163159638E-5
399414.06	-27.385	7.20617285766401E-5
399487.30	45.696	8.23875105879324E-5
399560.55	88.662	0.000103103055508454
399633.79	104.472	0.000108409363155252
399707.03	125.523	0.000177173481667957
399780.27	124.563	0.000170504769968131
399853.52	151.951	0.000156239623548394
399926.76	167.479	0.000156222331413816
400000.00	172.909	0.000193051984243777
