262801.37	-8.645	0.015930106412282
262802.73	-16.832	0.0147228668443356
262804.10	-13.498	0.0148159076067334
262805.47	-14.413	0.0147017540126231
262806.84	-13.823	0.0147675345894662
262808.20	-13.128	0.0146576590694504
262809.57	-12.731	0.0147466093774139
262810.94	-12.086	0.0148139471109756
262812.30	-11.696	0.0147061795021649
262813.67	-11.146	0.0146611559713654
262815.04	-10.976	0.0146720342370764
262816.41	-10.483	0.0146192979819519
262817.77	-9.759	0.0146465410915238
262819.14	-9.030	0.0145611412910925
262820.51	-9.072	0.0145559160403265
262821.88	-8.354	0.0146239487015466
262823.24	-7.618	0.0145385290151605
262824.61	-7.778	0.0146007139087698
262825.98	-6.976	0.0144288290103107
262827.34	-6.755	0.0145934283001689
262828.71	-5.675	0.0144251836121901
262830.08	-5.637	0.0144989254877926
262831.45	-5.191	0.0143725939079061
262832.81	-4.038	0.0144854004447328
262834.18	-4.691	0.0144306500882334
262835.55	-2.997	0.0142428041172559
262836.91	-3.362	0.0144023106573293
262838.28	-2.096	0.0141668680859271
262839.65	-2.430	0.0143060209189961
262841.02	-1.542	0.0141971247822525
262842.38	-0.920	0.014290167057712
262843.75	-0.473	0.0141409562545661
262845.12	0.241	0.0140868965026914
262846.48	0.498	0.0141041791265949
262847.85	0.898	0.0139843612776521
262849.22	1.042	0.0139914171170148
262850.59	2.062	0.0140442117330934
262851.95	2.749	0.0140084433850232
262853.32	2.710	0.0138305853509776
262854.69	3.476	0.0139204402537312
262856.05	4.125	0.0139306227271772
262857.42	4.644	0.0138485019477651
262858.79	5.096	0.0137692562018782
262860.16	5.934	0.0137851919846498
262861.52	6.690	0.0135645545065696
262862.89	6.882	0.0138540317562513
262864.26	7.598	0.0135922351071462
262865.63	8.047	0.0136693908824177
262866.99	8.692	0.0135035569341507
262868.36	8.826	0.0136377560029665
262869.73	9.629	0.0134872837386031
262871.09	10.248	0.0135113174279974
262872.46	10.523	0.0134310482038952
262873.83	10.554	0.0134086933646167
262875.20	12.105	0.0134477465698017
262876.56	12.212	0.0132787166027613
262877.93	13.223	0.0133558760526114
262879.30	13.073	0.0130315955721205
262880.66	13.726	0.0133342355946427
262882.03	15.025	0.0130293261956089
262883.40	14.951	0.0131881120859738
262884.77	15.788	0.0129783615196719
262886.13	16.559	0.0129918193395585
262887.50	16.609	0.0129131020845347
262888.87	17.427	0.0128938250290593
262890.23	18.293	0.0129041497303122
262891.60	18.772	0.0127011443934056
262892.97	18.960	0.0128505743743574
262894.34	19.321	0.0125731184004822
262895.70	20.585	0.0128031813888174
262897.07	20.593	0.0124792912782645
262898.44	21.709	0.0125421261399823
262899.80	21.992	0.0125175732542473
262901.17	23.099	0.0123816897153719
262902.54	23.267	0.0124203685458433
262903.91	24.240	0.0122500479371084
262905.27	25.127	0.012298764203247
262906.64	24.233	0.012155103742997
262908.01	25.686	0.0122107184900736
262909.38	26.322	0.0120997101190913
262910.74	26.895	0.0121057182712503
262912.11	28.135	0.0119757737159955
262913.48	27.951	0.0118874037752988
262914.84	28.777	0.0118498543373671
262916.21	29.452	0.0118068083783082
262917.58	30.273	0.0117492811211473
262918.95	30.840	0.011554216116287
262920.31	31.817	0.0115715986022677
262921.68	31.336	0.011696171355916
262923.05	33.830	0.0115132309473664
262924.41	32.781	0.0114373418209527
262925.78	34.857	0.0113901096522643
262927.15	34.151	0.0112868874971789
262928.52	35.889	0.0112293258719006
262929.88	36.180	0.0112127204512175
262931.25	36.844	0.0111085044306973
262932.62	37.718	0.0110658905588511
262933.98	38.799	0.0109502221737519
262935.35	38.155	0.0108645420245887
262936.72	39.903	0.0108073314296423
262938.09	40.079	0.0109222776519712
262939.45	41.148	0.0107316686140399
262940.82	42.323	0.0106706626117054
262942.19	42.251	0.0105824926113147
262943.55	43.691	0.0105028061321478
262944.92	43.530	0.0105406919020971
262946.29	45.180	0.0104109831683277
262947.66	46.430	0.0102216652043942
262949.02	46.055	0.0102747976655522
262950.39	46.509	0.0102855635323885
262951.76	48.523	0.00999591422596768
262953.13	47.588	0.0100919716012425
262954.49	49.362	0.0100044485428367
262955.86	49.748	0.00982990886941662
262957.23	51.001	0.00984287861880482
262958.59	52.057	0.00978530207906042
262959.96	52.361	0.00969231340921804
262961.33	52.735	0.00974109235934445
262962.70	53.867	0.00961784569626662
262964.06	54.651	0.00952536195675392
262965.43	55.570	0.00936293974663901
262966.80	56.593	0.00938771353939319
262968.16	58.129	0.00936035262715453
262969.53	57.854	0.00913604489351017
262970.90	58.775	0.0091613288042344
262972.27	59.828	0.00899943486883083
262973.63	61.129	0.00898388037762666
262975.00	60.525	0.00893160517404036
262976.37	63.248	0.00880691094314671
262977.73	63.203	0.00883319174542933
262979.10	64.288	0.00882004669702686
262980.47	65.402	0.00863899329266306
262981.84	65.925	0.00865511021054437
262983.20	67.402	0.00845954459838807
262984.57	68.036	0.00835807111041187
262985.94	69.104	0.00842538225731669
262987.30	68.876	0.00832211211655788
262988.67	71.623	0.00818137208168638
262990.04	71.880	0.00823967813335827
262991.41	73.170	0.0080966827718345
262992.77	73.969	0.00795696837669512
262994.14	74.756	0.00803361597936173
262995.51	76.232	0.00792980308172886
262996.88	76.987	0.00781604309983196
262998.24	78.718	0.00771465823404546
262999.61	78.659	0.00776063218379171
263000.98	79.719	0.00760566590980327
263002.34	82.261	0.00751112440627583
263003.71	82.325	0.0074180672163502
263005.08	83.609	0.00760120280986881
263006.45	84.425	0.00742389034266918
263007.81	85.993	0.00728676760619962
263009.18	87.965	0.00731680490856752
263010.55	88.427	0.00717922436283502
263011.91	89.690	0.00719585766708515
263013.28	90.645	0.00702432336665461
263014.65	92.176	0.00704864821236482
263016.02	93.412	0.00703982317148318
263017.38	93.041	0.00693220600424326
263018.75	96.112	0.00694289081419872
263020.12	96.682	0.00669586424184304
263021.48	99.441	0.00673765025274628
263022.85	99.125	0.00679770670074079
263024.22	100.902	0.00666941030206296
263025.59	102.856	0.00672802674755052
263026.95	103.947	0.00656512468070109
263028.32	105.510	0.00658745487868778
263029.69	106.592	0.00670897492212804
263031.05	108.690	0.00645156463911023
263032.42	108.406	0.00635964613624653
263033.79	111.037	0.00648906457830676
263035.16	112.268	0.00644273181676803
263036.52	113.330	0.00628163267109998
263037.89	116.196	0.00636994036011222
263039.26	117.377	0.00629048689245873
263040.63	118.057	0.00623220094289328
263041.99	120.154	0.00615605200215756
263043.36	121.674	0.00623943035205678
263044.73	124.509	0.00626343767094582
263046.09	125.162	0.00619084312847251
263047.46	126.897	0.0064020894644154
263048.83	125.689	0.00611535150500241
263050.20	130.656	0.00628403541319953
263051.56	130.988	0.00619229069628833
263052.93	131.804	0.0061196732417367
263054.30	134.651	0.00617247888155117
263055.66	135.418	0.00619625081125827
263057.03	137.562	0.00613186225124873
263058.40	139.587	0.00617248385303986
263059.77	139.789	0.0061204574400398
263061.13	143.353	0.00626610541500777
263062.50	142.174	0.00625625646360745
263063.87	145.362	0.00604452594789639
263065.23	147.154	0.00635584532506639
263066.60	148.359	0.0061805393939328
263067.97	149.902	0.00640677779440274
263069.34	151.741	0.00628836147296747
263070.70	152.782	0.00637031041179218
263072.07	154.918	0.0064161873094331
263073.44	156.536	0.00630764522914497
263074.80	157.168	0.0065343358189341
263076.17	161.000	0.00652162458695784
263077.54	159.856	0.00640822017457819
263078.91	163.635	0.00659422993701526
263080.27	163.363	0.00662090953915157
263081.64	165.355	0.00671584573565074
263083.01	166.467	0.00672191224876391
263084.38	168.369	0.00666508683611521
263085.74	170.762	0.00690819911765759
263087.11	170.918	0.00701445863618149
263088.48	171.885	0.00691362495718465
263089.84	175.603	0.00700997824411245
263091.21	175.566	0.00712715147722328
263092.58	176.703	0.00718416926486914
263093.95	178.397	0.00715093291760439
263095.31	179.301	0.00730426227490339
263096.68	-178.118	0.00741627380584282
263098.05	-177.622	0.00743055516363873
263099.41	-175.972	0.00749819205112866
263100.78	-174.927	0.00778019823406619
263102.15	-173.641	0.0076924127675182
263103.52	-173.526	0.00775723514395395
263104.88	-171.127	0.00784251476404998
263106.25	-169.813	0.00791932404817488
263107.62	-169.041	0.0079719502820931
263108.98	-167.771	0.00804983556929209
263110.35	-166.348	0.00825540878818346
263111.72	-164.681	0.00833650933165546
263113.09	-164.284	0.00846680837566905
263114.45	-163.777	0.0084411831614386
263115.82	-161.071	0.0084795464104539
263117.19	-160.929	0.00868284398443487
263118.55	-158.822	0.00883298942745478
263119.92	-158.982	0.00889583466445327
263121.29	-157.088	0.00902889202008366
263122.66	-156.658	0.00911450689143881
263124.02	-155.867	0.00926289761510246
263125.39	-155.097	0.00922222932454797
263126.76	-153.203	0.00942424490290169
263128.13	-151.636	0.00947908474619752
263129.49	-151.687	0.00956303914032986
263130.86	-149.687	0.009758690564704
263132.23	-149.566	0.0100546949467337
263133.59	-148.414	0.0099802516589224
263134.96	-147.186	0.0100162815505281
263136.33	-146.711	0.0102372547121709
263137.70	-145.655	0.0103216260628982
263139.06	-144.271	0.0104539344529497
263140.43	-143.472	0.0106087976225858
263141.80	-143.508	0.0106369176595324
263143.16	-141.691	0.0108899774576422
263144.53	-141.016	0.0109357313649759
263145.90	-140.160	0.0109103376491971
263147.27	-138.721	0.0112429994111661
263148.63	-138.363	0.0113742207744077
263150.00	-137.880	0.0114810446649739
263151.37	-137.001	0.0115398936896715
263152.73	-135.760	0.0115638009303317
263154.10	-134.501	0.011847008484319
263155.47	-134.329	0.0119446969401878
263156.84	-132.853	0.0121362795252959
263158.20	-132.396	0.0122549288582446
263159.57	-132.189	0.0124026990104286
263160.94	-130.724	0.0124502618911908
263162.30	-130.413	0.0126519800448298
263163.67	-128.955	0.0128107613960094
263165.04	-128.520	0.0131581491397846
263166.41	-128.296	0.0129413511640356
263167.77	-126.382	0.0130253509500212
263169.14	-126.403	0.0133608330591398
263170.51	-125.818	0.0134595612046001
263171.88	-124.747	0.0135574294986686
263173.24	-123.518	0.0136485767723301
263174.61	-123.464	0.0138619180503771
263175.98	-122.377	0.0139750829666928
263177.34	-121.436	0.0141212989882817
263178.71	-121.113	0.0143908340837619
263180.08	-120.400	0.0143812142531447
263181.45	-119.866	0.0145471143438265
263182.81	-118.746	0.0145953870667132
263184.18	-117.941	0.0148771042548516
263185.55	-117.562	0.0149055122058389
263186.91	-116.651	0.0151367594892409
263188.28	-115.803	0.0152787246718472
263189.65	-115.414	0.0154091019627698
263191.02	-114.506	0.0157029072175846
263192.38	-114.829	0.015733317597756
263193.75	-112.941	0.0158723777017533
263195.12	-112.598	0.0159764912663762
263196.48	-112.159	0.0161552266600998
263197.85	-110.998	0.0162669286618303
263199.22	-110.657	0.0165673734478679
263200.59	-109.496	0.0167202253261009
263201.95	-109.369	0.0166704743418595
263203.32	-108.648	0.0169703886916689
263204.69	-108.235	0.017177380946354
263206.05	-107.063	0.0172287764125937
263207.42	-106.860	0.0174161107525394
263208.79	-106.246	0.0175320549471851
263210.16	-105.353	0.0176748856011271
263211.52	-104.728	0.0178949597879235
263212.89	-104.243	0.0180223275989745
263214.26	-103.408	0.01821037761714
263215.63	-102.797	0.0183360369652948
263216.99	-102.341	0.018516595598458
263218.36	-101.530	0.0186683198133648
263219.73	-100.949	0.0188284832384005
263221.09	-100.132	0.0189273572862464
263222.46	-99.686	0.0191256435996268
263223.83	-99.325	0.0192942151089491
263225.20	-98.332	0.01936228127368
263226.56	-97.785	0.0194189102044495
263227.93	-96.640	0.0198381720571412
263229.30	-96.466	0.0200606539575258
263230.66	-95.872	0.0201558480229819
263232.03	-95.249	0.020314988834409
263233.40	-94.652	0.020488859950676
263234.77	-94.225	0.0205699310975192
263236.13	-93.598	0.0205656244914027
263237.50	-92.308	0.0209811992286991
263238.87	-92.246	0.0211461845654617
263240.23	-91.770	0.0213656144040934
263241.60	-91.016	0.0213104341218981
263242.97	-90.397	0.0216254507735925
263244.34	-89.809	0.0216824743973338
263245.70	-88.986	0.0218271371529342
263247.07	-88.496	0.0220847143050507
263248.44	-87.758	0.0222962340728716
263249.80	-87.298	0.0224404586890121
263251.17	-87.030	0.0226384497391946
263252.54	-86.428	0.0226382169438329
263253.91	-85.375	0.0228103091317552
263255.27	-84.999	0.0230497427278179
263256.64	-84.517	0.0232070602998055
263258.01	-83.672	0.0233439290580485
263259.38	-83.110	0.0235286780077232
263260.74	-82.207	0.0237523377186242
263262.11	-81.922	0.0240577323781846
263263.48	-81.308	0.0242346395609801
263264.84	-80.882	0.0243696277995877
263266.21	-80.289	0.0244844028297843
263267.58	-79.905	0.0246837863291037
263268.95	-79.231	0.0248120777562928
263270.31	-78.791	0.0249179272350755
263271.68	-78.036	0.0250757112623934
263273.05	-77.398	0.0251761679728564
263274.41	-76.671	0.0254193364538362
263275.78	-76.060	0.0255054045952689
263277.15	-75.513	0.025781738958065
263278.52	-74.845	0.0259385174477572
263279.88	-74.384	0.0262463003672544
263281.25	-73.928	0.0263592331366635
263282.62	-73.303	0.0264799013263241
263283.98	-71.990	0.0267838071330973
263285.35	-71.594	0.0268897221058398
263286.72	-71.377	0.0270935470899254
263288.09	-70.938	0.0272094558356952
263289.45	-70.426	0.0273691564799793
263290.82	-69.617	0.02751593038906
263292.19	-69.221	0.0276342526845135
263293.55	-68.586	0.027795886805595
263294.92	-67.956	0.0279839409306425
263296.29	-67.462	0.0282819103476153
263297.66	-66.764	0.0283369574803744
263299.02	-66.377	0.0285322012426758
263300.39	-65.759	0.0288515538971155
263301.76	-65.221	0.0288798111903803
263303.13	-64.441	0.029046658241582
263304.49	-63.714	0.0292859491775344
263305.86	-63.340	0.0294963832154555
263307.23	-62.623	0.0296618611619019
263308.59	-62.356	0.0298148308428017
263309.96	-61.269	0.030034713303056
263311.33	-61.299	0.030220129296822
263312.70	-60.261	0.0303746660774179
263314.06	-59.961	0.0306895912969507
263315.43	-59.426	0.0308026375459929
263316.80	-58.749	0.0309835080860335
263318.16	-58.308	0.0312212280315596
263319.53	-57.650	0.0312598098099256
263320.90	-57.053	0.0315402309525774
263322.27	-56.372	0.0316582981890459
263323.63	-55.769	0.031903162812276
263325.00	-55.156	0.0320060953241072
263326.37	-54.726	0.0322493556695519
263327.73	-54.011	0.0323773429713242
263329.10	-53.564	0.0326503691326239
263330.47	-52.942	0.0328129636156295
263331.84	-52.333	0.032828818557672
263333.20	-51.675	0.032996241436955
263334.57	-50.858	0.0333401856682808
263335.94	-50.698	0.0335768425798337
263337.30	-50.063	0.0336917602701406
263338.67	-49.536	0.033741392154805
263340.04	-48.624	0.0340829245656605
263341.41	-48.244	0.0342076032336331
263342.77	-47.546	0.0345909890947167
263344.14	-47.149	0.0345085494915734
263345.51	-46.434	0.0348486155294167
263346.88	-46.031	0.0348830177988554
263348.24	-45.359	0.0351560629815032
263349.61	-44.590	0.0352503325662144
263350.98	-43.932	0.0355879887289527
263352.34	-43.497	0.0357771694365679
263353.71	-42.949	0.0359627615939549
263355.08	-42.261	0.0361160639322936
263356.45	-41.669	0.0363359617393174
263357.81	-41.247	0.0364986565167036
263359.18	-40.708	0.0367081308411556
263360.55	-39.900	0.0368715992254125
263361.91	-39.500	0.0369702400455932
263363.28	-38.879	0.0372390566528817
263364.65	-38.202	0.0372942408258073
263366.02	-37.685	0.0377266423231094
263367.38	-37.270	0.0377082849930419
263368.75	-36.418	0.0377832632562667
263370.12	-35.740	0.0382383394973369
263371.48	-35.360	0.0382616856082301
263372.85	-34.576	0.0385378835793147
263374.22	-34.087	0.0388500470288037
263375.59	-33.758	0.0388948548402244
263376.95	-32.717	0.0389509611162264
263378.32	-32.023	0.0393708331651169
263379.69	-31.713	0.0395206922071579
263381.05	-31.003	0.0395633473639753
263382.42	-30.345	0.0397282672067783
263383.79	-29.741	0.0400393047221547
263385.16	-29.193	0.0402420908812555
263386.52	-28.474	0.0403796742369599
263387.89	-27.915	0.0405540850839774
263389.26	-27.349	0.0407148373061955
263390.63	-26.430	0.0412798493736008
263391.99	-26.126	0.0413523377855982
263393.36	-25.658	0.0413692650561361
263394.73	-24.958	0.041427205811465
263396.09	-24.368	0.041692757231442
263397.46	-23.734	0.0418328667518564
263398.83	-22.997	0.042100660961688
263400.20	-22.644	0.0421518670790541
263401.56	-21.883	0.0425166440095121
263402.93	-21.508	0.0425762906339171
263404.30	-20.636	0.0426377851390534
263405.66	-19.780	0.0429181178756672
263407.03	-19.332	0.0433556270372202
263408.40	-19.089	0.0433078086651695
263409.77	-18.361	0.0433566096627675
263411.13	-17.616	0.0435345675588902
263412.50	-16.805	0.0437099854565952
263413.87	-16.354	0.0440883014799724
263415.23	-15.836	0.0441641447822295
263416.60	-15.208	0.0442627343744615
263417.97	-14.435	0.0445168243514888
263419.34	-13.871	0.0447064302294629
263420.70	-13.289	0.0449658554784624
263422.07	-12.595	0.0451345268498619
263423.44	-11.823	0.0452082181459708
263424.80	-11.340	0.0454555665681813
263426.17	-10.679	0.0456084452492229
263427.54	-9.944	0.0457778206266514
263428.91	-9.531	0.0458638159249673
263430.27	-8.895	0.0461162603392378
263431.64	-8.109	0.0463238675454588
263433.01	-7.628	0.046463328394675
263434.38	-6.804	0.0467423668150156
263435.74	-6.490	0.0468988044335049
263437.11	-5.613	0.0469630754069993
263438.48	-4.949	0.0472875223242856
263439.84	-4.421	0.047356857299391
263441.21	-3.726	0.0475732095703713
263442.58	-3.247	0.0476626857753776
263443.95	-2.503	0.0478830480923664
263445.31	-1.844	0.0480154766627532
263446.68	-1.321	0.0481766828035039
263448.05	-0.615	0.0484128425661877
263449.41	0.059	0.0485427490787464
263450.78	0.721	0.0486682633891224
263452.15	1.313	0.0487833821004937
263453.52	1.970	0.0491060511701937
263454.88	2.501	0.0492438859103045
263456.25	3.127	0.0494032342273466
263457.62	3.878	0.0494319769972897
263458.98	4.630	0.0496974384981668
263460.35	5.219	0.0497012838365935
263461.72	6.049	0.0498825317774712
263463.09	6.575	0.0502131770603968
263464.45	7.025	0.0503305577991225
263465.82	7.656	0.0504679898486494
263467.19	8.424	0.0505332665759211
263468.55	9.149	0.0508377897118988
263469.92	9.787	0.050886829989409
263471.29	10.547	0.051051769502015
263472.66	11.183	0.0512280440088366
263474.02	11.861	0.051384314974379
263475.39	12.470	0.0514668042924092
263476.76	13.006	0.0516689084929527
263478.13	13.656	0.051732590453113
263479.49	14.335	0.0519982825878351
263480.86	14.943	0.0520514896213234
263482.23	15.624	0.0521880946745141
263483.59	16.363	0.0522343159017848
263484.96	17.063	0.0525491713043242
263486.33	17.661	0.0526198693319377
263487.70	18.467	0.0528464821071212
263489.06	18.838	0.0529080812296717
263490.43	19.767	0.0529671723442535
263491.80	20.340	0.053291799964346
263493.16	21.530	0.0537711333956499
263494.53	21.862	0.0535027992389161
263495.90	22.566	0.0536200872485702
263497.27	23.115	0.0537266601870333
263498.63	23.768	0.0538856449369459
263500.00	24.342	0.0540661860618228
263501.37	24.962	0.0540588952655816
263502.73	25.689	0.054169919199485
263504.10	26.379	0.0542834463860201
263505.47	27.107	0.054454476404576
263506.84	27.692	0.0546425644654377
263508.20	28.399	0.0547109513992649
263509.57	29.070	0.0548189286752074
263510.94	29.706	0.054929687174845
263512.30	30.376	0.0550943694669492
263513.67	31.068	0.0551879372071482
263515.04	31.838	0.0553553758655041
263516.41	32.507	0.0555802650471736
263517.77	33.482	0.0556735349303545
263519.14	34.083	0.0558455023987562
263520.51	34.508	0.0558603446701675
263521.88	35.280	0.0559062239454769
263523.24	35.846	0.0560363777355601
263524.61	36.591	0.0561040948153241
263525.98	37.290	0.0561783113600208
263527.34	37.979	0.0563218276470987
263528.71	38.598	0.056388755557071
263530.08	39.408	0.0564903425246803
263531.45	39.931	0.0566550204937509
263532.81	40.630	0.0567331353340364
263534.18	41.222	0.056780444236572
263535.55	41.890	0.0568162504111867
263536.91	42.757	0.0568775097432927
263538.28	43.381	0.0571655917338658
263539.65	44.155	0.0571994778330873
263541.02	44.869	0.057425319811372
263542.38	45.498	0.0573613713361875
263543.75	46.223	0.0575093245688463
263545.12	46.752	0.0574680281415033
263546.48	47.507	0.0576217645124199
263547.85	48.207	0.0577479702920273
263549.22	48.970	0.0578059895104169
263550.59	49.756	0.0578842310155882
263551.95	50.439	0.0579711177234415
263553.32	51.146	0.0580239687551092
263554.69	51.789	0.0581327959394662
263556.05	52.514	0.058176720771265
263557.42	53.198	0.0582753466769797
263558.79	53.848	0.0583205837656412
263560.16	54.553	0.0583632036897345
263561.52	55.213	0.058486246521776
263562.89	55.794	0.0584571241894789
263564.26	56.587	0.0585354871718956
263565.63	57.345	0.0584981450234271
263566.99	57.981	0.058603969860918
263568.36	58.751	0.0586350518243661
263569.73	59.380	0.0587669441224293
263571.09	60.050	0.0587599849028686
263572.46	60.964	0.0588045763464554
263573.83	61.595	0.0590546776764906
263575.20	62.200	0.0591653842997245
263576.56	62.799	0.0590677334542483
263577.93	63.588	0.0591273828886252
263579.30	64.289	0.0592127022806308
263580.66	64.962	0.0593155370919016
263582.03	65.741	0.0592055949971677
263583.40	66.555	0.0593190562574398
263584.77	67.169	0.0593182880543612
263586.13	67.814	0.0593003306049058
263587.50	68.489	0.0593408780666699
263588.87	69.280	0.0594973204404962
263590.23	70.053	0.0595392393846841
263591.60	70.722	0.0595355224403566
263592.97	71.406	0.0595806860374462
263594.34	72.079	0.0594787400418927
263595.70	72.823	0.0595473608518401
263597.07	73.466	0.0596200113775991
263598.44	74.170	0.0595416328322613
263599.80	74.899	0.059706429684757
263601.17	75.604	0.0596460081565713
263602.54	76.272	0.0597112680240118
263603.91	77.006	0.0597137803550143
263605.27	77.565	0.0596953553694702
263606.64	78.369	0.0596407267063679
263608.01	79.161	0.0598565818284791
263609.38	79.874	0.059799139735081
263610.74	80.642	0.0597946874427307
263612.11	81.253	0.0597562710204015
263613.48	82.078	0.0597504083383247
263614.84	82.591	0.0598243045462283
263616.21	83.327	0.0598477142057161
263617.58	84.009	0.0599811675512283
263618.95	84.781	0.0599397585088588
263620.31	85.577	0.0599089045854355
263621.68	86.221	0.0599310272778072
263623.05	86.758	0.0598581024555635
263624.41	87.497	0.0598279330845178
263625.78	88.317	0.0599141843064254
263627.15	89.600	0.0598324672983557
263628.52	89.949	0.0597261329913497
263629.88	90.418	0.0598676008089353
263631.25	91.060	0.0598635650408765
263632.62	91.739	0.0598593857481008
263633.98	92.392	0.0597431836844982
263635.35	93.198	0.0597128329621911
263636.72	93.862	0.0597083657553747
263638.09	94.532	0.0596414780496153
263639.45	95.285	0.0597899254050197
263640.82	96.006	0.0596981817688669
263642.19	96.819	0.0596983140536964
263643.55	97.509	0.0597475903688436
263644.92	98.211	0.0596746288008139
263646.29	98.999	0.0595327263021954
263647.66	99.696	0.0594634810300381
263649.02	100.476	0.0594649605883029
263650.39	101.010	0.0594535499409985
263651.76	101.644	0.0595430741316783
263653.13	102.270	0.0594566119457289
263654.49	102.982	0.0594011675261779
263655.86	103.733	0.0594230926559121
263657.23	104.439	0.0594451204576954
263658.59	105.173	0.0593948068306252
263659.96	105.825	0.0592910814744236
263661.33	106.656	0.0592817800352344
263662.70	107.375	0.0591982216309839
263664.06	108.034	0.0591263829709433
263665.43	108.590	0.0590790518047844
263666.80	109.387	0.0591427158243551
263668.16	110.035	0.0591467116043526
263669.53	110.801	0.0591027128486785
263670.90	111.551	0.0591027651573856
263672.27	112.206	0.0590392509309306
263673.63	112.895	0.0587973242413652
263675.00	113.599	0.058932804873505
263676.37	114.202	0.0587645770453573
263677.73	114.995	0.0586820146680585
263679.10	115.644	0.0586980565813061
263680.47	116.337	0.0585305329753391
263681.84	117.114	0.0584483786924163
263683.20	117.829	0.0584922155504804
263684.57	118.475	0.058585916223964
263685.94	119.186	0.0584591754689431
263687.30	119.862	0.0582816760305384
263688.67	120.605	0.0582111837793264
263690.04	121.171	0.0581698810835845
263691.41	122.001	0.0581002452253375
263692.77	122.695	0.0580324909674841
263694.14	123.349	0.0580234940860151
263695.51	124.041	0.0579191879302434
263696.88	124.719	0.0580137508327874
263698.24	125.405	0.0578429049754647
263699.61	126.188	0.0577939420802567
263700.98	126.838	0.0576642411279478
263702.34	127.496	0.0576367686814411
263703.71	128.108	0.0577067214180544
263705.08	128.917	0.0575793933789129
263706.45	129.662	0.0576160457873634
263707.81	130.325	0.0574695794621266
263709.18	131.014	0.0574473344279027
263710.55	131.710	0.0572863770777381
263711.91	132.345	0.0571166020358492
263713.28	133.059	0.0570629436776484
263714.65	133.817	0.0571055754900841
263716.02	134.455	0.0571267743501661
263717.38	135.132	0.0571038285521885
263718.75	135.861	0.057013474987504
263720.12	136.572	0.0568191701881101
263721.48	137.285	0.0567224282604577
263722.85	137.854	0.0566710308488529
263724.22	138.467	0.0564970028064646
263725.59	139.100	0.0565051017938456
263726.95	139.900	0.0564453503358747
263728.32	141.010	0.0563129678057962
263729.69	141.441	0.0561132912047958
263731.05	141.964	0.0560169121958178
263732.42	142.600	0.0559819425282134
263733.79	143.201	0.0560923949570689
263735.16	143.834	0.0559168676866128
263736.52	144.568	0.0558625807593201
263737.89	145.316	0.0558947927637628
263739.26	146.079	0.0557407740987492
263740.63	146.689	0.0556494219132929
263741.99	147.236	0.0555089516357208
263743.36	147.910	0.055382411469461
263744.73	148.650	0.0553610051037641
263746.09	149.437	0.0553127291386022
263747.46	150.056	0.0551817615374355
263748.83	150.669	0.055063257674569
263750.20	151.312	0.0549534701282879
263751.56	152.086	0.0549554170064896
263752.93	152.776	0.0547909698874157
263754.30	153.396	0.0547341799236429
263755.66	153.889	0.0547081980591368
263757.03	154.709	0.0546228347883397
263758.40	155.321	0.0544876355856902
263759.77	156.046	0.0543381044457512
263761.13	156.619	0.0543099022711653
263762.50	157.406	0.0541329144637924
263763.87	158.003	0.0541417200510226
263765.23	158.670	0.0538985937196209
263766.60	159.392	0.0537403134080407
263767.97	160.054	0.0538215672030554
263769.34	160.721	0.0538061101962599
263770.70	161.456	0.0537210601292504
263772.07	162.042	0.0536925157865516
263773.44	162.798	0.0536021012670927
263774.80	163.405	0.0534935196310468
263776.17	164.073	0.0533765028917539
263777.54	164.644	0.0532569331849423
263778.91	165.170	0.0530805473600043
263780.27	165.837	0.053037629578893
263781.64	166.468	0.0529543056992177
263783.01	167.205	0.0528645636276422
263784.38	167.807	0.052786137096631
263785.74	168.479	0.0525489013308731
263787.11	169.102	0.0524746873799966
263788.48	169.829	0.0524047441540574
263789.84	170.558	0.0524319397102592
263791.21	171.206	0.0523626624476529
263792.58	171.788	0.0523096871287679
263793.95	172.335	0.0522238926353648
263795.31	173.022	0.0519996199182929
263796.68	173.690	0.0520078913947164
263798.05	174.252	0.0518438990587819
263799.41	174.890	0.0516749594431447
263800.78	175.437	0.0516104898262543
263802.15	176.088	0.0515810305134847
263803.52	176.816	0.0514704844909507
263804.88	177.453	0.0513258053078224
263806.25	178.125	0.0511694169719167
263807.62	178.743	0.0510237127975113
263808.98	179.395	0.0509404753785089
263810.35	-179.991	0.0508711404034034
263811.72	-179.348	0.0507858670517062
263813.09	-178.716	0.0507120158033525
263814.45	-177.991	0.0506608118475032
263815.82	-177.295	0.050677610723942
263817.19	-176.715	0.050560889896302
263818.55	-176.067	0.0503814336367181
263819.92	-175.477	0.0502242626155711
263821.29	-174.907	0.0501940662255651
263822.66	-174.396	0.0500890547668543
263824.02	-173.699	0.0501056392208242
263825.39	-173.085	0.0499288543798809
263826.76	-172.294	0.0497376342811439
263828.13	-171.649	0.0497850065161225
263829.49	-171.150	0.0495681389395318
263830.86	-170.482	0.0493663550757814
263832.23	-169.788	0.0493688507631043
263833.59	-169.124	0.0492719875743581
263834.96	-168.706	0.0491598381386454
263836.33	-168.064	0.0490655274851146
263837.70	-167.272	0.0489378440926076
263839.06	-166.800	0.0487901990922476
263840.43	-166.280	0.0488310124205808
263841.80	-165.649	0.0487145269821228
263843.16	-165.069	0.0486689308655171
263844.53	-164.444	0.0485349490291419
263845.90	-163.899	0.0484706179654798
263847.27	-163.225	0.048401462828574
263848.63	-162.613	0.0482572118419282
263850.00	-161.884	0.0481910903938823
263851.37	-161.375	0.0480389464124086
263852.73	-160.719	0.0479400055736929
263854.10	-160.180	0.0479311504877275
263855.47	-159.530	0.0477920549348543
263856.84	-158.872	0.047771648702991
263858.20	-158.245	0.0476607077713336
263859.57	-157.712	0.0475516369840308
263860.94	-156.974	0.0474565434291069
263862.30	-156.182	0.0471300136742109
263863.67	-155.857	0.0470704625888494
263865.04	-155.306	0.047151387184852
263866.41	-154.629	0.0470456332451129
263867.77	-154.108	0.0468925263078949
263869.14	-153.538	0.0467052859939309
263870.51	-152.841	0.0467671179118432
263871.88	-152.267	0.0467134435584179
263873.24	-151.734	0.0464839040894571
263874.61	-151.068	0.0463983441206292
263875.98	-150.659	0.0463294412327365
263877.34	-149.963	0.046173950574767
263878.71	-149.436	0.0462526805827401
263880.08	-148.717	0.0462173086568551
263881.45	-148.038	0.0460327332769812
263882.81	-147.504	0.0459083961286666
263884.18	-147.105	0.045678017126572
263885.55	-146.553	0.0457334572230894
263886.91	-145.831	0.0456138365044808
263888.28	-145.252	0.0453990323118486
263889.65	-144.703	0.0452817927201713
263891.02	-144.324	0.0452621635536056
263892.38	-143.676	0.0452582393198149
263893.75	-142.918	0.0451339466987468
263895.12	-142.441	0.0449850067336587
263896.48	-142.011	0.0449757435533172
263897.85	-141.426	0.0448638580388085
263899.22	-140.735	0.044746374411882
263900.59	-140.192	0.0446489835968795
263901.95	-139.601	0.0445748271423505
263903.32	-139.129	0.0444196857854995
263904.69	-138.635	0.0443666255190033
263906.05	-137.954	0.0443864237161845
263907.42	-137.302	0.0441590183127823
263908.79	-136.830	0.0441288154382258
263910.16	-136.325	0.0441637059943146
263911.52	-135.671	0.0439421113965854
263912.89	-135.074	0.0437377849405971
263914.26	-134.744	0.0437465898793723
263915.63	-134.195	0.0437933504050902
263916.99	-133.472	0.0436564682454429
263918.36	-132.951	0.0435218446547231
263919.73	-132.509	0.0433912667750395
263921.09	-131.858	0.0433741678800659
263922.46	-131.167	0.0432702752224623
263923.83	-130.711	0.0430859421486242
263925.20	-130.258	0.0430109256265516
263926.56	-129.633	0.0429272889753921
263927.93	-129.182	0.0428369153086012
263929.30	-128.599	0.042882001955692
263930.66	-128.016	0.0427022065541187
263932.03	-127.456	0.0425422210219174
263933.40	-127.020	0.0424274766852597
263934.77	-126.634	0.0424136241724013
263936.13	-125.923	0.0423270236493753
263937.50	-125.331	0.0422543895511441
263938.87	-124.922	0.0421478598430174
263940.23	-124.341	0.042110736656203
263941.60	-123.773	0.0419746118920502
263942.97	-123.373	0.0419114707433988
263944.34	-122.726	0.0419258407233844
263945.70	-122.271	0.0416885537296778
263947.07	-121.594	0.0415559250028333
263948.44	-121.068	0.0414972888875427
263949.80	-120.620	0.0413583580422513
263951.17	-120.164	0.0413999583788595
263952.54	-119.812	0.0413527679274458
263953.91	-119.244	0.0412334122107996
263955.27	-118.671	0.0410460450157982
263956.64	-118.099	0.0409422515718167
263958.01	-117.480	0.0409030245806792
263959.38	-117.083	0.040764526254904
263960.74	-116.600	0.0407969516010571
263962.11	-115.921	0.0406349346753464
263963.48	-115.615	0.0404584945963362
263964.84	-114.713	0.0403583417951383
263966.21	-114.328	0.0403012226323535
263967.58	-113.696	0.0402392577811567
263968.95	-113.192	0.040119992848217
263970.31	-112.794	0.0400680591642886
263971.68	-112.330	0.0399493875677166
263973.05	-111.883	0.039959745988632
263974.41	-111.362	0.0400476172673978
263975.78	-110.739	0.0398157178543705
263977.15	-110.300	0.0397140896017899
263978.52	-109.938	0.0395893614350821
263979.88	-109.360	0.0396249216290824
263981.25	-108.856	0.0395199512391912
263982.62	-108.310	0.0394241353053454
263983.98	-107.845	0.039284526392227
263985.35	-107.561	0.0391116489252432
263986.72	-107.044	0.0390312707606931
263988.09	-106.550	0.0390984973922902
263989.45	-105.975	0.0389716111671872
263990.82	-105.504	0.0389365431505673
263992.19	-104.895	0.038756080488751
263993.55	-104.484	0.038723651684171
263994.92	-104.012	0.0386177944239277
263996.29	-103.601	0.038585948364283
263997.66	-103.057	0.0385292463742449
263999.02	-102.543	0.0384404795790596
264000.39	-101.975	0.0382510347340887
264001.76	-101.747	0.0381603485119653
264003.13	-101.234	0.0381106353542684
264004.49	-100.654	0.0381024183480688
264005.86	-100.065	0.0380183489612416
264007.23	-99.608	0.0378160865376667
264008.59	-99.315	0.0376811944865577
264009.96	-98.962	0.0376850707346749
264011.33	-98.456	0.037743268494354
264012.70	-98.018	0.0376292212468714
264014.06	-97.407	0.0375059648569679
264015.43	-96.924	0.0373571530698273
264016.80	-96.533	0.0373609953821304
264018.16	-96.023	0.0371938854904832
264019.53	-95.469	0.037149492257989
264020.90	-95.149	0.0371078783038248
264022.27	-94.713	0.0371052769183293
264023.63	-94.072	0.0369702808982611
264025.00	-93.781	0.0368684501115542
264026.37	-93.237	0.0369088194643322
264027.73	-92.772	0.036706075022506
264029.10	-92.229	0.0366719258666873
264030.47	-91.744	0.0364786274695258
264031.84	-91.461	0.0364975837559047
264033.20	-91.019	0.0364285853289685
264034.57	-90.667	0.0363305929638344
264035.94	-90.173	0.0362690115657218
264037.30	-89.850	0.036111634984325
264038.67	-89.347	0.0362120839133275
264040.04	-88.806	0.0360477673498696
264041.41	-88.414	0.0359405174243378
264042.77	-88.054	0.0359715492405956
264044.14	-87.577	0.0358574377960634
264045.51	-87.158	0.0358519360872958
264046.88	-86.696	0.0357854646896764
264048.24	-86.273	0.0355963994070595
264049.61	-85.925	0.0355757433038516
264050.98	-85.597	0.0354899671833415
264052.34	-85.119	0.0354562734591172
264053.71	-84.524	0.0353132251404313
264055.08	-84.083	0.0352092685019297
264056.45	-83.774	0.0352237467739081
264057.81	-83.218	0.0351531812472758
264059.18	-83.019	0.03496023950039
264060.55	-82.472	0.0350213531462622
264061.91	-82.114	0.0348602237393586
264063.28	-81.796	0.0347836697303704
264064.65	-81.348	0.034850732086689
264066.02	-80.541	0.0347475754255634
264067.38	-80.448	0.0345644783070442
264068.75	-79.868	0.0346310536736228
264070.12	-79.383	0.0344259821427858
264071.48	-78.999	0.0344236924480161
264072.85	-78.643	0.0343274764174065
264074.22	-78.203	0.0341707740131065
264075.59	-78.099	0.034157384064848
264076.95	-77.577	0.034207338663974
264078.32	-77.047	0.034111676630126
264079.69	-76.579	0.0340814906154007
264081.05	-76.232	0.0339478725623066
264082.42	-75.914	0.0338712844013527
264083.79	-75.486	0.0338164726577755
264085.16	-75.048	0.0337782929215384
264086.52	-74.691	0.0337689024278561
264087.89	-74.168	0.033628672943258
264089.26	-73.787	0.0335740987503796
264090.63	-73.416	0.0333764513813718
264091.99	-72.981	0.0334694132484056
264093.36	-72.465	0.0332992437296966
264094.73	-72.454	0.0332391769064214
264096.09	-71.959	0.033356778119863
264097.46	-71.349	0.0331990001447922
264098.83	-71.021	0.0330094662453283
264100.20	-70.626	0.0330036165323524
264101.56	-70.029	0.0329079836789814
264102.93	-70.029	0.0328353833004127
264104.30	-69.392	0.0328934874664134
264105.66	-68.937	0.0326758754634291
264107.03	-68.803	0.0325932026326207
264108.40	-68.399	0.0325171773306472
264109.77	-67.998	0.0325238079996509
264111.13	-67.617	0.0324323717311902
264112.50	-67.368	0.0325063831479405
264113.87	-66.756	0.0325030168016416
264115.23	-66.217	0.0323243363104452
264116.60	-66.131	0.0321576835796059
264117.97	-65.749	0.032243584203485
264119.34	-65.237	0.0322271802361697
264120.70	-64.741	0.0320471963503295
264122.07	-64.385	0.0319624689977816
264123.44	-64.080	0.031910227946161
264124.80	-63.611	0.0318235107012266
264126.17	-63.359	0.0316918559538621
264127.54	-63.143	0.0316799509676605
264128.91	-62.628	0.0316438927601844
264130.27	-62.201	0.0315483997569518
264131.64	-61.689	0.0315361694624685
264133.01	-61.615	0.0314649206803687
264134.38	-61.034	0.0314872389900129
264135.74	-60.544	0.0312539127597313
264137.11	-60.474	0.031148967659587
264138.48	-60.091	0.0311597000229125
264139.84	-59.417	0.0310998290330614
264141.21	-59.401	0.0311189098228093
264142.58	-58.866	0.0310123329936159
264143.95	-58.462	0.0310480628666867
264145.31	-58.023	0.0309543749461523
264146.68	-57.621	0.0308796614687382
264148.05	-57.285	0.0307675652063394
264149.41	-57.155	0.0307910366852082
264150.78	-56.797	0.0306978822270256
264152.15	-56.265	0.0306034256711092
264153.52	-56.043	0.0305369765371131
264154.88	-55.480	0.0304859993243785
264156.25	-55.232	0.0303077591341588
264157.62	-54.921	0.0304388588040033
264158.98	-54.313	0.0303175938195481
264160.35	-54.175	0.0300900111717664
264161.72	-53.913	0.0302563511311216
264163.09	-53.139	0.030140242228894
264164.45	-53.029	0.0299575949220255
264165.82	-52.932	0.0299638842875231
264167.19	-52.305	0.030067008093593
264168.55	-51.910	0.029840606498603
264169.92	-51.793	0.0297851778581248
264171.29	-51.386	0.0297535094751629
264172.66	-50.899	0.0297784311156677
264174.02	-50.582	0.0295658137296045
264175.39	-50.361	0.0296669642869674
264176.76	-49.774	0.0295334899747421
264178.13	-49.588	0.0294588525827201
264179.49	-49.086	0.0293507795515824
264180.86	-48.770	0.0293156691692328
264182.23	-48.498	0.0292444428669079
264183.59	-48.292	0.0292558100677241
264184.96	-47.872	0.0292734575556673
264186.33	-47.585	0.029116558021033
264187.70	-47.402	0.0290751092067541
264189.06	-46.768	0.029108069960624
264190.43	-46.298	0.0289661583836348
264191.80	-46.138	0.0288825660435702
264193.16	-45.920	0.0289335862704896
264194.53	-45.193	0.0286976530347687
264195.90	-45.122	0.0286720087991902
264197.27	-44.529	0.0285727307638503
264198.63	-44.470	0.0284468561286201
264200.00	-44.131	0.0285405118425538
264201.37	-43.860	0.0283610905995424
264202.73	-43.465	0.0284379826697616
264204.10	-43.015	0.0283354182642453
264205.47	-42.676	0.0282203782320863
264206.84	-42.370	0.0281750051840166
264208.20	-42.285	0.0282052731202294
264209.57	-41.814	0.0281061345027246
264210.94	-41.386	0.0280542194078408
264212.30	-40.841	0.0279042680690316
264213.67	-40.737	0.027777439340276
264215.04	-40.383	0.0277680804047393
264216.41	-40.180	0.0278324244375023
264217.77	-39.583	0.0277003953154242
264219.14	-39.371	0.0275747119744327
264220.51	-39.136	0.0274941924466825
264221.88	-38.966	0.0274828116283103
264223.24	-38.232	0.0275646246077269
264224.61	-38.014	0.0274153898117442
264225.98	-37.564	0.0273057386571746
264227.34	-37.732	0.0272396967529478
264228.71	-37.148	0.0272380522709494
264230.08	-36.913	0.0271235673163104
264231.45	-36.511	0.0271659909746762
264232.81	-36.168	0.0270231972826719
264234.18	-35.756	0.0269149448456379
264235.55	-35.643	0.0268791680676521
264236.91	-35.188	0.0269356800603615
264238.28	-35.008	0.0266865470898626
264239.65	-34.648	0.0267867344753296
264241.02	-34.091	0.0267776515654911
264242.38	-33.979	0.0265822497963099
264243.75	-33.692	0.0265668111624074
264245.12	-33.578	0.0264140448802406
264246.48	-32.921	0.0264641570539429
264247.85	-32.640	0.026299849352704
264249.22	-32.214	0.0263292010219359
264250.59	-32.037	0.0261045413933529
264251.95	-31.822	0.0261116988240063
264253.32	-31.554	0.0259578619425574
264254.69	-31.280	0.0260127242656282
264256.05	-30.810	0.0259574352591367
264257.42	-30.540	0.0259227777145614
264258.79	-30.383	0.0257925679411925
264260.16	-30.002	0.0258166582623275
264261.52	-29.784	0.0257931692751725
264262.89	-29.240	0.0256113167580395
264264.26	-29.270	0.0255138407792743
264265.63	-28.924	0.025584689680762
264266.99	-28.356	0.025441283631042
264268.36	-28.391	0.0253688646037346
264269.73	-27.956	0.0253962043331084
264271.09	-27.533	0.0251848218216057
264272.46	-27.539	0.0252778063845662
264273.83	-27.148	0.025151683391053
264275.20	-26.892	0.0250200550141938
264276.56	-26.490	0.0250183644918872
264277.93	-26.289	0.024907579189441
264279.30	-25.915	0.0249019445473889
264280.66	-25.620	0.0248214563616326
264282.03	-25.264	0.0247076687123204
264283.40	-25.094	0.0246194083605265
264284.77	-24.644	0.024643726937838
264286.13	-24.658	0.0244764968658555
264287.50	-24.129	0.0245399979070578
264288.87	-24.067	0.0244407002019148
264290.23	-23.601	0.0242812407829081
264291.60	-23.609	0.0242233274788428
264292.97	-23.192	0.0243483831153491
264294.34	-22.691	0.0241364725452868
264295.70	-22.611	0.0239873918654535
264297.07	-22.294	0.0240481698277632
264298.44	-22.205	0.0239851168689981
264299.80	-21.759	0.0239032556877564
264301.17	-21.667	0.0237406992474468
264302.54	-21.179	0.0237397254841184
264303.91	-21.087	0.0237336412465673
264305.27	-20.881	0.0236619519473391
264306.64	-20.559	0.0235520539475484
264308.01	-20.501	0.0234574681329262
264309.38	-20.217	0.0233750704632092
264310.74	-19.842	0.0233427212024482
264312.11	-19.199	0.0233014200197682
264313.48	-19.340	0.0231613195777244
264314.84	-18.865	0.0231581713284729
264316.21	-18.788	0.0229543411567469
264317.58	-18.708	0.0230359818632728
264318.95	-18.259	0.0229015815572408
264320.31	-18.162	0.0228851754284086
264321.68	-17.757	0.0227983276278581
264323.05	-17.551	0.0227164368338359
264324.41	-17.084	0.0227391169813961
264325.78	-17.014	0.0226273641840203
264327.15	-16.983	0.0225257255561589
264328.52	-16.347	0.0225026405564979
264329.88	-16.340	0.0224757735508531
264331.25	-16.093	0.022376029708638
264332.62	-15.617	0.0221931148059869
264333.98	-15.731	0.0222107674815704
264335.35	-15.450	0.0221983947431285
264336.72	-15.242	0.0220745311831496
264338.09	-14.790	0.0221408605691138
264339.45	-14.959	0.0218429188195564
264340.82	-14.424	0.0220055926302294
264342.19	-14.487	0.0218339653845755
264343.55	-13.827	0.0218485644853443
264344.92	-13.773	0.0217064151415047
264346.29	-13.994	0.0216668139918053
264347.66	-13.397	0.0216224021702665
264349.02	-13.388	0.0214898186191235
264350.39	-13.209	0.0214732026070079
264351.76	-13.123	0.0214260365807343
264353.13	-12.567	0.0214001586851873
264354.49	-12.655	0.0211933618316229
264355.86	-12.499	0.0212481627676159
264357.23	-11.985	0.0211469326664339
264358.59	-11.826	0.0211076587703814
264359.96	-11.486	0.0210859195310939
264361.33	-11.566	0.0208376909392334
264362.70	-11.259	0.0209411374597649
264364.06	-10.862	0.020939068888166
264365.43	-10.958	0.020725619534278
264366.80	-10.412	0.0208422893501209
264368.16	-10.692	0.0206266039070803
264369.53	-10.052	0.0207334035886581
264370.90	-10.025	0.0206194709015671
264372.27	-9.861	0.0205262699707727
264373.63	-9.998	0.0204441331961362
264375.00	-9.269	0.0204650875886656
264376.37	-9.561	0.020281776479981
264377.73	-9.215	0.0203907752887736
264379.10	-9.036	0.0201902850928413
264380.47	-8.682	0.0202344450976704
264381.84	-8.912	0.0200880849029095
264383.20	-8.287	0.0201947445181972
264384.57	-8.157	0.0200249506711119
264385.94	-8.137	0.0200123373558477
264387.30	-8.047	0.0200099940554607
264388.67	-7.880	0.0199703682644696
264390.04	-7.593	0.0199076473146884
264391.41	-7.272	0.0196604011322236
264392.77	-7.621	0.0196383432853565
264394.14	-7.378	0.0196201219146971
264395.51	-6.827	0.0196167106088483
264396.88	-7.171	0.019490140181353
264398.24	-6.726	0.0196061615421493
264399.61	-6.619	0.0194220052803872
264400.98	-6.277	0.0194733359011222
264402.34	-6.230	0.0193371491014366
264403.71	-6.354	0.0192304955383961
264405.08	-5.903	0.0192727309286466
264406.45	-5.609	0.0191691918951952
264407.81	-5.889	0.0190475462676275
264409.18	-5.374	0.0191380504900345
264410.55	-5.164	0.0189958927162793
264411.91	-5.119	0.0189822898586139
264413.28	-5.276	0.0189825220055206
264414.65	-4.687	0.0189728578638086
264416.02	-4.698	0.0188526572102366
264417.38	-4.677	0.0188702000807655
264418.75	-4.263	0.0188081418520419
264420.12	-4.498	0.0187448020599945
264421.48	-3.928	0.0185760217481471
264422.85	-4.384	0.0185926237104033
264424.22	-4.026	0.0185094898280567
264425.59	-3.752	0.0185340048872473
264426.95	-3.878	0.018483968150482
264428.32	-3.262	0.0184474130102885
264429.69	-3.364	0.0184075170296946
264431.05	-3.477	0.0182891847912637
264432.42	-3.140	0.0182880876053248
264433.79	-2.903	0.0182775789589903
264435.16	-2.939	0.0182547399399437
264436.52	-2.748	0.0181654154734183
264437.89	-2.521	0.0181078510381681
264439.26	-2.617	0.0180217119989835
264440.63	-2.548	0.0180738190365611
264441.99	-1.685	0.0179855284235317
264443.36	-2.415	0.0178662870511254
264444.73	-2.154	0.0179628724849599
264446.09	-1.949	0.0178075115179998
264447.46	-1.666	0.0178016585627486
264448.83	-2.143	0.0177395551583235
264450.20	-1.173	0.017808696893825
264451.56	-1.230	0.0175816111787608
264452.93	-1.565	0.0175950622979453
264454.30	-1.087	0.0176786384266338
264455.66	-0.937	0.0176096196814394
264457.03	-0.805	0.0174628606868248
264458.40	-0.678	0.0174621296618356
264459.77	-0.813	0.0175741494065389
264461.13	-0.823	0.0173344609676429
264462.50	-0.254	0.0174067135581549
264463.87	-0.629	0.0173568650895049
264465.23	-0.476	0.0172764374262197
264466.60	-0.148	0.0173664786517233
264467.97	-0.177	0.0172089483864804
264469.34	0.015	0.0171755726213806
264470.70	0.030	0.0172464831260977
264472.07	0.674	0.0170618316608317
264473.44	0.417	0.0171207738469044
264474.80	0.474	0.0169872014018153
264476.17	0.672	0.0171768535362494
264477.54	0.847	0.016935353313953
264478.91	0.746	0.0168922187327044
264480.27	1.049	0.0169484138470478
264481.64	1.108	0.0169202315584167
264483.01	1.088	0.0168491794743477
264484.38	1.081	0.0167208009380306
264485.74	1.744	0.0168144668110934
264487.11	1.087	0.0168195059552609
264488.48	1.636	0.0166810815533611
264489.84	1.555	0.016693311415541
264491.21	2.055	0.016706741135709
264492.58	1.664	0.0166626764537718
264493.95	1.950	0.0165972680901255
264495.31	2.033	0.0165681723444854
264496.68	1.995	0.0165417637965586
264498.05	2.495	0.0164055246881659
264499.41	2.324	0.0165184066619296
264500.78	2.481	0.0163294321630192
264502.15	2.636	0.0165039050455695
264503.52	2.449	0.0163038242409234
264504.88	3.088	0.0164150846447671
264506.25	2.687	0.016322137259896
264507.62	3.125	0.0161990989670399
264508.98	2.786	0.0162384629983438
264510.35	2.895	0.0162809294547427
264511.72	3.254	0.0161903307740506
264513.09	3.599	0.0161595205132671
264514.45	3.352	0.0161422588560768
264515.82	3.319	0.0161028386253354
264517.19	3.344	0.0161157906502857
264518.55	3.771	0.0159874754464115
264519.92	3.925	0.0160727559311142
264521.29	3.724	0.0160175587890877
264522.66	3.955	0.0159196120319586
264524.02	3.842	0.0159672870954439
264525.39	4.303	0.0159111021402296
264526.76	3.684	0.0158216592225824
264528.13	4.555	0.0159623063122305
264529.49	4.429	0.0158679967394581
264530.86	4.468	0.0158561081807844
264532.23	4.487	0.0157627983095422
264533.59	4.726	0.0158183257313392
264534.96	4.356	0.0156051139281499
264536.33	4.671	0.0157442663289155
264537.70	5.139	0.015669144324822
264539.06	4.988	0.015652309567204
264540.43	4.755	0.0155371800482486
264541.80	5.273	0.0156241283593313
264543.16	5.001	0.0154931395752998
264544.53	5.559	0.0155602082000172
264545.90	5.024	0.0154267939779594
264547.27	5.507	0.0155440458902826
264548.63	5.241	0.0154023755385708
264550.00	5.467	0.0154913608631068
264551.37	5.466	0.0153570357778602
264552.73	5.576	0.0154046116277234
264554.10	5.521	0.0153387402671738
264555.47	5.813	0.0152628072619686
264556.84	6.046	0.0153285463376887
264558.20	5.921	0.0152747381863721
264559.57	5.988	0.015303047139889
264560.94	6.336	0.0152697182797042
264562.30	6.312	0.0151378668343089
264563.67	6.313	0.0151543218134212
264565.04	6.285	0.0151760947723712
264566.41	6.199	0.015136547876744
264567.77	6.099	0.0150859175874594
264569.14	6.676	0.0151101280889297
264570.51	6.300	0.0149443563923472
264571.88	6.851	0.0151174837306757
264573.24	6.426	0.0149962291215012
264574.61	7.294	0.0150206711214231
264575.98	6.650	0.0148827406261171
264577.34	6.574	0.014960198149137
264578.71	7.343	0.0148841875454779
264580.08	6.785	0.0149598324204907
264581.45	6.903	0.014807133361497
264582.81	7.521	0.0147585744537831
264584.18	7.360	0.0148583234836386
264585.55	7.294	0.0148631771696628
264586.91	7.272	0.0147655025475016
264588.28	7.148	0.0147573413084361
264589.65	7.491	0.0147252713156486
264591.02	7.135	0.0146846793266379
264592.38	7.755	0.0147080680194124
264593.75	7.371	0.0146858143391213
264595.12	7.350	0.0145946186474829
264596.48	8.036	0.0146157396929593
264597.85	7.550	0.0146432510467687
264599.22	7.787	0.0144875224057971
264600.59	7.933	0.0144854577249286
264601.95	8.000	0.0145262628394979
264603.32	7.642	0.0144101833338991
264604.69	8.159	0.0145784301833948
264606.05	7.412	0.0144138321904466
264607.42	8.296	0.0145186067469137
264608.79	7.927	0.0143010853114843
264610.16	8.285	0.0144400373396405
264611.52	7.699	0.0143687732107712
264612.89	8.420	0.0144447485817061
264614.26	8.033	0.0143494393074035
264615.63	8.055	0.0144134764047777
264616.99	8.278	0.0143398112630224
264618.36	7.992	0.0142530136096621
264619.73	8.171	0.0142771000400668
264621.09	8.251	0.0142666819612872
264622.46	8.562	0.0141710460817927
264623.83	8.270	0.0142733147918078
264625.20	8.253	0.0142213824047895
264626.56	8.642	0.0141267045095506
264627.93	8.197	0.0141882902306968
264629.30	8.257	0.0142150967138706
264630.66	8.389	0.0141916967812086
264632.03	8.487	0.0141560440742883
264633.40	8.204	0.0140919637465776
264634.77	8.310	0.0140615349935132
264636.13	8.266	0.0140675580601382
264637.50	8.803	0.0141051926618328
264638.87	8.504	0.014095971198766
264640.23	8.550	0.0140334921227171
264641.60	8.912	0.0141179687393137
264642.97	8.750	0.0140252452875854
264644.34	8.585	0.0140969520950999
264645.70	8.341	0.0139960269839415
264647.07	8.835	0.0140045327687885
264648.44	8.730	0.0139092230621824
264649.80	8.308	0.0139410887916302
264651.17	8.921	0.013976290173838
264652.54	8.216	0.0138837791992134
264653.91	8.824	0.0138609643891551
264655.27	8.698	0.0139304744471232
264656.64	8.543	0.0139623635209526
264658.01	8.875	0.0139786926997859
264659.38	8.736	0.0138882388407209
264660.74	8.913	0.0138515457957541
264662.11	8.488	0.0139780520261998
264663.48	8.547	0.013769498507914
264664.84	8.752	0.0139910276116834
264666.21	8.865	0.0137635443936756
264667.58	8.897	0.0138429723554306
264668.95	8.561	0.0138593583821562
264670.31	8.571	0.0138597288661396
264671.68	8.887	0.0138337256026169
264673.05	8.533	0.0138664989529783
264674.41	8.702	0.0137530463387736
264675.78	8.780	0.0137990107778458
264677.15	8.869	0.0138632599200203
264678.52	8.835	0.0137870508891169
264679.88	8.753	0.0138496350148833
264681.25	8.606	0.0138607331068551
264682.62	8.625	0.0138563048073415
264683.98	8.569	0.0137670240034559
264685.35	8.891	0.0138712683398465
264686.72	8.569	0.0137016329319443
264688.09	8.760	0.0138279489489096
264689.45	8.658	0.0137242655261344
264690.82	8.425	0.0138852892348653
264692.19	8.574	0.0137676555986714
264693.55	8.600	0.0139381266489771
264694.92	8.375	0.0137789227212587
264696.29	9.199	0.0138740586419123
264697.66	8.087	0.0138456048667683
264699.02	9.081	0.0138468434159074
264700.39	8.478	0.0138723508274711
264701.76	8.663	0.0138661494357082
264703.13	8.314	0.0138730200330792
264704.49	8.504	0.0138308698065914
264705.86	8.660	0.0138001980990362
264707.23	8.598	0.0138791217789166
264708.59	8.417	0.0138286371758658
264709.96	8.726	0.0138193545418729
264711.33	8.573	0.0138686937571596
264712.70	8.717	0.0139466101702008
264714.06	8.544	0.0139160489161552
264715.43	8.935	0.0138729582136981
264716.80	8.396	0.0140206267745915
264718.16	8.616	0.0138758455678692
264719.53	8.909	0.0139755046786248
264720.90	8.421	0.0140871943597094
264722.27	8.898	0.0139291554895583
264723.63	8.488	0.0139118611934639
264725.00	9.135	0.0140371098534224
264726.37	8.346	0.0139269740867813
264727.73	8.773	0.0139558521676775
264729.10	8.905	0.0139757690321322
264730.47	8.591	0.0140690728511272
264731.84	8.452	0.0140299057340058
264733.20	8.847	0.0140952230977938
264734.57	8.694	0.0140882526383456
264735.94	8.565	0.014039350049457
264737.30	9.093	0.0141918632180039
264738.67	8.383	0.0142118615716428
264740.04	8.573	0.0140528005201864
264741.41	8.930	0.0141373664074278
264742.77	9.055	0.014119992135211
264744.14	9.160	0.0142240313436551
264745.51	9.148	0.014212869486937
264746.88	8.801	0.0142202605775588
264748.24	8.953	0.0142047417513822
264749.61	9.248	0.0143145755541233
264750.98	8.759	0.0143033907853268
264752.34	8.910	0.0143135209500657
264753.71	9.088	0.0142898934096824
264755.08	9.134	0.014353342574481
264756.45	8.823	0.0143168600612527
264757.81	9.350	0.0142999079332712
264759.18	9.034	0.0143019689395612
264760.55	9.042	0.0144807972785082
264761.91	9.034	0.0143771257440755
264763.28	9.301	0.0143862953307386
264764.65	9.563	0.0144738564318405
264766.02	9.518	0.0145352128160519
264767.38	9.124	0.0146049729615162
264768.75	9.386	0.0144402085317728
264770.12	9.867	0.0145099077224628
264771.48	9.707	0.0145918938393768
264772.85	9.147	0.0146222365640717
264774.22	9.383	0.0145868438876251
264775.59	9.638	0.0145678143258259
264776.95	9.700	0.014640988587111
264778.32	9.615	0.0146927288152838
264779.69	9.705	0.014756659782182
264781.05	9.842	0.014688493755374
264782.42	10.118	0.0147545551132523
264783.79	10.057	0.0147686432314443
264785.16	10.094	0.0147786114985732
264786.52	10.230	0.0149343221989552
264787.89	9.986	0.0148610975743282
264789.26	10.337	0.0147817000899604
264790.63	10.300	0.0149313282820048
264791.99	10.622	0.015035049099021
264793.36	10.403	0.0150432455708108
264794.73	10.206	0.0150337796401913
264796.09	10.509	0.0150578807689104
264797.46	10.588	0.0149360604907836
264798.83	11.046	0.015089056974492
264800.20	10.891	0.0150860237179354
264801.56	10.907	0.0151895653452071
264802.93	10.724	0.0150746625693663
264804.30	11.112	0.0151769946118242
264805.66	11.304	0.0152302152628686
264807.03	10.933	0.0152712036740644
264808.40	11.098	0.0151731985559811
264809.77	11.278	0.0152271554196551
264811.13	11.553	0.0152350255024047
264812.50	11.524	0.0152896749160685
264813.87	11.752	0.0154126669524646
264815.23	11.588	0.0154402396933519
264816.60	11.606	0.0154250323417493
264817.97	11.579	0.0154583867078326
264819.34	11.901	0.0154886183305628
264820.70	12.144	0.0154446960925842
264822.07	12.584	0.0155780986424511
264823.44	12.185	0.015569133102976
264824.80	12.447	0.0155549706286053
264826.17	12.208	0.015601316359245
264827.54	12.368	0.0156233333534441
264828.91	12.413	0.0156288173377737
264830.27	12.812	0.0155543950166756
264831.64	13.123	0.0156734567670339
264833.01	12.821	0.0157732790723097
264834.38	12.876	0.0157531659421275
264835.74	13.066	0.0157003715422005
264837.11	13.564	0.015954636169787
264838.48	13.223	0.0157879203226565
264839.84	13.851	0.0158933608424564
264841.21	13.780	0.0159566286559937
264842.58	13.471	0.0159495179141037
264843.95	14.026	0.0159166252480137
264845.31	13.992	0.01601828505874
264846.68	14.303	0.0160234947465848
264848.05	14.441	0.0161320167247665
264849.41	14.268	0.0161940347492771
264850.78	14.000	0.0160467535321983
264852.15	14.690	0.0161087968464558
264853.52	14.652	0.0162158083566821
264854.88	14.781	0.0161623918722137
264856.25	15.028	0.0162448600073791
264857.62	14.996	0.0162266909454268
264858.98	14.952	0.0162265474207098
264860.35	15.097	0.0163837314109578
264861.72	15.081	0.0163307433391236
264863.09	15.603	0.0163087641714688
264864.45	15.792	0.0163862539010893
264865.82	15.754	0.0164309700641967
264867.19	15.983	0.0163572461291838
264868.55	16.072	0.0164374161396639
264869.92	15.968	0.0164650169802698
264871.29	16.246	0.0164821696970123
264872.66	16.594	0.01645492010289
264874.02	16.790	0.0165186271366455
264875.39	16.873	0.0165809144861522
264876.76	16.747	0.0167031858728398
264878.13	16.654	0.016653095098154
264879.49	17.197	0.0166213110740421
264880.86	17.412	0.0166505924939773
264882.23	17.631	0.0167718345663542
264883.59	17.204	0.016775690712365
264884.96	17.648	0.016684972283641
264886.33	18.050	0.016749264656152
264887.70	18.089	0.0168031826125231
264889.06	18.328	0.0168420721908846
264890.43	18.397	0.0168801084024047
264891.80	18.521	0.0168694992455381
264893.16	18.718	0.0169052295509122
264894.53	19.057	0.0169682327947904
264895.90	19.119	0.0169377015858287
264897.27	19.145	0.0170292225857488
264898.63	19.313	0.0169948291785291
264900.00	19.678	0.0170120597098772
264901.37	19.818	0.0171219998592459
264902.73	19.812	0.0171749375677382
264904.10	19.773	0.0170857853741036
264905.47	20.240	0.017202814650194
264906.84	20.110	0.0172414517633907
264908.20	20.231	0.0171882527275146
264909.57	20.562	0.0172724072781047
264910.94	20.529	0.0172436457029652
264912.30	20.793	0.0172764218632985
264913.67	20.991	0.0173030003064476
264915.04	21.314	0.0173078412395226
264916.41	21.082	0.0174029326329296
264917.77	21.317	0.017376824535841
264919.14	21.384	0.017327638572097
264920.51	21.919	0.0174319427825036
264921.88	22.134	0.0174877114295779
264923.24	21.949	0.0175583000844402
264924.61	22.442	0.017513906203491
264925.98	22.629	0.0175232495761066
264927.34	22.501	0.0174421490326346
264928.71	23.018	0.0175172699559697
264930.08	23.059	0.0176039593173371
264931.45	23.226	0.0175920238537484
264932.81	23.256	0.0175384059159121
264934.18	23.824	0.0176344248161875
264935.55	23.761	0.0176416994010526
264936.91	24.095	0.0176555698545006
264938.28	24.267	0.0176650411889121
264939.65	24.431	0.0176501671432035
264941.02	24.791	0.0177088127691682
264942.38	24.630	0.017780181947755
264943.75	24.757	0.017711923408027
264945.12	24.892	0.0177287665955606
264946.48	25.027	0.0178001774914221
264947.85	25.316	0.0178820185705573
264949.22	25.256	0.0178500168817014
264950.59	25.386	0.0178226391096315
264951.95	25.799	0.0179618302015483
264953.32	25.766	0.0179933183140072
264954.69	26.092	0.0179111878077695
264956.05	26.334	0.0178738508469413
264957.42	26.409	0.0179538042734358
264958.79	26.568	0.017929143095708
264960.16	26.805	0.0179339954848222
264961.52	27.115	0.0180021978251128
264962.89	27.376	0.0180399731415525
264964.26	27.729	0.0181102488087789
264965.63	27.564	0.0180366459187081
264966.99	28.059	0.0180673011987354
264968.36	28.096	0.0181118003455539
264969.73	28.301	0.018129198178304
264971.09	28.190	0.0181943478083867
264972.46	28.488	0.018099163685908
264973.83	28.830	0.018107053222309
264975.20	29.202	0.0180922384021614
264976.56	29.207	0.0181440123499966
264977.93	29.566	0.018265942433178
264979.30	29.647	0.0182319547426659
264980.66	29.988	0.0181985638469484
264982.03	30.211	0.0183174747234325
264983.40	30.062	0.0183397863323746
264984.77	30.242	0.0183150795466419
264986.13	30.442	0.0182184180274152
264987.50	30.644	0.0182704277967358
264988.87	30.965	0.018321506600761
264990.23	31.122	0.018293242606794
264991.60	31.330	0.0182826693311066
264992.97	31.637	0.0183912939813373
264994.34	31.408	0.0183492494530221
264995.70	31.655	0.0182959315337208
264997.07	31.975	0.0183209028891125
264998.44	32.199	0.0183644215719005
264999.80	32.403	0.0184152587183449
265001.17	32.795	0.0183643459188117
265002.54	33.023	0.0183738457852452
265003.91	33.071	0.0184575375550837
265005.27	33.449	0.018382932585814
265006.64	33.805	0.0185056544326074
265008.01	34.004	0.0185017701868779
265009.38	34.277	0.0185069189199484
265010.74	34.155	0.0184787364151656
265012.11	34.338	0.0184163868139744
265013.48	34.605	0.0184664404105709
265014.84	34.735	0.018462022486338
265016.21	34.823	0.0185158068609696
265017.58	35.260	0.0185321280421906
265018.95	35.675	0.0185781811034525
265020.31	35.620	0.0185197916172313
265021.68	35.854	0.0184955536644973
265023.05	36.065	0.0185276675360763
265024.41	36.250	0.0184802410470255
265025.78	36.609	0.01850411543263
265027.15	36.698	0.0185076002300508
265028.52	36.779	0.0185575600168171
265029.88	37.258	0.0185703216121353
265031.25	37.190	0.0185528079220835
265032.62	37.442	0.0185540549011383
265033.98	37.867	0.0185554631293479
265035.35	38.065	0.0185310369084987
265036.72	38.312	0.0185399758613169
265038.09	38.487	0.0186121212405946
265039.45	38.604	0.018568783260613
265040.82	38.918	0.018611423719116
265042.19	39.248	0.0186929775326657
265043.55	39.095	0.018628259125189
265044.92	39.303	0.0185727046844318
265046.29	39.504	0.0186035069476031
265047.66	39.650	0.0185854124579812
265049.02	39.916	0.0186226947324337
265050.39	40.297	0.0185859549987035
265051.76	40.445	0.0185319823559568
265053.13	40.865	0.0185391492972841
265054.49	40.951	0.0185908415397835
265055.86	40.996	0.018585553388878
265057.23	41.176	0.0185719163792468
265058.59	41.286	0.018669124329926
265059.96	41.604	0.018633201433403
265061.33	41.809	0.0186481515645037
265062.70	42.077	0.0186072943573789
265064.06	42.487	0.0185392119812719
265065.43	42.560	0.0186304563070388
265066.80	42.975	0.0185544450549247
265068.16	43.281	0.0185884470114478
265069.53	43.392	0.0185559094825717
265070.90	43.310	0.0186094141569264
265072.27	43.886	0.0185702965385402
265073.63	44.147	0.0185798947539891
265075.00	44.008	0.0185154305408908
265076.37	44.350	0.0185214821395379
265077.73	44.661	0.018482003115539
265079.10	44.848	0.018475916068016
265080.47	44.897	0.018463328474802
265081.84	45.133	0.0184778858582961
265083.20	45.627	0.018520311462027
265084.57	45.510	0.0185037453809501
265085.94	45.722	0.0184627984708772
265087.30	45.971	0.0184760213338853
265088.67	46.469	0.0184243124477064
265090.04	46.364	0.0184328368215981
265091.41	46.691	0.0184276468035563
265092.77	46.986	0.0184478591473606
265094.14	47.091	0.0184345662512075
265095.51	47.164	0.0184280118837476
265096.88	47.313	0.0184196001248823
265098.24	47.887	0.0184650732511809
265099.61	48.053	0.0184100790755839
265100.98	48.244	0.0184264916889665
265102.34	48.389	0.0183886798428925
265103.71	48.713	0.0183907287446883
265105.08	49.125	0.0183230797527042
265106.45	48.966	0.0183395133327999
265107.81	49.223	0.018264890855244
265109.18	49.390	0.0182699101134568
265110.55	49.761	0.0182418897224357
265111.91	49.867	0.0182484801872266
265113.28	50.276	0.0182877188505549
265114.65	50.609	0.0182739032996342
265116.02	50.680	0.0182621867976995
265117.38	50.820	0.0182179182847259
265118.75	51.195	0.0182104340327291
265120.12	51.350	0.0182875755419896
265121.48	51.476	0.0181935813345215
265122.85	51.709	0.0181249479877766
265124.22	51.892	0.0181929287725929
265125.59	51.930	0.018116624851101
265126.95	52.301	0.0181235592132183
265128.32	52.706	0.0180918041534318
265129.69	53.033	0.0180122966478578
265131.05	53.010	0.0180535089921964
265132.42	53.350	0.0180248176663537
265133.79	53.272	0.0179639350866297
265135.16	53.538	0.0180348486174704
265136.52	53.539	0.0179591391131046
265137.89	53.895	0.0179332415477546
265139.26	54.068	0.0178785996993997
265140.63	54.275	0.0179089997042903
265141.99	54.439	0.0178162978677303
265143.36	54.944	0.0177473268920577
265144.73	55.221	0.0177999425345435
265146.09	55.633	0.0177863070379741
265147.46	55.758	0.0176948660141764
265148.83	55.802	0.0176823525609893
265150.20	56.116	0.0176989971051269
265151.56	56.083	0.0176872974630235
265152.93	56.644	0.0176506882849094
265154.30	56.550	0.0176708919826464
265155.66	56.840	0.01757747619708
265157.03	56.994	0.0176240339725199
265158.40	57.256	0.0175503604008489
265159.77	57.539	0.0175151227051585
265161.13	57.608	0.0174759255429532
265162.50	57.953	0.017447459663315
265163.87	58.113	0.0174862011777742
265165.23	58.241	0.0174402946673528
265166.60	58.472	0.0174006524488338
265167.97	58.747	0.017426042490034
265169.34	58.996	0.0173632975474161
265170.70	58.989	0.0172384405543057
265172.07	59.368	0.0173252364784525
265173.44	59.585	0.0172211371798407
265174.80	59.785	0.0172076259704886
265176.17	59.849	0.0171984983172518
265177.54	60.151	0.0170948328350662
265178.91	60.551	0.0170792448403513
265180.27	60.425	0.0170790909403536
265181.64	60.951	0.0170256474369249
265183.01	61.094	0.0170740051074226
265184.38	61.121	0.0169992135992512
265185.74	61.235	0.0169799402183545
265187.11	61.790	0.0169282639710796
265188.48	61.834	0.0169663650281044
265189.84	61.820	0.0169350874473839
265191.21	62.024	0.0168572551173471
265192.58	62.102	0.0168410982114045
265193.95	62.656	0.0167833690685725
265195.31	62.705	0.0167189087462045
265196.68	62.942	0.0166404618969351
265198.05	63.113	0.016632784621486
265199.41	63.258	0.0166449061916732
265200.78	63.335	0.0166426768032228
265202.15	63.746	0.0165681585107777
265203.52	63.669	0.0165229315812452
265204.88	63.791	0.0164692572278199
265206.25	64.200	0.0164523418456245
265207.62	64.538	0.0163776698693334
265208.98	64.511	0.0163310063957208
265210.35	64.683	0.016252428558532
265211.72	64.940	0.0162731170844923
265213.09	65.160	0.0162419013231529
265214.45	65.256	0.0161406089702864
265215.82	65.484	0.016181417975586
265217.19	65.825	0.0161142786692685
265218.55	66.098	0.0160321354100815
265219.92	66.309	0.0160617574850679
265221.29	66.511	0.0160303865268207
265222.66	66.580	0.0159514922435691
265224.02	66.640	0.0158676219324411
265225.39	66.608	0.0159215418341774
265226.76	66.719	0.0158143986875766
265228.13	67.436	0.0157397215236451
265229.49	67.407	0.0157093762051301
265230.86	67.776	0.0157159392186573
265232.23	67.780	0.0157323434021243
265233.59	67.791	0.0156460279831671
265234.96	68.143	0.0155228993389077
265236.33	68.385	0.0156433959041327
265237.70	68.426	0.0155541062380281
265239.06	68.677	0.0154742200347068
265240.43	68.613	0.0154168036633589
265241.80	68.882	0.0154493502706057
265243.16	68.922	0.0154300794835292
265244.53	69.198	0.0153084645495004
265245.90	69.148	0.0152650005530881
265247.27	69.505	0.0152708504822157
265248.63	69.504	0.0151612503394431
265250.00	69.615	0.0151807705655609
265251.37	70.147	0.0151084006046854
265252.73	70.063	0.0150979077374238
265254.10	70.283	0.0150409122134012
265255.47	70.337	0.0150141522028391
265256.84	70.519	0.0149205088095513
265258.20	70.613	0.0149003606627966
265259.57	71.074	0.0148654897765109
265260.94	71.146	0.0148712043946854
265262.30	71.211	0.0147062047919117
265263.67	71.087	0.0146707384077415
265265.04	71.196	0.0146948736884264
265266.41	71.242	0.0146405175925954
265267.77	71.547	0.0145811083027375
265269.14	71.816	0.0144863744242129
265270.51	72.069	0.014420008076311
265271.88	72.289	0.0144449450635853
265273.24	72.031	0.0143707953097584
265274.61	72.367	0.0143209734277653
265275.98	72.522	0.0142461585752122
265277.34	72.682	0.0142186426822174
265278.71	72.840	0.0142592134883632
265280.08	73.130	0.0141685936248063
265281.45	73.037	0.0140506232242914
265282.81	73.020	0.0140270659332048
265284.18	73.429	0.0140035462525108
265285.55	73.260	0.0139150855281076
265286.91	73.471	0.0138822274462867
265288.28	73.693	0.013767621879009
265289.65	74.030	0.0137573825576706
265291.02	73.809	0.0136695821766565
265292.38	73.971	0.0136860814668636
265293.75	73.872	0.013629590657019
265295.12	74.238	0.0135979015234956
265296.48	73.933	0.0135124494143572
265297.85	74.072	0.0135167650988444
265299.22	74.487	0.013528041515954
265300.59	74.773	0.0134178620866731
265301.95	74.511	0.0134314772649844
265303.32	74.766	0.0133192729267444
265304.69	74.745	0.0131716015558792
265306.05	74.609	0.0131900057908618
265307.42	74.562	0.0131633867111965
265308.79	74.812	0.0131768676593131
265310.16	75.195	0.0131521370968954
265311.52	75.313	0.0130337633573415
265312.89	75.150	0.0129517335777876
265314.26	75.294	0.0129553746528746
265315.63	75.083	0.0128654838689418
265316.99	75.501	0.0127924676145365
265318.36	75.606	0.0127714954975692
265319.73	75.468	0.0127319382266613
265321.09	75.665	0.0127036917409806
265322.46	75.561	0.0126348184658683
265323.83	75.445	0.012526954021104
265325.20	75.719	0.0125529149188969
265326.56	76.005	0.0125336346211463
265327.93	75.411	0.0124814581988788
265329.30	75.835	0.0123980796328279
265330.66	75.801	0.0124022785954067
265332.03	75.681	0.0124090724589305
265333.40	75.575	0.0123484079762539
265334.77	76.000	0.0122857079931859
265336.13	76.185	0.0122008131230842
265337.50	76.001	0.0121349175535462
265338.87	75.777	0.0120842578676328
265340.23	76.248	0.0120549647755068
265341.60	76.185	0.0120125999103986
265342.97	76.250	0.011971847320688
265344.34	76.106	0.0118679868696851
265345.70	76.122	0.0118745803605995
265347.07	76.038	0.0117875860092084
265348.44	76.180	0.0117902749361352
265349.80	76.207	0.0117909171227831
265351.17	76.209	0.0117339618029734
265352.54	76.285	0.0116607397721666
265353.91	76.311	0.0116382671302213
265355.27	76.079	0.0116389397942564
265356.64	76.156	0.0115646303043363
265358.01	76.266	0.0114818506945969
265359.38	76.276	0.0114516151811364
265360.74	76.334	0.0114036096217289
265362.11	76.066	0.0113656987781845
265363.48	76.378	0.0113585787417722
265364.84	76.070	0.0113041087340047
265366.21	75.860	0.0112769855886164
265367.58	75.698	0.0111756186634196
265368.95	75.761	0.0111271034183455
265370.31	76.325	0.011136422365821
265371.68	75.977	0.0111394813444278
265373.05	75.589	0.0111464779582295
265374.41	75.467	0.0110901293761918
265375.78	76.094	0.0110333234171945
265377.15	75.671	0.0109278902465517
265378.52	75.840	0.010877073634517
265379.88	75.581	0.0108258614649039
265381.25	75.376	0.0108217297254983
265382.62	75.647	0.0108038680312381
265383.98	75.618	0.0107899104686622
265385.35	75.358	0.0107621674002493
265386.72	75.643	0.0107380325518678
265388.09	75.379	0.0106284505658365
265389.45	75.332	0.0105984897811641
265390.82	75.205	0.0105588713393301
265392.19	74.918	0.0105631530880032
265393.55	74.838	0.0106029675794129
265394.92	75.069	0.0105520560767898
265396.29	75.151	0.01051817019372
265397.66	74.930	0.0104836494731595
265399.02	74.739	0.0105126717272277
265400.39	74.149	0.01043320615508
265401.76	74.325	0.0103451048909243
265403.13	74.580	0.0102853404638524
265404.49	74.764	0.0103184326379451
265405.86	74.045	0.010231006415493
265407.23	74.451	0.0102529386782327
265408.59	74.162	0.0101848485206652
265409.96	73.938	0.0101202446735802
265411.33	74.095	0.0101157379110059
265412.70	74.204	0.0101006135616493
265414.06	74.213	0.0101150877267458
265415.43	73.444	0.0101030370543104
265416.80	73.013	0.0101029490805757
265418.16	73.182	0.0100296689049664
265419.53	73.101	0.0099898090217034
265420.90	73.260	0.00996646831460233
265422.27	73.331	0.00991335163251715
265423.63	72.667	0.00991081293100949
265425.00	72.916	0.00992325267647288
265426.37	72.774	0.00989413726102964
265427.73	72.492	0.00991483918839418
265429.10	72.466	0.00987936631967351
265430.47	72.245	0.00984404799940563
265431.84	72.081	0.00987754264793063
265433.20	72.193	0.0098355679366088
265434.57	71.887	0.00982574405880363
265435.94	72.123	0.00979958948910342
265437.30	71.927	0.00975714248635595
265438.67	71.571	0.00975106386874858
265440.04	71.489	0.00966914432655265
265441.41	71.236	0.00964553667212404
265442.77	70.875	0.00964272842946865
265444.14	70.663	0.0097323293539956
265445.51	70.569	0.00965884124046799
265446.88	70.910	0.00964865595705014
265448.24	70.598	0.00959040026872021
265449.61	70.508	0.00961188012598906
265450.98	70.189	0.00962386162988615
265452.34	70.216	0.00964331160670728
265453.71	70.219	0.00966158809604564
265455.08	70.103	0.0096140081393005
265456.45	69.846	0.00961271771375766
265457.81	69.534	0.0095725400875218
265459.18	69.282	0.00956737946610882
265460.55	69.164	0.0095073936997144
265461.91	69.391	0.00960022803725567
265463.28	68.695	0.00948821520940614
265464.65	68.383	0.00952927884138741
265466.02	68.737	0.00942791883304437
265467.38	68.930	0.00946910242920927
265468.75	68.228	0.00947637355564744
265470.12	68.443	0.00953466404439822
265471.48	67.977	0.00957780402943889
265472.85	68.001	0.00949606519004929
265474.22	67.825	0.00948588314890668
265475.59	67.613	0.00949253305541015
265476.95	67.718	0.00946897338665499
265478.32	67.227	0.00953350763289834
265479.69	67.424	0.00949672769495529
265481.05	67.046	0.00949075131709362
265482.42	66.920	0.00949652797080092
265483.79	67.088	0.0095086603485722
265485.16	66.811	0.00948147559995455
265486.52	66.543	0.00952657024465752
265487.89	66.339	0.00951930733198327
265489.26	66.438	0.00953164008236397
265490.63	66.111	0.00954051483813253
265491.99	66.129	0.00950597423161727
265493.36	65.496	0.00953265383375358
265494.73	65.969	0.00954820724419934
265496.09	65.855	0.00949337475006071
265497.46	65.588	0.00948722437009485
265498.83	65.125	0.00951014033914036
265500.20	64.831	0.00952301627869847
265501.56	64.981	0.0095624174880918
265502.93	64.836	0.00952842266457414
265504.30	64.743	0.00960891214724051
265505.66	64.636	0.00955581967414374
265507.03	64.532	0.00951029769756502
265508.40	64.521	0.00951110286258128
265509.77	64.294	0.00959085915874156
265511.13	64.142	0.00957415214676779
265512.50	63.994	0.00967566497435016
265513.87	63.930	0.00972426905776565
265515.23	63.859	0.00956788461259016
265516.60	63.689	0.00968378471229272
265517.97	63.786	0.00965896509538191
265519.34	63.791	0.00967027912288431
265520.70	63.548	0.00973433437699986
265522.07	63.363	0.00973118764081012
265523.44	63.056	0.0097305629624485
265524.80	62.982	0.0097188879616368
265526.17	63.084	0.00979454775111566
265527.54	62.906	0.00971665922164144
265528.91	62.553	0.00975587173061618
265530.27	62.821	0.0098066526776233
265531.64	62.635	0.00975657962737545
265533.01	62.331	0.00982288696586805
265534.38	62.365	0.00979310623554694
265535.74	62.283	0.00983630242002498
265537.11	62.272	0.00987786212011695
265538.48	61.786	0.00988010944915698
265539.84	62.030	0.00988206735109452
265541.21	61.910	0.00991303172802747
265542.58	61.531	0.00990034686655643
265543.95	61.940	0.00996780672581863
265545.31	61.493	0.00995734844282613
265546.68	61.606	0.00998149755721871
265548.05	61.586	0.0100136086188258
265549.41	61.508	0.0100417195774018
265550.78	61.472	0.0100412645781107
265552.15	60.889	0.0100284919590567
265553.52	61.170	0.0100398375447047
265554.88	60.828	0.0100633790567186
265556.25	60.719	0.0101207509008199
265557.62	60.740	0.0101262593102896
265558.98	60.792	0.0101582523530782
265560.35	60.655	0.010145519289782
265561.72	60.548	0.0101746790163201
265563.09	60.593	0.0102280974461537
265564.45	60.615	0.0102358443224444
265565.82	60.616	0.0103243995051328
265567.19	60.423	0.010206184853217
265568.55	60.262	0.0103087831945475
265569.92	60.240	0.0102978986604377
265571.29	60.382	0.010284014373282
265572.66	60.207	0.0103771854751442
265574.02	60.248	0.0103987504961758
265575.39	60.288	0.010392679011574
265576.76	60.363	0.010383089658344
265578.13	60.216	0.0104652240553121
265579.49	60.168	0.0104530171052104
265580.86	60.027	0.0104560583593792
265582.23	59.927	0.0105600783303237
265583.59	59.767	0.0105306685162892
265584.96	59.952	0.0105790802247075
265586.33	60.187	0.0106141212223671
265587.70	59.633	0.0106163454231772
265589.06	59.694	0.0106798220392394
265590.43	59.602	0.0106479331815616
265591.80	59.525	0.0107154680454576
265593.16	59.279	0.0107027194192403
265594.53	59.587	0.0107840572972594
265595.90	59.693	0.0108153417948337
265597.27	59.887	0.0107840916653768
265598.63	59.600	0.0107383455395036
265600.00	59.474	0.0107320477440905
