262820.27	-27.648	0.00873309881824746
262821.63	-2.201	0.00774701008862657
262823.00	-10.654	0.00828252393595944
262824.36	-6.272	0.00824833046904583
262825.72	-7.839	0.0082424252050876
262827.08	-9.135	0.00830684078405742
262828.45	-10.484	0.00801734559378604
262829.81	-8.547	0.00805750311791545
262831.17	-8.658	0.00825116681141991
262832.54	-8.461	0.00823519903819933
262833.90	-9.800	0.00831364999435069
262835.26	-9.383	0.00810983646630426
262836.62	-8.319	0.00814530652505306
262837.99	-8.591	0.00837738512782488
262839.35	-10.647	0.00821048144488252
262840.71	-8.159	0.0081390662259874
262842.07	-9.266	0.00829879043080485
262843.44	-10.801	0.00817661933849775
262844.80	-8.982	0.00842403368697133
262846.16	-9.877	0.00845806136554468
262847.53	-9.894	0.00841823498579243
262848.89	-10.503	0.00847854606046859
262850.25	-8.839	0.00874184539606846
262851.61	-9.569	0.00837444503264333
262852.98	-11.413	0.00857463607464745
262854.34	-10.803	0.00839726827261717
262855.70	-10.370	0.00855172723860745
262857.06	-9.627	0.00868678853648369
262858.43	-10.145	0.00830830607631118
262859.79	-7.709	0.0083664804916086
262861.15	-8.494	0.00861309788882984
262862.52	-8.251	0.00846937128616512
262863.88	-10.910	0.00852857847420018
262865.24	-10.016	0.0088194334747044
262866.60	-7.472	0.00870432730013063
262867.97	-8.768	0.00869693858717734
262869.33	-9.094	0.00848392499508062
262870.69	-8.707	0.00876472483547968
262872.05	-9.673	0.00883355034107013
262873.42	-8.635	0.0087722555600882
262874.78	-9.863	0.00909662055588685
262876.14	-8.030	0.00864163055933782
262877.51	-8.514	0.00910089625231283
262878.87	-6.932	0.00894781979248203
262880.23	-8.785	0.00891762253786928
262881.59	-7.928	0.00911614575349339
262882.96	-7.693	0.00911875016511245
262884.32	-8.217	0.00900153802469882
262885.68	-8.218	0.00916655751342728
262887.04	-8.428	0.00922330684068383
262888.41	-7.242	0.0089994802606841
262889.77	-8.775	0.00950585297052354
262891.13	-8.118	0.00900333856821171
262892.50	-8.709	0.00932931800092486
262893.86	-5.882	0.00957249166954498
262895.22	-5.922	0.00965116850420426
262896.58	-7.576	0.00971428220159207
262897.95	-5.856	0.00982209044691907
262899.31	-7.521	0.00966630539035839
262900.67	-7.707	0.00943052951306221
262902.03	-7.041	0.00978120492392395
262903.40	-6.179	0.00985105801461168
262904.76	-6.146	0.00982620554264516
262906.12	-5.761	0.00978736956990084
262907.48	-5.346	0.0100712778876419
262908.85	-6.871	0.00970926013340739
262910.21	-6.000	0.0100131263844228
262911.57	-5.846	0.010040809362668
262912.94	-4.973	0.0100494379216705
262914.30	-4.958	0.0101182469997331
262915.66	-4.562	0.0103129575158345
262917.02	-4.871	0.0105325488197729
262918.39	-5.561	0.0103254962587684
262919.75	-3.942	0.0102748456512256
262921.11	-3.416	0.0101218294977142
262922.47	-5.148	0.0103786131570052
262923.84	-3.888	0.0103723933923494
262925.20	-3.304	0.0102813386316078
262926.56	-2.746	0.0102060506230224
262927.93	-2.674	0.0108201148562804
262929.29	-2.125	0.0105778217896137
262930.65	-0.941	0.0107619108282025
262932.01	-2.403	0.0107395101647674
262933.38	-2.710	0.0107782789143386
262934.74	-2.258	0.0107056623243937
262936.10	-0.571	0.0105867693884991
262937.46	-1.053	0.0106296809012117
262938.83	-1.412	0.0113657355239705
262940.19	-0.640	0.0110952106699374
262941.55	-0.193	0.0111074681995327
262942.92	0.215	0.0112893079637164
262944.28	0.079	0.0112889279690591
262945.64	0.459	0.0109573925735061
262947.00	-0.342	0.0112552556438513
262948.37	-0.852	0.0113272983510799
262949.73	1.548	0.0113694148579052
262951.09	0.505	0.0113645110246907
262952.45	2.225	0.0117226864666221
262953.82	1.879	0.0113246922102474
262955.18	0.527	0.0118072143111674
262956.54	2.929	0.011529769361028
262957.91	0.467	0.0117128952277209
262959.27	1.977	0.012139676997437
262960.63	3.839	0.0120499347097099
262961.99	3.657	0.0120469788354555
262963.36	4.745	0.0121466120080093
262964.72	4.578	0.0119141434676028
262966.08	4.045	0.0122624431553253
262967.44	5.718	0.012440258175186
262968.81	4.941	0.0120680125556523
262970.17	6.344	0.0122789314217966
262971.53	7.468	0.0122265226364707
262972.90	6.476	0.0124718632257051
262974.26	6.730	0.0126181313398493
262975.62	7.203	0.012379147771589
262976.98	6.955	0.0125088247310612
262978.35	8.431	0.0126583018330797
262979.71	8.720	0.0126248115075883
262981.07	8.663	0.0127384428792343
262982.43	8.356	0.0127324706082546
262983.80	10.372	0.0130778985047271
262985.16	8.333	0.0128487318974181
262986.52	10.402	0.0128695946416343
262987.88	9.513	0.0131113559751628
262989.25	11.317	0.0130023128552752
262990.61	10.711	0.0131784235191217
262991.97	11.461	0.0132874739881664
262993.34	11.849	0.0130128928316648
262994.70	11.528	0.0133701357952391
262996.06	13.264	0.0134760950790764
262997.42	13.689	0.0134287001481713
262998.79	13.827	0.0134426667891178
263000.15	14.372	0.0138941250833311
263001.51	14.823	0.0133509227206617
263002.87	15.145	0.0138163491688833
263004.24	16.096	0.0136234986380074
263005.60	15.559	0.013926200912214
263006.96	16.716	0.0139047848196914
263008.33	15.835	0.0133970866677366
263009.69	15.853	0.013982418722484
263011.05	16.625	0.0142942685358822
263012.41	17.287	0.0138194332210852
263013.78	18.801	0.0141310052795717
263015.14	19.514	0.0143089184322962
263016.50	18.106	0.0139907796857039
263017.86	19.283	0.0142081973683258
263019.23	19.500	0.0142258694975607
263020.59	20.115	0.0142676341094474
263021.95	20.351	0.0144307786984843
263023.32	20.882	0.014389894688551
263024.68	20.655	0.0145201014357962
263026.04	20.527	0.0144177315667939
263027.40	21.834	0.0144783312039658
263028.77	21.890	0.0145052211216889
263030.13	22.058	0.0145587117461843
263031.49	23.805	0.0146000712898186
263032.85	22.652	0.0149435609541566
263034.22	23.937	0.0148184255576795
263035.58	25.149	0.0149819842933396
263036.94	25.274	0.0150710070121166
263038.31	25.357	0.0154142770663455
263039.67	26.496	0.015329171232202
263041.03	25.870	0.0150957427621747
263042.39	27.232	0.0156368497504367
263043.76	28.446	0.0152318802792767
263045.12	27.848	0.0154642550098532
263046.48	27.861	0.0153346604041719
263047.84	27.460	0.0156708132319604
263049.21	29.109	0.0155309676327499
263050.57	29.973	0.0156818806303934
263051.93	29.771	0.0158699957102153
263053.30	30.409	0.0155661884686091
263054.66	30.713	0.0159664732843603
263056.02	32.274	0.0159733994327137
263057.38	31.925	0.0160890449057346
263058.75	32.601	0.0161949929496844
263060.11	32.537	0.0162144340642866
263061.47	32.747	0.0163815000771423
263062.83	34.952	0.0162297855890612
263064.20	34.381	0.0162540140311211
263065.56	35.825	0.0162513540685197
263066.92	35.591	0.0162254776860345
263068.28	35.978	0.0166365767865989
263069.65	37.693	0.0166929683828213
263071.01	37.774	0.0167276894759912
263072.37	37.509	0.0166727811126122
263073.74	38.847	0.0166321832875061
263075.10	37.188	0.0170210494583407
263076.46	38.814	0.016559638892223
263077.82	39.625	0.0170595944909208
263079.19	40.223	0.0168957668625681
263080.55	41.815	0.0170303517621367
263081.91	40.791	0.0169987527638647
263083.27	41.535	0.0175512734255546
263084.64	42.270	0.0169594542265205
263086.00	43.069	0.0173058437818272
263087.36	43.145	0.0172978755662138
263088.73	43.256	0.0174997722611424
263090.09	44.345	0.0172850357239867
263091.45	45.673	0.0177128796630692
263092.81	44.950	0.0179163101703347
263094.18	46.301	0.0172920094257101
263095.54	46.741	0.0177449682449013
263096.90	47.178	0.0176915227961075
263098.26	47.709	0.0179165680392916
263099.63	48.145	0.0180930003368412
263100.99	48.723	0.0179557051113292
263102.35	48.818	0.0181300303622806
263103.72	50.275	0.0182101052660204
263105.08	49.507	0.0182245612743756
263106.44	50.785	0.0182757840354212
263107.80	51.070	0.0183316183926069
263109.17	51.681	0.0183941208130374
263110.53	52.753	0.0187744325648965
263111.89	53.748	0.0185589139909545
263113.25	52.992	0.0189534720840371
263114.62	54.210	0.0190541244117725
263115.98	54.272	0.0185385315357763
263117.34	55.406	0.0189731974381013
263118.71	54.960	0.0190125459064842
263120.07	56.393	0.0191563075257214
263121.43	57.558	0.0193277977312088
263122.79	56.795	0.0189587165723027
263124.16	58.374	0.0191509033013626
263125.52	58.800	0.0193297545523879
263126.88	59.650	0.0194567218343718
263128.24	60.181	0.0194994403236321
263129.61	60.301	0.0198033610448715
263130.97	60.823	0.019519590415752
263132.33	61.096	0.0198581429595164
263133.69	61.704	0.0197056079596496
263135.06	62.661	0.0197963484358452
263136.42	63.631	0.0201134191769757
263137.78	64.008	0.0200730982421745
263139.15	64.092	0.0201914166468978
263140.51	64.938	0.0202353959489205
263141.87	66.408	0.020295921013762
263143.23	65.855	0.0205822861115232
263144.60	67.124	0.0201477702184657
263145.96	66.743	0.0204568191383656
263147.32	67.320	0.0206605820869184
263148.68	68.542	0.0207573929669575
263150.05	69.429	0.0204880340350983
263151.41	70.312	0.0211898588774608
263152.77	70.111	0.021135449608316
263154.14	71.528	0.0209603548573759
263155.50	71.107	0.0208932222517606
263156.86	71.530	0.0212886190133702
263158.22	72.400	0.0212289559614373
263159.59	73.020	0.0215218646190743
263160.95	74.489	0.0213706775410977
263162.31	73.830	0.0214588084180339
263163.67	74.798	0.0216497313082078
263165.04	75.304	0.0217761564817727
263166.40	76.090	0.0217563150542551
263167.76	77.395	0.0220618190865666
263169.13	77.764	0.022160093529646
263170.49	78.574	0.0217977636523824
263171.85	78.810	0.0220711073405033
263173.21	79.929	0.0224936302736246
263174.58	79.864	0.0223496715240532
263175.94	80.262	0.0226258664690142
263177.30	82.028	0.0224488810393098
263178.66	81.277	0.0227009180076593
263180.03	82.819	0.0225912545324438
263181.39	83.214	0.0226542411326425
263182.75	84.304	0.0228502353735846
263184.12	83.939	0.0230995378070024
263185.48	84.633	0.0231655269702188
263186.84	86.242	0.0230495157685516
263188.20	85.761	0.0231656767633346
263189.57	87.111	0.0235395294706256
263190.93	87.629	0.0235367530022675
263192.29	87.911	0.0233956777161369
263193.65	88.459	0.0237015314818703
263195.02	89.612	0.0237029312801643
263196.38	90.302	0.0236980540336068
263197.74	90.253	0.0240282503694883
263199.11	91.722	0.0240467136138801
263200.47	92.793	0.0244066874378076
263201.83	92.196	0.024160394051958
263203.19	93.202	0.0245683468486359
263204.56	93.629	0.0243838058368795
263205.92	93.841	0.0245873777073452
263207.28	94.887	0.0250049650329547
263208.64	95.891	0.0245977851946924
263210.01	96.467	0.0247334383158745
263211.37	96.638	0.0252621472759478
263212.73	97.685	0.0252245291017811
263214.09	98.486	0.0252799942718936
263215.46	98.613	0.025615025488603
263216.82	98.970	0.0258240420037921
263218.18	99.916	0.0255130855452966
263219.55	100.194	0.0257734625101529
263220.91	101.242	0.0257632400486457
263222.27	101.898	0.0259509169890077
263223.63	102.713	0.0260708292962356
263225.00	103.656	0.0261778423195237
263226.36	103.102	0.0262776832138441
263227.72	104.774	0.0266068041951067
263229.08	105.348	0.0267151856746949
263230.45	105.612	0.0267159316141502
263231.81	106.824	0.0271443537589827
263233.17	106.952	0.0270935308785492
263234.54	106.959	0.0271963777943142
263235.90	108.248	0.0269274142038818
263237.26	108.508	0.0273577054123104
263238.62	108.986	0.0274232302817133
263239.99	110.279	0.027654880471851
263241.35	110.451	0.0281225957502356
263242.71	111.575	0.0277841690067502
263244.07	111.964	0.0279971136464603
263245.44	112.872	0.0280084672297205
263246.80	112.958	0.0282141416075992
263248.16	114.359	0.0287767107286921
263249.53	114.225	0.0283228870866203
263250.89	115.446	0.0284819678078798
263252.25	115.629	0.0290137601716999
263253.61	116.380	0.0292464926333104
263254.98	117.168	0.0290549195588764
263256.34	118.023	0.029206187477582
263257.70	118.609	0.029285105321367
263259.06	119.034	0.0297097387595135
263260.43	119.654	0.0296280273713875
263261.79	120.992	0.0296662010553775
263263.15	120.970	0.0300994876938183
263264.52	121.745	0.0298205030952465
263265.88	122.838	0.0304943349978516
263267.24	123.048	0.0305379991507217
263268.60	123.627	0.0307312705289229
263269.97	124.715	0.0309093306647913
263271.33	124.986	0.0310435643178763
263272.69	125.568	0.0313627637207733
263274.05	126.164	0.0312870300074191
263275.42	126.670	0.0313802990259934
263276.78	127.383	0.0315656380697605
263278.14	128.728	0.0315738950640213
263279.51	128.563	0.0320184202930274
263280.87	129.182	0.0320869944142114
263282.23	130.026	0.0320468055480881
263283.59	130.727	0.0325285242132053
263284.96	131.888	0.032429157987979
263286.32	132.475	0.0328223659976544
263287.68	133.319	0.0330101415031835
263289.04	132.964	0.0330761151034788
263290.41	133.875	0.0333281332666319
263291.77	134.515	0.0331627240564204
263293.13	135.337	0.0334398973038952
263294.49	135.948	0.033664641447786
263295.86	136.580	0.0338400180605196
263297.22	137.216	0.0341551153367915
263298.58	138.070	0.0341400329208613
263299.95	138.778	0.0344205050753101
263301.31	139.250	0.0344503123922881
263302.67	140.561	0.0348005756018919
263304.03	140.672	0.0353181817146562
263305.40	141.171	0.0349660369046588
263306.76	141.833	0.0354438125307889
263308.12	143.010	0.0354715112881069
263309.48	143.116	0.0359213201288331
263310.85	143.669	0.0362370997959657
263312.21	144.600	0.035835765131494
263313.57	145.456	0.0364534518507943
263314.94	145.932	0.0364642408458606
263316.30	146.553	0.0368598055573272
263317.66	146.991	0.0369345473506117
263319.02	147.956	0.0374667024169546
263320.39	148.425	0.0376327447354433
263321.75	149.074	0.0373060105010558
263323.11	149.807	0.0375942431493514
263324.47	150.370	0.0379134460106753
263325.84	151.004	0.0382236829002207
263327.20	151.551	0.038540088542625
263328.56	152.573	0.0386672507934262
263329.93	152.752	0.0385993333410528
263331.29	153.776	0.0387902748202714
263332.65	154.356	0.0391953009231721
263334.01	154.955	0.0392003843784345
263335.38	155.537	0.0398849348106575
263336.74	155.924	0.0398816825924468
263338.10	156.663	0.0400961783366285
263339.46	157.866	0.0404878198950628
263340.83	158.055	0.0402924401733532
263342.19	158.827	0.0406157648311054
263343.55	159.488	0.0409963508794492
263344.92	160.119	0.0410367014270309
263346.28	160.719	0.0412212307665964
263347.64	161.701	0.0415192907511241
263349.00	162.200	0.0415799338347841
263350.37	162.717	0.0418082232985666
263351.73	163.678	0.0426387913251342
263353.09	163.838	0.04247834798367
263354.45	164.740	0.0429128461522896
263355.82	165.386	0.0429191061211583
263357.18	165.775	0.0433022345455885
263358.54	166.721	0.0434965907890828
263359.91	167.036	0.0435580046696416
263361.27	168.288	0.043698062529804
263362.63	168.433	0.0440925752310333
263363.99	169.420	0.0442759985224409
263365.36	169.883	0.0445293442892263
263366.72	170.936	0.0450108260520998
263368.08	171.106	0.0451116212560972
263369.44	171.902	0.0453381354661136
263370.81	172.546	0.0453893398542662
263372.17	173.097	0.0457575998529315
263373.53	173.747	0.0459149554676152
263374.89	174.664	0.0461760459491745
263376.26	174.844	0.0463634853388377
263377.62	175.741	0.0468314587023309
263378.98	176.545	0.0469021441931469
263380.35	177.478	0.0470812064082141
263381.71	177.771	0.0477374919818634
263383.07	179.135	0.0480981475481965
263384.43	179.549	0.0483875809190868
263385.80	179.859	0.0487319077388901
263387.16	-179.751	0.0485698832478704
263388.52	-179.068	0.0490079701828699
263389.88	-178.435	0.0491401603379513
263391.25	-178.041	0.0494512776132984
263392.61	-177.012	0.0494958295011273
263393.97	-176.279	0.0497671156413852
263395.34	-175.427	0.0501332560566546
263396.70	-174.567	0.0508913631224885
263398.06	-174.334	0.0509223564637469
263399.42	-173.759	0.0508705163734969
263400.79	-172.955	0.0511150755744
263402.15	-172.374	0.051344399323982
263403.51	-171.569	0.0515211441768641
263404.87	-170.967	0.0518781353237286
263406.24	-170.504	0.0521773759287445
263407.60	-169.651	0.0524426619144556
263408.96	-169.103	0.052780749948255
263410.33	-168.459	0.053137385741754
263411.69	-167.742	0.0537340006981615
263413.05	-166.422	0.0540935793968138
263414.41	-166.506	0.0538809473124362
263415.78	-165.672	0.0543285689142901
263417.14	-165.006	0.0544565996625505
263418.50	-164.690	0.0547826644751781
263419.86	-163.912	0.0547849576283748
263421.23	-162.633	0.0550477969931949
263422.59	-162.531	0.0555331813746908
263423.95	-161.666	0.0558482542258226
263425.32	-160.963	0.0561664018346339
263426.68	-160.354	0.0564770682175719
263428.04	-159.631	0.0569107331214565
263429.40	-158.573	0.0570856975329322
263430.77	-158.296	0.0573116067343901
263432.13	-157.614	0.0573620653992391
263433.49	-157.168	0.0578293565880232
263434.85	-156.296	0.0579367697080751
263436.22	-155.738	0.0583899935292287
263437.58	-154.733	0.0587381127302965
263438.94	-154.607	0.0588847530576376
263440.30	-153.727	0.0592562028066774
263441.67	-153.123	0.0595669658094173
263443.03	-152.541	0.0596967294457141
263444.39	-151.676	0.0600489094884357
263445.76	-151.060	0.060061726850888
263447.12	-150.030	0.06091480210367
263448.48	-149.708	0.0608832664378409
263449.84	-148.835	0.0614250283657
263451.21	-148.242	0.0614155047225814
263452.57	-147.660	0.0615867491636061
263453.93	-147.036	0.0622141968605721
263455.29	-146.310	0.0624755099783641
263456.66	-145.573	0.0625312088084451
263458.02	-145.174	0.0627489310487872
263459.38	-144.336	0.0632415331672559
263460.75	-143.464	0.0634123881029492
263462.11	-142.847	0.0641065549073624
263463.47	-141.997	0.0643222589394477
263464.83	-141.433	0.0645582477261509
263466.20	-141.092	0.0646728385951143
263467.56	-140.261	0.0652514837814205
263468.92	-139.601	0.0650562555820401
263470.28	-138.874	0.0653954788444746
263471.65	-138.382	0.0657630705021384
263473.01	-137.717	0.0660551018000973
263474.37	-136.888	0.0662842824572656
263475.74	-136.256	0.0666784767670669
263477.10	-135.208	0.0668609146229553
263478.46	-134.274	0.0678189505388028
263479.82	-134.005	0.0676801059380327
263481.19	-133.507	0.0679023206749381
263482.55	-132.830	0.0682662046827969
263483.91	-131.608	0.0685100477731768
263485.27	-131.338	0.068810807708367
263486.64	-130.585	0.0691562427378451
263488.00	-130.008	0.0689517935077012
263489.36	-129.323	0.0694654516099899
263490.73	-128.929	0.0697243518265532
263492.09	-127.984	0.0699749366879016
263493.45	-127.127	0.0703538328623939
263494.81	-126.741	0.070665640526214
263496.18	-125.791	0.0711485493224935
263497.54	-125.554	0.0710156676981808
263498.90	-124.488	0.0712881969267631
263500.26	-123.958	0.0715859772110139
263501.63	-123.335	0.0721153132271173
263502.99	-122.509	0.0720549885348851
263504.35	-121.860	0.0725703481832162
263505.72	-121.158	0.0726682316079024
263507.08	-120.605	0.0729380492136313
263508.44	-119.733	0.0731053895229717
263509.80	-119.059	0.0736954375751218
263511.17	-118.599	0.0736718197615641
263512.53	-117.752	0.0743486894599111
263513.89	-117.077	0.0744473291993334
263515.25	-116.594	0.0746008260741862
263516.62	-115.839	0.0747588128517819
263517.98	-114.715	0.0750730509251169
263519.34	-114.156	0.0751817369624254
263520.70	-113.547	0.075724256285779
263522.07	-112.952	0.0757359565763375
263523.43	-112.300	0.0758335066951298
263524.79	-111.453	0.0763675124521758
263526.16	-110.890	0.0767519388674577
263527.52	-110.214	0.0769050032227942
263528.88	-109.556	0.0770719339246969
263530.24	-108.694	0.0771189134120688
263531.61	-108.083	0.0775105612389019
263532.97	-107.389	0.077505267251901
263534.33	-106.533	0.0783555455019151
263535.69	-106.216	0.0784252866260314
263537.06	-105.138	0.0784639766963902
263538.42	-104.694	0.0791629111584582
263539.78	-104.183	0.0789826244441112
263541.15	-103.384	0.079176222643656
263542.51	-102.589	0.0794552601993899
263543.87	-102.035	0.0796730101071474
263545.23	-101.070	0.0798364728714605
263546.60	-100.580	0.0803131798436738
263547.96	-99.818	0.0802448521354075
263549.32	-99.351	0.0803867583086046
263550.68	-98.435	0.0806842096099951
263552.05	-97.782	0.0810163294796967
263553.41	-96.734	0.0813039326942936
263554.77	-96.318	0.0814701040553366
263556.14	-95.632	0.0815932301057758
263557.50	-95.073	0.0817211235977179
263558.86	-94.411	0.0819773165144615
263560.22	-93.668	0.081946913699599
263561.59	-92.928	0.0823690302675577
263562.95	-92.328	0.082506806862866
263564.31	-91.382	0.0826621760435901
263565.67	-90.460	0.0830416389677931
263567.04	-89.972	0.0830892461596502
263568.40	-89.439	0.0832636809995044
263569.76	-88.625	0.0835875732715741
263571.13	-88.134	0.083617995540088
263572.49	-87.550	0.0837983030049965
263573.85	-87.081	0.0837076948136304
263575.21	-86.082	0.0840437540477404
263576.58	-85.423	0.0841281398806305
263577.94	-84.552	0.0845143532218693
263579.30	-83.850	0.0847111225827438
263580.66	-83.406	0.0847991682959172
263582.03	-82.790	0.0848242810145091
263583.39	-81.968	0.0852150050090524
263584.75	-81.424	0.0852120776668201
263586.12	-80.763	0.0853815485832922
263587.48	-79.853	0.0855029058645158
263588.84	-79.267	0.0856421004148594
263590.20	-78.659	0.0857048297945562
263591.57	-77.840	0.0858401725219227
263592.93	-77.154	0.0860049618091096
263594.29	-76.561	0.0862182741228312
263595.65	-75.659	0.0864273967684963
263597.02	-74.677	0.0866725665979017
263598.38	-74.156	0.0866650892627586
263599.74	-73.775	0.086374950805081
263601.10	-72.864	0.0867017421035126
263602.47	-72.349	0.086781286787176
263603.83	-71.798	0.0868981172037188
263605.19	-71.130	0.0871148315287668
263606.56	-70.383	0.0870594819998043
263607.92	-69.685	0.0871031563118034
263609.28	-69.098	0.0872284559835589
263610.64	-68.382	0.0875115723215363
263612.01	-67.695	0.0876748816181551
263613.37	-67.042	0.0876600428051707
263614.73	-66.275	0.0877030926549599
263616.09	-65.756	0.0876033485965931
263617.46	-64.784	0.0878351053495101
263618.82	-64.171	0.0880128546592595
263620.18	-63.545	0.0879926572299213
263621.55	-62.903	0.0880727961145591
263622.91	-62.126	0.0882694167630763
263624.27	-61.677	0.0878993082352246
263625.63	-60.899	0.0882651951045709
263627.00	-60.246	0.0879235716938571
263628.36	-59.452	0.0881555013681199
263629.72	-58.892	0.088385615368252
263631.08	-58.142	0.0884622247120709
263632.45	-57.501	0.0884717448967625
263633.81	-56.770	0.088519492587213
263635.17	-56.230	0.0885611313988207
263636.54	-55.543	0.0884567115472642
263637.90	-54.870	0.0886261917582586
263639.26	-54.205	0.0887428756239609
263640.62	-53.557	0.0887280709629423
263641.99	-52.809	0.0886742574078337
263643.35	-52.137	0.0888052649970616
263644.71	-51.583	0.0887362233397889
263646.07	-50.831	0.088794815576288
263647.44	-50.246	0.0885561966559156
263648.80	-49.634	0.088699682033303
263650.16	-48.882	0.0887717733746601
263651.53	-48.214	0.0886766091381362
263652.89	-47.685	0.0885824145580587
263654.25	-46.945	0.0886256399230139
263655.61	-46.253	0.0887630220415021
263656.98	-45.608	0.0886222018143565
263658.34	-44.964	0.0884838018375967
263659.70	-44.376	0.0886196548990849
263661.06	-43.663	0.0886878001753314
263662.43	-43.000	0.088468365365211
263663.79	-42.286	0.0883139029407938
263665.15	-41.717	0.0885061746174648
263666.52	-40.811	0.08853056819941
263667.88	-40.147	0.0885490986669749
263669.24	-39.790	0.0885065185147912
263670.60	-39.024	0.0884254817360655
263671.97	-38.414	0.0882084410219773
263673.33	-37.774	0.0882669632253314
263674.69	-37.128	0.0882227094106723
263676.05	-36.494	0.0882648641763454
263677.42	-35.833	0.0881296258502414
263678.78	-35.269	0.0882753246208547
263680.14	-34.571	0.088125923171925
263681.50	-34.112	0.0879910315531193
263682.87	-33.197	0.0878657087531338
263684.23	-32.710	0.0881437446619723
263685.59	-31.934	0.0876103475880634
263686.96	-31.461	0.0877979052126968
263688.32	-30.767	0.0873093176794221
263689.68	-30.102	0.0874566533667248
263691.04	-29.455	0.0875350288859391
263692.41	-28.901	0.0874981903708902
263693.77	-28.208	0.0873582088122715
263695.13	-27.649	0.0872838491751612
263696.49	-26.974	0.0872646356682805
263697.86	-26.189	0.0870865539172438
263699.22	-25.717	0.0869834487002185
263700.58	-24.535	0.0866777207347642
263701.95	-24.302	0.0864894506741861
263703.31	-23.737	0.0865364911163325
263704.67	-23.181	0.0865384851156009
263706.03	-22.416	0.0865846458204006
263707.40	-21.989	0.0864940899377416
263708.76	-21.308	0.0861663841015426
263710.12	-20.522	0.0861066884107057
263711.48	-20.023	0.0861705281615941
263712.85	-19.485	0.0859620946074919
263714.21	-18.666	0.0858385933177324
263715.57	-18.082	0.0857106581085156
263716.94	-17.468	0.0855556224498372
263718.30	-16.947	0.0853053473338494
263719.66	-16.324	0.0851827930046097
263721.02	-15.748	0.0849161480732725
263722.39	-14.951	0.0850708106541474
263723.75	-14.521	0.0850652629050716
263725.11	-13.730	0.0848937532459328
263726.47	-13.205	0.0846333280792514
263727.84	-12.403	0.0846689678170707
263729.20	-12.066	0.0846389862818368
263730.56	-11.358	0.0844198906137058
263731.93	-10.809	0.0842607757404806
263733.29	-10.261	0.0841473799741682
263734.65	-9.588	0.0839528626976707
263736.01	-8.946	0.0837019881930681
263737.38	-8.314	0.0839263052212348
263738.74	-7.862	0.0833899918288294
263740.10	-7.037	0.0834939372274435
263741.46	-6.630	0.0832547459374166
263742.83	-5.870	0.0828133791167911
263744.19	-5.216	0.0830757109574613
263745.55	-4.648	0.0825776034556466
263746.92	-4.004	0.0827656891388397
263748.28	-3.597	0.0824294386104908
263749.64	-2.852	0.0819528822960001
263751.00	-2.141	0.0822093240033299
263752.37	-1.749	0.0818571798417874
263753.73	-0.916	0.0815862218197832
263755.09	-0.554	0.0817803917405274
263756.45	0.163	0.0814504820217764
263757.82	0.714	0.0814159887524796
263759.18	1.401	0.0813269900265393
263760.54	1.937	0.0808484628410101
263761.90	2.449	0.0808348768431759
263763.27	3.083	0.0804141585604494
263764.63	3.817	0.0804458001406027
263765.99	4.297	0.0800967030693246
263767.36	4.800	0.0799568231019966
263768.72	5.552	0.0797593665949243
263770.08	6.257	0.0795541335987807
263771.44	6.616	0.0793099997843882
263772.81	7.351	0.0792924089281858
263774.17	7.862	0.0791004039826907
263775.53	8.332	0.0788216904383284
263776.89	8.937	0.0787333693479119
263778.26	9.787	0.0787296156577985
263779.62	10.128	0.078503216440477
263780.98	10.646	0.0782320005495158
263782.35	11.409	0.077957592962815
263783.71	11.957	0.0778677765350609
263785.07	12.675	0.0774810372967793
263786.43	13.093	0.0773933106234889
263787.80	13.708	0.0773860085873601
263789.16	14.186	0.0769462425860932
263790.52	14.863	0.0766156197829426
263791.88	15.457	0.0766768216187012
263793.25	16.106	0.0763263480935106
263794.61	16.618	0.0761713675535112
263795.97	17.636	0.0755577313005839
263797.34	18.005	0.0755380163218004
263798.70	18.335	0.0754756745020698
263800.06	19.090	0.0753569168771283
263801.42	19.359	0.0750363483694761
263802.79	20.059	0.074974685049876
263804.15	20.717	0.0747649669063264
263805.51	21.219	0.0743996601880952
263806.87	21.805	0.0743061964168553
263808.24	22.613	0.0741523046328792
263809.60	22.851	0.0740015057633239
263810.96	23.582	0.0734092678784814
263812.33	24.247	0.0735669758204071
263813.69	24.677	0.0731860305279673
263815.05	25.257	0.0728235216771108
263816.41	25.855	0.0727247589473814
263817.78	26.531	0.0724588132667361
263819.14	26.894	0.0724086526750569
263820.50	27.533	0.0721361789974569
263821.86	28.144	0.0718173572115488
263823.23	28.823	0.0718623362151018
263824.59	29.384	0.0714080930226148
263825.95	29.855	0.0711782176539399
263827.31	30.365	0.0710677911632861
263828.68	31.443	0.0707133635753728
263830.04	31.655	0.0704225667196711
263831.40	32.114	0.0705352839858529
263832.77	32.751	0.0701082050075738
263834.13	33.383	0.0699726521807722
263835.49	33.877	0.0698222112584027
263836.85	34.532	0.0693883150722181
263838.22	35.112	0.0692043204919143
263839.58	35.506	0.0690512900723919
263840.94	36.043	0.0686956237191877
263842.30	36.655	0.0685624375371547
263843.67	37.302	0.0683982396409704
263845.03	37.860	0.0679848821876302
263846.39	38.281	0.0675760537604876
263847.76	39.039	0.0676993618106431
263849.12	39.583	0.067372487942269
263850.48	40.101	0.0672432670628463
263851.84	40.629	0.0668478949425285
263853.21	41.194	0.0665411709501225
263854.57	41.749	0.0666019510739491
263855.93	42.278	0.0660986628486149
263857.29	42.820	0.0661228928037366
263858.66	43.568	0.0657606474417808
263860.02	43.830	0.0655199832941912
263861.38	44.397	0.0651396012930354
263862.75	45.167	0.0650789627485606
263864.11	45.803	0.0647564806500658
263865.47	46.228	0.0646189528453437
263866.83	46.953	0.0642106412368733
263868.20	47.253	0.0639684006950653
263869.56	47.890	0.0637724265562296
263870.92	48.514	0.06330322912576
263872.28	48.946	0.0634682553151906
263873.65	49.450	0.0630506267046098
263875.01	50.118	0.0628512062433528
263876.37	50.865	0.0627509365040949
263877.74	51.294	0.0623973905988933
263879.10	51.796	0.062116559632652
263880.46	52.336	0.0618626927241608
263881.82	52.962	0.0616335194161497
263883.19	53.651	0.0611729775636428
263884.55	54.238	0.061095214618296
263885.91	54.568	0.0607111329649473
263887.27	55.098	0.0605156786709073
263888.64	55.689	0.060249723479588
263890.00	56.304	0.0602980789885689
263891.36	56.937	0.059836993730733
263892.73	57.507	0.0597840674782799
263894.09	58.382	0.0593662116922811
263895.45	58.461	0.0590070750238189
263896.81	59.132	0.0590455740160906
263898.18	59.708	0.0587091633193452
263899.54	60.344	0.0585039095726402
263900.90	60.938	0.0580984909382846
263902.26	61.297	0.0579098862749024
263903.63	61.905	0.0575847833372607
263904.99	62.425	0.0573826869181778
263906.35	62.959	0.0572204581638185
263907.71	63.586	0.056867539314647
263909.08	63.854	0.0567265485438241
263910.44	64.267	0.0565605159521611
263911.80	65.240	0.0563500399808136
263913.17	65.763	0.0561180216843612
263914.53	66.444	0.0557185686202831
263915.89	67.133	0.0553862635085898
263917.25	67.380	0.0551238609863195
263918.62	67.834	0.0549589971268022
263919.98	68.542	0.0546618350363625
263921.34	69.346	0.054319339453611
263922.70	69.731	0.0541659703244025
263924.07	70.268	0.053849557332841
263925.43	70.720	0.0535649463059811
263926.79	71.335	0.0533697332372184
263928.16	71.942	0.0525442581765873
263929.52	72.460	0.0527424911005022
263930.88	73.026	0.0526570768179082
263932.24	73.391	0.0522976256487483
263933.61	74.064	0.0519428357906156
263934.97	74.864	0.0518254213322274
263936.33	75.037	0.051697956469071
263937.69	75.700	0.0510856357152818
263939.06	76.403	0.0510594070055546
263940.42	76.766	0.0509480748393523
263941.78	77.594	0.050565772978955
263943.15	78.135	0.0504092655434724
263944.51	78.539	0.049971745142032
263945.87	79.027	0.0498141893708905
263947.23	79.432	0.0492123288454589
263948.60	80.173	0.0492528570697233
263949.96	80.574	0.0490286321221733
263951.32	81.059	0.0487571507969464
263952.68	81.776	0.04856072814337
263954.05	82.225	0.0483387658716295
263955.41	82.804	0.0479746536075942
263956.77	83.396	0.0478718860194966
263958.14	83.959	0.0475591316113083
263959.50	84.401	0.0473549560291942
263960.86	85.015	0.0469462026066853
263962.22	85.393	0.046764604067779
263963.59	86.211	0.0466069408692515
263964.95	86.571	0.0461770102018288
263966.31	87.096	0.0459457039090176
263967.67	87.918	0.0457405243023395
263969.04	88.216	0.0453694886999229
263970.40	88.887	0.0452101375729089
263971.76	89.169	0.0450105444064578
263973.13	89.954	0.0447327633404526
263974.49	90.640	0.0446181722553376
263975.85	91.092	0.0442317166080631
263977.21	91.397	0.0437545944084683
263978.58	92.142	0.0435028695631479
263979.94	92.533	0.0434643694901177
263981.30	93.005	0.0430108309521148
263982.66	94.005	0.0428233606527609
263984.03	94.230	0.042480683718748
263985.39	94.710	0.0423169323919392
263986.75	95.560	0.0424526523039911
263988.11	95.758	0.0420377830857855
263989.48	96.259	0.0416567253944711
263990.84	96.538	0.0415168473725082
263992.20	97.367	0.0412723037345262
263993.57	98.010	0.0410494472432763
263994.93	98.632	0.0408912495016387
263996.29	99.221	0.0405820159882021
263997.65	99.675	0.0402413064668007
263999.02	100.087	0.039921480440177
264000.38	100.775	0.039830571581821
264001.74	101.186	0.0394397174639649
264003.10	101.854	0.0391998796642565
264004.47	101.913	0.0388646967090662
264005.83	102.720	0.038717725885803
264007.19	103.206	0.0386734048479707
264008.56	103.684	0.0383152233537922
264009.92	104.437	0.0381169052661145
264011.28	105.088	0.0378351139379491
264012.64	105.486	0.0374389850705919
264014.01	105.909	0.0372521450695434
264015.37	106.586	0.0370689995330474
264016.73	107.273	0.0369866461744253
264018.09	107.824	0.0363390393069688
264019.46	108.187	0.0363724634900454
264020.82	108.608	0.0361375617301521
264022.18	109.233	0.0358612747045744
264023.55	109.970	0.0356558603571695
264024.91	110.316	0.0352436993033904
264026.27	110.599	0.0351127816332623
264027.63	110.980	0.0349353881091819
264029.00	111.965	0.0347236805055491
264030.36	112.306	0.0345567956278031
264031.72	112.892	0.0344005069378229
264033.08	113.285	0.0340969707504262
264034.45	114.315	0.033876908668124
264035.81	114.600	0.0337331863884929
264037.17	115.171	0.0333414559917172
264038.54	115.750	0.0332572080636004
264039.90	115.996	0.0328104977572388
264041.26	116.883	0.0325518742148287
264042.62	117.594	0.0325392168046213
264043.99	117.656	0.0321682056273447
264045.35	118.317	0.0318027259877677
264046.71	118.616	0.0316337638923556
264048.07	119.485	0.0316547364416263
264049.44	119.740	0.0314012032713325
264050.80	119.834	0.0309085168537078
264052.16	120.548	0.0307051060162453
264053.53	121.251	0.0308113929860329
264054.89	121.900	0.03060705053482
264056.25	122.292	0.0302602262984804
264057.61	122.772	0.0301452861283986
264058.98	123.769	0.0299676459752487
264060.34	123.747	0.0296147228030436
264061.70	123.986	0.0294032475624692
264063.06	125.200	0.0292992850878723
264064.43	125.904	0.0288569976772322
264065.79	125.840	0.0285628772732647
264067.15	126.417	0.0287497691507169
264068.51	126.896	0.028361974443771
264069.88	127.988	0.0281404152949178
264071.24	128.130	0.0280212863213862
264072.60	128.965	0.0276214917376503
264073.97	129.356	0.0276097944732153
264075.33	129.679	0.0274255169503595
264076.69	130.166	0.0272280254267147
264078.05	130.639	0.026921130458328
264079.42	131.284	0.026808864949162
264080.78	132.111	0.0264463392384742
264082.14	132.499	0.0262224571074922
264083.50	132.896	0.0259737594664813
264084.87	133.287	0.0260766152444653
264086.23	133.746	0.0258061225970328
264087.59	134.526	0.0256761166547003
264088.96	134.493	0.0253937734912902
264090.32	135.405	0.0253489222333814
264091.68	136.177	0.0250334469078174
264093.04	136.385	0.0248160019900835
264094.41	136.952	0.0247234668064704
264095.77	137.462	0.0243474199434531
264097.13	138.040	0.0243529579657033
264098.49	138.401	0.0240283778989808
264099.86	139.166	0.0239997715207492
264101.22	139.636	0.023769030464587
264102.58	140.527	0.0234546220637264
264103.95	141.018	0.0233347281293915
264105.31	141.132	0.0234141800839832
264106.67	141.414	0.0232448736589413
264108.03	142.145	0.0229758387384537
264109.40	142.803	0.0227688194648083
264110.76	143.365	0.0223373160777458
264112.12	143.888	0.0223461130189088
264113.48	144.379	0.0222058727267266
264114.85	144.888	0.0222509116042955
264116.21	145.342	0.0218407590319476
264117.57	146.108	0.02180236336018
264118.94	146.609	0.0215287920643377
264120.30	147.078	0.0213768536431138
264121.66	147.561	0.0210979492368161
264123.02	147.673	0.0211773056523643
264124.39	148.129	0.0208957799746163
264125.75	148.657	0.0207742162685363
264127.11	149.119	0.0206870487796477
264128.47	149.401	0.0204565936921611
264129.84	150.238	0.0203704697835943
264131.20	151.083	0.0203586992437391
264132.56	151.785	0.019916166284788
264133.92	152.341	0.0197017563528241
264135.29	152.274	0.019463752167836
264136.65	152.898	0.0195267305542707
264138.01	153.548	0.0192715667356862
264139.38	154.040	0.0189935193708085
264140.74	154.418	0.0190624527360884
264142.10	155.132	0.018694719931376
264143.46	155.591	0.0187309045875862
264144.83	156.141	0.0183899799952611
264146.19	156.424	0.0185270022211984
264147.55	156.963	0.018075212134153
264148.91	158.388	0.0181618249778249
264150.28	157.834	0.0177191770261789
264151.64	158.203	0.0178962389735789
264153.00	158.793	0.0177525489005484
264154.37	159.567	0.017534165019907
264155.73	160.089	0.0174502642313918
264157.09	160.897	0.0173353143344843
264158.45	161.736	0.0171526432509308
264159.82	161.906	0.0169236925791524
264161.18	162.483	0.0168672037146729
264162.54	162.422	0.0166297085668963
264163.90	163.033	0.0167234343139751
264165.27	164.101	0.0165009895916798
264166.63	164.221	0.0162396628563318
264167.99	165.321	0.0160711053968688
264169.36	165.314	0.0160247285403869
264170.72	165.786	0.0159546095831301
264172.08	166.563	0.0158588690862214
264173.44	166.580	0.0157185269865968
264174.81	167.022	0.0154576656258207
264176.17	167.818	0.0154861321539139
264177.53	168.611	0.0152528299164691
264178.89	169.550	0.0151498837870819
264180.26	169.245	0.0151054289513583
264181.62	170.670	0.0148385116689014
264182.98	171.284	0.0149773958254294
264184.35	171.387	0.0146465356877318
264185.71	171.200	0.0144129872535208
264187.07	172.724	0.0143672582036306
264188.43	172.486	0.0144640252048781
264189.80	173.292	0.014004303864157
264191.16	173.731	0.0140713108856449
264192.52	174.353	0.0141187401846676
264193.88	175.143	0.0140451210832205
264195.25	175.185	0.0138877646039301
264196.61	176.238	0.013627690899884
264197.97	176.868	0.0135127288984823
264199.34	177.469	0.0135700754528368
264200.70	178.070	0.0134742104525591
264202.06	177.955	0.0133275763936169
264203.42	178.679	0.0131518208669843
264204.79	179.387	0.0129908107758093
264206.15	178.983	0.0130424727570731
264207.51	-179.938	0.0127372745793919
264208.87	-179.445	0.0127079172902163
264210.24	-179.400	0.0125718163027486
264211.60	-178.522	0.0124815362296361
264212.96	-178.077	0.0125179934531176
264214.32	-176.775	0.0124762126298547
264215.69	-176.177	0.012313417558088
264217.05	-176.446	0.0122599801069064
264218.41	-175.369	0.0121443573298121
264219.78	-175.139	0.0119891003318111
264221.14	-174.935	0.0118876983900417
264222.50	-173.204	0.0119916500570545
264223.86	-173.484	0.0118775358025505
264225.23	-173.248	0.0114436082743719
264226.59	-172.280	0.0116091022160428
264227.95	-171.849	0.0117567098221618
264229.31	-171.192	0.0114154655414987
264230.68	-171.104	0.011349320100616
264232.04	-170.218	0.0112767305296314
264233.40	-169.535	0.0111624599974611
264234.77	-168.759	0.0111402726757364
264236.13	-168.900	0.0110411204406755
264237.49	-167.987	0.0110100358834073
264238.85	-167.457	0.010740583790173
264240.22	-166.980	0.0105967499762739
264241.58	-166.149	0.0107196648465195
264242.94	-166.662	0.0108215693409501
264244.30	-166.224	0.0105980172735868
264245.67	-164.164	0.0104724893456548
264247.03	-163.258	0.010400425671713
264248.39	-163.303	0.0100848528617403
264249.76	-163.196	0.0102629802207819
264251.12	-162.659	0.0102525930516929
264252.48	-161.702	0.0102630550092639
264253.84	-160.673	0.01010050699887
264255.21	-160.998	0.00997099647619314
264256.57	-160.286	0.00993308628110376
264257.93	-159.310	0.00981416913622079
264259.29	-159.288	0.0098475931031457
264260.66	-158.524	0.00952554179495352
264262.02	-158.066	0.00954192090482536
264263.38	-157.516	0.00962914870003323
264264.75	-156.629	0.00939589423211014
264266.11	-156.096	0.00954196218979667
264267.47	-154.423	0.00926547371085115
264268.83	-155.752	0.0091780025288491
264270.20	-153.785	0.00939667734965482
264271.56	-154.083	0.00920005583653088
264272.92	-153.939	0.00917185560731015
264274.28	-152.484	0.00907862182146014
264275.65	-152.631	0.00926467978572236
264277.01	-151.295	0.0091218324881009
264278.37	-151.391	0.00892871803602096
264279.74	-150.025	0.00884007379883951
264281.10	-150.180	0.00891072167926276
264282.46	-149.301	0.00872596213815563
264283.82	-147.539	0.00880632560439127
264285.19	-147.891	0.00858728375802914
264286.55	-147.893	0.00848053487209669
264287.91	-147.063	0.00850045216885478
264289.27	-147.079	0.00847075357617291
264290.64	-146.288	0.00874780145567201
264292.00	-145.428	0.00851160084032028
264293.36	-145.590	0.00826571792651522
264294.72	-144.051	0.00834304338085726
264296.09	-143.873	0.00824743949181172
264297.45	-142.201	0.00818813590012638
264298.81	-142.255	0.00821682333523883
264300.18	-142.232	0.00812944747612864
264301.54	-140.919	0.00820053133449493
264302.90	-140.972	0.00809740126002619
264304.26	-138.655	0.00806914677673323
264305.63	-139.976	0.00797682969016751
264306.99	-138.295	0.0078915353717571
264308.35	-137.763	0.00786881177770876
264309.71	-137.290	0.00775072292607205
264311.08	-135.775	0.00778817941878045
264312.44	-137.061	0.00783978022911822
264313.80	-137.521	0.00779663873101578
264315.17	-135.592	0.00776743274801769
264316.53	-134.471	0.00785312197555152
264317.89	-134.001	0.00786593847339702
264319.25	-132.655	0.00758198281843756
264320.62	-133.900	0.00756662524141589
264321.98	-131.727	0.00755295386366721
264323.34	-132.161	0.00746000907261632
264324.70	-131.585	0.00752158225696496
264326.07	-130.943	0.00755011168519771
264327.43	-130.134	0.00745131934268775
264328.79	-129.139	0.00731266149697106
264330.16	-129.389	0.007374104558007
264331.52	-129.251	0.0073613524733628
264332.88	-127.518	0.00737827261089524
264334.24	-127.770	0.00706839258777713
264335.61	-127.882	0.00732816476022655
264336.97	-125.565	0.00724976395126547
264338.33	-126.681	0.00706081387749516
264339.69	-125.108	0.0073353340792224
264341.06	-125.111	0.00697726692928381
264342.42	-123.273	0.0070383191880783
264343.78	-123.771	0.00717589584308052
264345.15	-123.837	0.00705443697056633
264346.51	-123.656	0.00698170560407818
264347.87	-122.788	0.00694292475001283
264349.23	-120.653	0.00681560254696676
264350.60	-120.906	0.0068577400205053
264351.96	-119.718	0.00668933148955133
264353.32	-120.180	0.00686550116280706
264354.68	-119.527	0.00708408714527139
264356.05	-118.011	0.00669068978672239
264357.41	-118.651	0.00684356846776396
264358.77	-116.131	0.00672594736836757
264360.14	-118.909	0.00665439964849125
264361.50	-116.655	0.00670799748422105
264362.86	-115.583	0.0067708371012758
264364.22	-115.452	0.00667707893144473
264365.59	-114.035	0.00674388579647494
264366.95	-113.724	0.00663322629430779
264368.31	-113.222	0.00658256855375954
264369.67	-113.198	0.00651898969795159
264371.04	-113.202	0.00656919611378737
264372.40	-112.144	0.00661656359342888
264373.76	-111.241	0.00659095848130487
264375.12	-110.450	0.00651146783556204
264376.49	-109.882	0.00635856516168375
264377.85	-109.075	0.00642896403536908
264379.21	-108.625	0.00654883829990092
264380.58	-108.940	0.00641086760038201
264381.94	-109.155	0.00630254210407945
264383.30	-108.286	0.00637398844881682
264384.66	-108.289	0.00633585885976999
264386.03	-105.673	0.00649109553951289
264387.39	-106.643	0.00628836795751793
264388.75	-104.798	0.00607420811305041
264390.11	-105.569	0.00641469370130897
264391.48	-103.784	0.00636802741772458
264392.84	-103.289	0.00610481951428628
264394.20	-103.508	0.00638936699255166
264395.57	-104.284	0.00642676080127222
264396.93	-102.524	0.00613971244804356
264398.29	-102.023	0.0062223576114367
264399.65	-102.067	0.00622665384227249
264401.02	-100.995	0.00607379569564073
264402.38	-100.009	0.00611890071562445
264403.74	-100.435	0.00619360749233641
264405.10	-98.712	0.00620002892651178
264406.47	-99.630	0.00588957891140766
264407.83	-100.592	0.006211567535612
264409.19	-97.803	0.00593593847575498
264410.56	-97.455	0.0059977939542006
264411.92	-97.054	0.00607386118960044
264413.28	-96.445	0.00592475738153715
264414.64	-95.740	0.00600080213716204
264416.01	-97.201	0.00604479743440925
264417.37	-96.441	0.00590471558141011
264418.73	-94.998	0.00597256883673394
264420.09	-94.328	0.00583759443183395
264421.46	-95.238	0.00584433425743723
264422.82	-93.176	0.00582275907727652
264424.18	-93.438	0.00584751449713772
264425.55	-93.413	0.00585072240425353
264426.91	-92.813	0.00583264931364814
264428.27	-91.857	0.00586033099498322
264429.63	-91.670	0.00565756018265182
264431.00	-90.831	0.00564458373256148
264432.36	-89.070	0.00584556891584606
264433.72	-90.400	0.0056884208067773
264435.08	-90.573	0.00568002007164785
264436.45	-88.434	0.00553425969780513
264437.81	-88.416	0.00579155088124603
264439.17	-88.802	0.00564369318763073
264440.54	-89.533	0.00569759471647405
264441.90	-89.579	0.00553741572851721
264443.26	-87.703	0.00566144118610607
264444.62	-86.495	0.00550786606434439
264445.99	-88.205	0.00548429148112316
264447.35	-86.459	0.00559396165704079
264448.71	-87.532	0.00546145224592483
264450.07	-86.627	0.00548293642622732
264451.44	-87.287	0.00550069674534854
264452.80	-85.700	0.00538614327062621
264454.16	-86.883	0.00534860291106511
264455.52	-85.029	0.00546197943987776
264456.89	-85.704	0.00532762236418219
264458.25	-83.760	0.00552606862980743
264459.61	-83.912	0.00534505240353298
264460.98	-83.524	0.00529492164078598
264462.34	-85.022	0.00533366726212713
264463.70	-83.298	0.00529216008689395
264465.06	-83.228	0.00532526090705395
264466.43	-83.026	0.00523006035704743
264467.79	-81.945	0.00531656901560855
264469.15	-81.782	0.00528583159794194
264470.51	-81.780	0.00511663865253319
264471.88	-82.207	0.00533671997233512
264473.24	-81.225	0.00501856587897335
264474.60	-81.699	0.00520456029464098
264475.97	-80.059	0.00507323993392891
264477.33	-81.212	0.00509998438156989
264478.69	-80.634	0.005173326592712
264480.05	-81.273	0.00521907552855705
264481.42	-82.607	0.00498826897843509
264482.78	-80.893	0.00506312208983591
264484.14	-78.515	0.00493666470967041
264485.50	-79.509	0.0048920797506341
264486.87	-78.737	0.00493048471692408
264488.23	-78.227	0.00509980973101066
264489.59	-78.142	0.00487176473478073
264490.96	-79.017	0.00499519101990648
264492.32	-77.635	0.0047904019993182
264493.68	-80.135	0.00484471659402624
264495.04	-80.192	0.00487994758901451
264496.41	-79.494	0.0047952074835173
264497.77	-80.065	0.0047783294955629
264499.13	-77.029	0.00479851265889011
264500.49	-78.336	0.00453401562681907
264501.86	-78.415	0.00483389387929752
264503.22	-79.719	0.00472232373009318
264504.58	-77.945	0.00464594955930459
264505.95	-78.860	0.00468395183501058
264507.31	-80.273	0.00476359335462761
264508.67	-78.997	0.00484419739768555
264510.03	-77.371	0.00445140547999845
264511.40	-78.947	0.00452449479367236
264512.76	-79.220	0.00469805594842707
264514.12	-79.498	0.00464511348459776
264515.48	-77.993	0.00456890704751457
264516.85	-78.770	0.00455443353087317
264518.21	-77.310	0.00470658659071753
264519.57	-78.037	0.00463476673587329
264520.93	-80.318	0.0044998519888376
264522.30	-79.655	0.00442144102074745
264523.66	-76.926	0.0046200208681123
264525.02	-76.356	0.00447278936592039
264526.39	-79.937	0.00442134267173204
264527.75	-78.269	0.0044674234004093
264529.11	-78.800	0.00437847633472106
264530.47	-79.725	0.00448269170678622
264531.84	-80.182	0.00447220705328849
264533.20	-81.003	0.00443261865653837
264534.56	-79.842	0.00443312596453654
264535.92	-80.423	0.00436006626364309
264537.29	-80.358	0.00441566674470865
264538.65	-81.535	0.00445464645832164
264540.01	-82.587	0.00427256114582694
264541.38	-80.841	0.00427916436356705
264542.74	-84.002	0.00425758053733906
264544.10	-79.633	0.00441719688246708
264545.46	-83.670	0.00429735612144598
264546.83	-82.795	0.00437036805281766
264548.19	-82.498	0.0043689282664624
264549.55	-83.480	0.00421991610671236
264550.91	-82.158	0.00425778609758885
264552.28	-82.523	0.00429038847196965
264553.64	-82.798	0.00442407936818062
264555.00	-83.945	0.00449245009063168
264556.37	-83.062	0.00429351272838444
264557.73	-83.637	0.0043953696694449
264559.09	-83.326	0.00429596086233726
264560.45	-85.187	0.00426298497784958
264561.82	-86.508	0.00449302289258956
264563.18	-84.598	0.00422360603207953
264564.54	-85.562	0.00441919131403891
264565.90	-86.016	0.00418299718323765
264567.27	-86.630	0.00435833099793824
264568.63	-87.148	0.00431420168664805
264569.99	-87.017	0.00439136913411039
264571.36	-87.501	0.00431766270738374
264572.72	-89.320	0.00436719818839791
264574.08	-87.541	0.00428450460702796
264575.44	-89.636	0.00428965182703664
264576.81	-87.286	0.00435669062282187
264578.17	-89.451	0.00451096802139908
264579.53	-88.736	0.0044186018684015
264580.89	-89.663	0.00445978849068995
264582.26	-90.122	0.00443155021877316
264583.62	-90.520	0.00448910708871448
264584.98	-89.961	0.00440084392694879
264586.35	-90.492	0.00454574790782656
264587.71	-92.493	0.00459285168241576
264589.07	-92.302	0.00451383592191877
264590.43	-91.609	0.00457531940331928
264591.80	-91.562	0.00463955773790968
264593.16	-91.679	0.00456023352896216
264594.52	-93.338	0.00463261321666334
264595.88	-92.143	0.00463015535588483
264597.25	-93.746	0.00473885998223799
264598.61	-93.734	0.00487299334094247
264599.97	-95.158	0.00483265446555168
264601.33	-94.919	0.00493687480910552
264602.70	-94.502	0.00490693088426434
264604.06	-94.731	0.00493858327200178
264605.42	-96.438	0.00502546025302941
264606.79	-95.590	0.00496867742226211
264608.15	-96.010	0.00500660382872765
264609.51	-96.300	0.00497113420228222
264610.87	-95.625	0.00501960621701987
264612.24	-98.108	0.00512287419626185
264613.60	-96.759	0.00519852252970156
264614.96	-98.618	0.00517872627788551
264616.32	-97.742	0.0052565374250575
264617.69	-98.679	0.00521477367777752
264619.05	-99.388	0.00521697777648111
264620.41	-99.159	0.00522445965080945
264621.78	-97.710	0.0055187447623588
264623.14	-98.112	0.00535363492222718
264624.50	-98.697	0.00562514867020642
264625.86	-99.051	0.00547216472329561
264627.23	-98.201	0.0055311151231322
264628.59	-98.317	0.00554344138896243
264629.95	-100.198	0.00569497474193387
264631.31	-98.378	0.00569335576583405
264632.68	-101.009	0.00578729442231977
264634.04	-99.120	0.00581288202615751
264635.40	-101.156	0.00587120450535726
264636.77	-97.559	0.00596002577076644
264638.13	-101.366	0.00589587562606239
264639.49	-98.762	0.00607590944294115
264640.85	-100.127	0.00611073083049161
264642.22	-99.586	0.00600198729683565
264643.58	-98.374	0.0061767831099992
264644.94	-100.937	0.00626373228568868
264646.30	-99.262	0.0063119384338572
264647.67	-100.481	0.00614542749852144
264649.03	-100.520	0.00623995149376261
264650.39	-99.716	0.00639585002995646
264651.76	-100.612	0.00644189639051625
264653.12	-100.357	0.00655282262385926
264654.48	-99.746	0.00646068883392007
264655.84	-100.492	0.00661322902142728
264657.21	-100.624	0.00673819084810351
264658.57	-100.123	0.00681194547665529
264659.93	-100.577	0.00674983407461793
264661.29	-100.038	0.00684671174552679
264662.66	-100.730	0.00700182997414783
264664.02	-100.541	0.00689798357300423
264665.38	-100.392	0.00707870929141777
264666.75	-101.156	0.00701777094455981
264668.11	-100.161	0.00718383833664367
264669.47	-99.962	0.00731637498287159
264670.83	-100.522	0.00734888333127062
264672.20	-99.708	0.00744721137996717
264673.56	-100.506	0.00741704395428657
264674.92	-100.321	0.00747070922934122
264676.28	-99.788	0.00752871828860174
264677.65	-100.746	0.00767822305803555
264679.01	-98.963	0.00770192365768752
264680.37	-99.059	0.00782823924234949
264681.73	-99.884	0.00799317680959039
264683.10	-99.081	0.00773678784327106
264684.46	-100.291	0.00803533719520724
264685.82	-99.819	0.00805634368029202
264687.19	-98.622	0.00807445005825648
264688.55	-98.392	0.00813025912569538
264689.91	-99.873	0.00832147511755038
264691.27	-99.206	0.00821837443971044
264692.64	-99.205	0.00835901201868457
264694.00	-99.168	0.00839894258354764
264695.36	-98.372	0.008483054768408
264696.72	-99.175	0.00866973935639697
264698.09	-97.410	0.00866118753124165
264699.45	-98.462	0.00867813447158268
264700.81	-98.582	0.0087532465326988
264702.18	-97.650	0.0088831381307914
264703.54	-98.932	0.00887049390583662
264704.90	-97.378	0.00897684658573556
264706.26	-98.451	0.00912261387643212
264707.63	-97.583	0.00904847946937468
264708.99	-97.987	0.00919650857127398
264710.35	-97.298	0.00919907040101164
264711.71	-96.987	0.00933192500636411
264713.08	-98.102	0.00944401219039232
264714.44	-97.236	0.00954135220974944
264715.80	-96.687	0.00956218793500528
264717.17	-96.239	0.00959429013439342
264718.53	-95.950	0.00953641681838933
264719.89	-97.443	0.00974259872041783
264721.25	-96.521	0.00974347283782073
264722.62	-96.490	0.0101179798362539
264723.98	-96.084	0.00986958804987328
264725.34	-96.929	0.010059104441051
264726.70	-96.393	0.00999244391070965
264728.07	-96.240	0.0101393721520914
264729.43	-95.685	0.0101408999121813
264730.79	-94.857	0.0102986705380949
264732.16	-94.359	0.0105733545827972
264733.52	-95.417	0.0105190546864036
264734.88	-94.993	0.0106346173733302
264736.24	-94.689	0.0106329409008829
264737.61	-93.981	0.0106220985163511
264738.97	-94.424	0.0107469756115679
264740.33	-94.308	0.0108179740900197
264741.69	-94.006	0.0108904045733662
264743.06	-94.176	0.0109008792838866
264744.42	-93.324	0.0110782012617602
264745.78	-93.623	0.0111468404446006
264747.15	-93.838	0.0111560041951683
264748.51	-93.487	0.0112804323433411
264749.87	-93.086	0.0112493240093878
264751.23	-93.171	0.0115538488745789
264752.60	-92.689	0.0114386153866643
264753.96	-92.764	0.0115374005961688
264755.32	-92.158	0.0116338044625902
264756.68	-91.638	0.0116849124470925
264758.05	-91.736	0.0118989397905789
264759.41	-91.992	0.0118872691128008
264760.77	-91.580	0.0119888666718426
264762.13	-91.904	0.0120077555188967
264763.50	-91.192	0.012224071692546
264764.86	-90.927	0.0121959858075652
264766.22	-90.818	0.0122584759073498
264767.59	-90.450	0.0123782139963218
264768.95	-90.279	0.0123843581078889
264770.31	-90.576	0.012480739062232
264771.67	-90.212	0.0125567658772673
264773.04	-89.218	0.0128038633473748
264774.40	-89.582	0.0127525234321174
264775.76	-89.429	0.0127167812384007
264777.12	-88.779	0.0129458140478184
264778.49	-89.414	0.012980993814858
264779.85	-89.099	0.013050573905971
264781.21	-89.023	0.0130762194384596
264782.58	-88.615	0.0132215403759324
264783.94	-88.190	0.0135248668961973
264785.30	-88.053	0.0133553521009337
264786.66	-88.144	0.0134644682800898
264788.03	-87.680	0.01373991015259
264789.39	-87.836	0.0135611939963661
264790.75	-87.136	0.0139136232619774
264792.11	-87.803	0.01376587580572
264793.48	-86.995	0.0138563932133796
264794.84	-87.081	0.0139584062159546
264796.20	-86.699	0.0141032665341925
264797.57	-86.049	0.0140235649244079
264798.93	-85.937	0.0143239230336208
264800.29	-85.914	0.0142157265798726
264801.65	-85.937	0.0144985774835842
264803.02	-85.878	0.0144155547032022
264804.38	-85.222	0.0144990886823127
264805.74	-85.447	0.0147559471300858
264807.10	-85.338	0.0147771174581457
264808.47	-84.222	0.0148603931359959
264809.83	-84.781	0.0149431541566907
264811.19	-84.518	0.014909391263928
264812.56	-83.989	0.015139113597212
264813.92	-84.395	0.0152463280738679
264815.28	-83.848	0.0153349545866114
264816.64	-83.393	0.0153785121767021
264818.01	-83.384	0.0155643051390019
264819.37	-83.151	0.015561308844383
264820.73	-83.056	0.0157481384701508
264822.09	-82.785	0.015833564208784
264823.46	-82.176	0.0158521009447477
264824.82	-81.816	0.0159254325644574
264826.18	-81.888	0.0159474084898369
264827.54	-81.637	0.016055171127159
264828.91	-81.780	0.0162101812799389
264830.27	-81.469	0.0161313090441589
264831.63	-81.182	0.0162941395648015
264833.00	-80.988	0.0163787547346264
264834.36	-81.175	0.0164234665747002
264835.72	-80.632	0.0166281585431831
264837.08	-80.678	0.0166363751170793
264838.45	-80.504	0.0167356224588804
264839.81	-80.176	0.0167703606280332
264841.17	-79.782	0.0170135442396307
264842.53	-79.015	0.0170058176815981
264843.90	-79.860	0.0170193070596303
264845.26	-78.840	0.0172296366962889
264846.62	-79.116	0.0172229625807971
264847.99	-78.517	0.0174148497236254
264849.35	-78.499	0.0175291537593064
264850.71	-78.236	0.0175038333189479
264852.07	-77.794	0.0175297142406184
264853.44	-77.928	0.0178225161193244
264854.80	-77.087	0.0177826590460332
264856.16	-77.047	0.0179140321477558
264857.52	-76.840	0.0180760211898995
264858.89	-76.825	0.0182085960949752
264860.25	-76.450	0.0182832032257616
264861.61	-76.098	0.0183264925716147
264862.98	-75.765	0.0184162936525994
264864.34	-75.814	0.0183614698045281
264865.70	-75.355	0.0185715806956843
264867.06	-75.344	0.0188034839994418
264868.43	-74.636	0.0188010094949838
264869.79	-74.859	0.0188561385492304
264871.15	-75.066	0.0190513315158866
264872.51	-74.514	0.0190714398907317
264873.88	-74.179	0.0193176500581837
264875.24	-74.002	0.0193932484605848
264876.60	-73.656	0.0193693157140261
264877.97	-73.715	0.0195361214802564
264879.33	-73.069	0.019622951556369
264880.69	-72.865	0.0196956507162565
264882.05	-72.867	0.0197517429423991
264883.42	-72.224	0.0199246558582588
264884.78	-72.270	0.0200119763825384
264886.14	-71.844	0.0201081898193278
264887.50	-72.035	0.0201802472248708
264888.87	-71.286	0.0201106498416231
264890.23	-71.330	0.0202831315348768
264891.59	-70.571	0.0203829212012485
264892.96	-70.985	0.0206406835953567
264894.32	-70.509	0.0206397061574497
264895.68	-70.379	0.0207980670936074
264897.04	-70.114	0.0209553418675619
264898.41	-69.691	0.0209525796652148
264899.77	-69.335	0.0210967405166091
264901.13	-68.942	0.0210808572586963
264902.49	-69.057	0.02114062449574
264903.86	-68.702	0.0212904999653088
264905.22	-68.345	0.0213873194914152
264906.58	-68.274	0.0215106774726093
264907.94	-67.997	0.0216389526884223
264909.31	-67.336	0.0217663021265803
264910.67	-67.604	0.0217955357769937
264912.03	-66.993	0.0219289923647812
264913.40	-66.661	0.0220523579112842
264914.76	-66.617	0.022184984476612
264916.12	-66.591	0.0221585638241909
264917.48	-65.795	0.0224118319925224
264918.85	-65.961	0.022415857601452
264920.21	-65.342	0.0225189433648259
264921.57	-65.037	0.0226954647168686
264922.93	-64.892	0.0226473164973509
264924.30	-64.695	0.0227424666840155
264925.66	-64.482	0.0229443383053489
264927.02	-64.451	0.022980527068441
264928.39	-64.116	0.023090108622169
264929.75	-63.720	0.0233170371949602
264931.11	-63.605	0.0232544755489688
264932.47	-62.968	0.0234394274650731
264933.84	-63.127	0.0235267700368242
264935.20	-62.544	0.0235995039971326
264936.56	-62.314	0.0236325125205243
264937.92	-62.041	0.0238349074450803
264939.29	-61.583	0.0237668825653208
264940.65	-61.265	0.0239700694696404
264942.01	-61.053	0.0240777151689024
264943.38	-60.652	0.0241614447652852
264944.74	-61.048	0.0243395275970803
264946.10	-60.375	0.0243161293936317
264947.46	-59.953	0.0245139092636207
264948.83	-60.008	0.0245449609658333
264950.19	-59.718	0.0247840175933622
264951.55	-59.439	0.0247492588897995
264952.91	-58.923	0.0248909413460055
264954.28	-58.805	0.0249682205438876
264955.64	-58.381	0.0250255660174837
264957.00	-58.381	0.0251070586601072
264958.37	-58.328	0.0253258197254341
264959.73	-57.588	0.0253438078684284
264961.09	-57.424	0.0254310877561917
264962.45	-57.277	0.0255680135784788
264963.82	-56.836	0.0256338611623433
264965.18	-56.656	0.0257987375586581
264966.54	-56.361	0.0257983214666698
264967.90	-55.978	0.0259110932030756
264969.27	-55.876	0.0260158016171279
264970.63	-55.428	0.0261377245673039
264971.99	-55.450	0.0261059666975455
264973.36	-54.884	0.0262814442531147
264974.72	-54.766	0.0263146676312786
264976.08	-54.538	0.0264770113783328
264977.44	-54.242	0.0265321138459226
264978.81	-53.624	0.026867807567538
264980.17	-53.608	0.0267278536763347
264981.53	-53.157	0.0267932453963014
264982.89	-53.202	0.0269498135704068
264984.26	-52.528	0.0270506295249657
264985.62	-52.484	0.0271856545093593
264986.98	-52.331	0.0270709034719995
264988.34	-51.720	0.027381063411546
264989.71	-51.590	0.0274852889427402
264991.07	-51.297	0.0274757155847348
264992.43	-51.101	0.0276282038958382
264993.80	-50.893	0.0276965305233461
264995.16	-50.537	0.0278154958700542
264996.52	-50.084	0.0279195158409987
264997.88	-49.893	0.0279586766897214
264999.25	-49.489	0.0280912338703591
265000.61	-49.254	0.0280632666526518
265001.97	-48.863	0.0281394994602402
265003.33	-48.515	0.0283787231730195
265004.70	-48.505	0.0284992221159129
265006.06	-48.214	0.0286083715824281
265007.42	-47.799	0.0286186772623329
265008.79	-47.454	0.028694714452649
265010.15	-47.193	0.0289217651511407
265011.51	-46.911	0.0288562048328618
265012.87	-46.644	0.0290579560577082
265014.24	-46.589	0.0291304969945643
265015.60	-46.262	0.0292287442025317
265016.96	-45.967	0.0292856502397579
265018.32	-45.745	0.0294500240834115
265019.69	-45.254	0.0294676858373657
265021.05	-44.839	0.0295234103894968
265022.41	-44.565	0.0296862156203926
265023.78	-44.625	0.0296040096772178
265025.14	-44.238	0.0297432027144996
265026.50	-43.638	0.0300287699964017
265027.86	-43.639	0.0300692478573242
265029.23	-43.453	0.0300672852000496
265030.59	-43.073	0.0302649829323993
265031.95	-42.829	0.0303113788102293
265033.31	-42.468	0.0302440819293355
265034.68	-42.157	0.0303644232976526
265036.04	-41.731	0.0304961251660838
265037.40	-41.540	0.0307306542804769
265038.77	-41.268	0.0307478899994654
265040.13	-40.932	0.030708099068589
265041.49	-40.766	0.030867876662872
265042.85	-40.273	0.030907741301472
265044.22	-40.217	0.0310058594668851
265045.58	-39.960	0.0311213426099926
265046.94	-39.623	0.0311211690401918
265048.30	-39.312	0.0312541626310759
265049.67	-39.046	0.031392182180875
265051.03	-38.768	0.0313446541005336
265052.39	-38.446	0.0314779913725925
265053.76	-38.342	0.0316107517358115
265055.12	-38.085	0.031675404217025
265056.48	-37.606	0.0317943310887337
265057.84	-37.457	0.0319193640293134
265059.21	-37.010	0.0320344150852082
265060.57	-36.731	0.0320600234396074
265061.93	-36.492	0.032229834146524
265063.29	-36.032	0.0322632099116237
265064.66	-35.929	0.0323521258514697
265066.02	-35.611	0.0323952718887575
265067.38	-35.454	0.0324884996223604
265068.74	-35.004	0.0324691765265767
265070.11	-34.791	0.0326246827474674
265071.47	-34.432	0.0326957748195976
265072.83	-34.174	0.0328130879028468
265074.20	-33.787	0.0329355525291384
265075.56	-33.563	0.0329085017945637
265076.92	-33.147	0.0330679246839361
265078.28	-33.018	0.0332225014525932
265079.65	-32.804	0.033250434302183
265081.01	-32.536	0.0332722364416101
265082.37	-32.168	0.0333005185923183
265083.73	-31.764	0.0334167094160335
265085.10	-31.432	0.0335463989123032
265086.46	-31.113	0.0335944340844911
265087.82	-30.897	0.0336431058233831
265089.19	-30.650	0.033731779673345
265090.55	-30.374	0.0338629437563909
265091.91	-30.274	0.0338660554760081
265093.27	-29.999	0.0338877179814484
265094.64	-29.391	0.0340490803998654
265096.00	-29.449	0.0341467057394431
265097.36	-28.879	0.0341501161806851
265098.72	-28.636	0.03427026452555
265100.09	-28.255	0.0344277174084907
265101.45	-28.350	0.0344601280563294
265102.81	-27.851	0.0344879720675778
265104.18	-27.713	0.0345667048855228
265105.54	-27.222	0.034692839335075
265106.90	-27.054	0.0347614971069601
265108.26	-26.617	0.0348093701653863
265109.63	-26.473	0.0348699261399184
265110.99	-26.215	0.0350516820372494
265112.35	-25.984	0.0350966054898201
265113.71	-25.601	0.0351468726442786
265115.08	-25.286	0.0351959181094291
265116.44	-25.126	0.0352503135448663
265117.80	-24.592	0.0353185647354371
265119.17	-24.325	0.035415497525025
265120.53	-24.205	0.0354827345319028
265121.89	-23.755	0.0356539666522816
265123.25	-23.740	0.0356982451082325
265124.62	-23.301	0.0356471609004152
265125.98	-22.905	0.0358946230184106
265127.34	-22.514	0.035810707531581
265128.70	-22.032	0.0359974120055248
265130.07	-22.096	0.0360164193037007
265131.43	-21.903	0.0360770587127822
265132.79	-21.606	0.0362320102884562
265134.16	-21.090	0.0361623244991705
265135.52	-20.934	0.0363158254809052
265136.88	-20.792	0.0363822249000144
265138.24	-20.272	0.036398196780117
265139.61	-19.932	0.0364382466607086
265140.97	-19.913	0.0366775624541045
265142.33	-19.427	0.0366756572931774
265143.69	-19.285	0.036679525111379
265145.06	-18.808	0.0367289808324225
265146.42	-18.463	0.0368184315315303
265147.78	-18.303	0.0367893612917886
265149.14	-18.012	0.0368363554774749
265150.51	-17.710	0.0370776488426114
265151.87	-17.497	0.0372108624759081
265153.23	-17.183	0.037246546740974
265154.60	-16.928	0.0373068282028697
265155.96	-16.545	0.0373113542029436
265157.32	-16.369	0.0373385735358305
265158.68	-15.960	0.0374583090309823
265160.05	-15.702	0.0375440274389932
265161.41	-15.420	0.0375904358536207
265162.77	-15.102	0.0376838326178392
265164.13	-14.672	0.0378214153250885
265165.50	-14.398	0.0377567976442958
265166.86	-14.297	0.0377151516996826
265168.22	-13.885	0.0379438557423916
265169.59	-13.694	0.0380030918947521
265170.95	-13.253	0.038039809364859
265172.31	-12.993	0.0380218547253755
265173.67	-12.668	0.0381663536380007
265175.04	-12.463	0.0381741854619026
265176.40	-12.180	0.0383541980959165
265177.76	-11.938	0.0384398354470466
265179.12	-11.521	0.0383985262667543
265180.49	-11.322	0.0383487873870072
265181.85	-11.013	0.0386068590941726
265183.21	-10.769	0.0386518955940731
265184.58	-10.398	0.038586091889
265185.94	-10.185	0.038679450178219
265187.30	-9.872	0.038770529147949
265188.66	-9.688	0.0388007921126731
265190.03	-9.297	0.0388211529526831
265191.39	-9.028	0.0388511366494338
265192.75	-8.559	0.0388327972599559
265194.11	-8.518	0.0390120252633634
265195.48	-7.961	0.039087857325733
265196.84	-7.527	0.0391465567734665
265198.20	-7.377	0.0391386590233016
265199.57	-7.287	0.0392359512731369
265200.93	-6.986	0.0392717574477516
265202.29	-6.463	0.0394127304941365
265203.65	-6.363	0.039369749596734
265205.02	-5.818	0.0394445188412821
265206.38	-5.647	0.0395988876720209
265207.74	-5.273	0.0395903269846466
265209.10	-4.994	0.0396696434121335
265210.47	-4.898	0.0396285276875969
265211.83	-4.581	0.039753233806833
265213.19	-4.307	0.0397870898609707
265214.55	-3.899	0.0398159054740307
265215.92	-3.546	0.0399156432639987
265217.28	-3.338	0.0399303344453841
265218.64	-3.018	0.0399092628986429
265220.01	-2.698	0.0399552675419281
265221.37	-2.409	0.0400270320619416
265222.73	-2.117	0.0400425763940168
265224.09	-1.661	0.0401617140136156
265225.46	-1.412	0.0401665977447236
265226.82	-1.121	0.0403314047563485
265228.18	-1.017	0.0403907243432583
265229.54	-0.700	0.0402830918292489
265230.91	-0.227	0.0402963453857959
265232.27	0.069	0.0404842843019968
265233.63	0.284	0.0404795484186394
265235.00	0.585	0.0405367654981362
265236.36	0.917	0.0405693687371238
265237.72	1.313	0.0406075208059455
265239.08	1.641	0.0406185767483394
265240.45	1.837	0.0405550259922501
265241.81	2.338	0.0407738985918451
265243.17	2.434	0.0406952020873827
265244.53	2.835	0.04083567560723
265245.90	3.015	0.0408808962683637
265247.26	3.405	0.040733380310558
265248.62	3.698	0.0408878660793569
265249.99	3.932	0.0410342372978536
265251.35	4.095	0.0409714022199841
265252.71	4.578	0.040923419572655
265254.07	4.787	0.0410695398390487
265255.44	5.188	0.0410448224618835
265256.80	5.462	0.0410173746566686
265258.16	5.923	0.041168614907959
265259.52	6.199	0.0411312632488164
265260.89	6.503	0.0412272443225475
265262.25	6.762	0.0412507175306297
265263.61	6.992	0.0413057041409178
265264.98	7.266	0.0411936067977605
265266.34	7.589	0.0412713673654388
265267.70	8.051	0.0413961396270898
265269.06	8.393	0.0412828113001023
265270.43	8.720	0.0413840963038116
265271.79	8.952	0.0414407747333164
265273.15	9.380	0.0415069588653501
265274.51	9.601	0.0414233533400329
265275.88	9.753	0.041472253551253
265277.24	10.143	0.0414962705969677
265278.60	10.418	0.0414955810731014
265279.97	10.856	0.0416261985085429
265281.33	11.004	0.0416345767638974
265282.69	11.401	0.0415372620342871
265284.05	11.627	0.0415991134058508
265285.42	12.059	0.0416333278394776
265286.78	12.468	0.0416107369625621
265288.14	12.809	0.0416560276568409
265289.50	12.932	0.0417908472971364
265290.87	13.161	0.041840388614246
265292.23	13.522	0.0417429865593561
265293.59	13.869	0.041723829684216
265294.95	14.122	0.0416827507054653
265296.32	14.552	0.0417126648013743
265297.68	14.711	0.0417901508564163
265299.04	15.026	0.041827231677501
265300.41	15.417	0.0418042525921643
265301.77	15.715	0.0417245499016212
265303.13	16.071	0.0418468857015101
265304.49	16.382	0.0417413533172452
265305.86	16.612	0.0417832683707027
265307.22	16.955	0.0417749039490559
265308.58	17.308	0.0418786156877015
265309.94	17.585	0.0419051707864688
265311.31	17.855	0.0418968660226863
265312.67	18.387	0.0418488548433351
265314.03	18.647	0.041896320023537
265315.40	18.924	0.0418276797599382
265316.76	19.071	0.041852902715888
265318.12	19.479	0.041892312355197
265319.48	19.813	0.0418407448322183
265320.85	20.095	0.0419165673839138
265322.21	20.322	0.0419580715330235
265323.57	20.693	0.041831263122526
265324.93	20.958	0.0417830602166328
265326.30	21.389	0.0418961263516297
265327.66	21.512	0.0417902366686341
265329.02	22.003	0.0417941265343073
265330.39	22.404	0.0418467378537595
265331.75	22.566	0.0416646404367706
265333.11	22.830	0.0418044951143517
265334.47	23.164	0.0417535645903805
265335.84	23.521	0.0418338402990331
265337.20	23.985	0.041822516544705
265338.56	24.057	0.0417718147092136
265339.92	24.589	0.0418065950279445
265341.29	24.779	0.0418003218738231
265342.65	24.980	0.0417514741874618
265344.01	25.300	0.0418240434401882
265345.38	25.669	0.0416795255062149
265346.74	25.955	0.0416502540292571
265348.10	26.207	0.0416793692285487
265349.46	26.515	0.0416561605901254
265350.83	26.785	0.0416665002058444
265352.19	27.127	0.0416061182334165
265353.55	27.400	0.0415458292062119
265354.91	27.806	0.0415618412905273
265356.28	28.058	0.0416022285838949
265357.64	28.373	0.0414794051458109
265359.00	28.732	0.0414588024320685
265360.37	29.079	0.0414740951635855
265361.73	29.199	0.041423962671625
265363.09	29.699	0.0415386672363732
265364.45	30.071	0.0413656146865268
265365.82	30.344	0.0414252061922528
265367.18	30.637	0.0413403435287518
265368.54	30.720	0.0412515088619383
265369.90	31.107	0.0412898626002796
265371.27	31.628	0.0411575922529242
265372.63	31.921	0.0411972480889992
265373.99	32.128	0.0412153023744082
265375.35	32.482	0.0410992935504095
265376.72	32.845	0.0411688572139947
265378.08	33.000	0.041130941831265
265379.44	33.285	0.0411630667265798
265380.81	33.670	0.0409762991363448
265382.17	33.917	0.0409561099207705
265383.53	34.192	0.0409985558427596
265384.89	34.643	0.0409004508625991
265386.26	34.925	0.040823681134232
265387.62	35.204	0.040885101715493
265388.98	35.438	0.0408016250165784
265390.34	35.777	0.0407744901989993
265391.71	36.068	0.040680298212742
265393.07	36.392	0.040658385187502
265394.43	36.674	0.040640494096613
265395.80	36.981	0.0405581150159407
265397.16	37.280	0.0404044026378608
265398.52	37.712	0.0404431590667861
265399.88	37.976	0.0405259207359359
265401.25	38.139	0.0403427155415757
265402.61	38.601	0.0403491242228018
265403.97	38.860	0.0402247961528578
265405.33	39.084	0.0402345569143718
265406.70	39.483	0.0400740372713638
265408.06	39.642	0.0400089481637521
265409.42	40.139	0.0399983068002848
265410.79	40.223	0.03994936487179
265412.15	40.586	0.0398183486364948
265413.51	40.992	0.0398238270008807
265414.87	41.212	0.0397394065837215
265416.24	41.430	0.0397074241323653
265417.60	41.819	0.0397165842083543
265418.96	42.059	0.0396383848527611
265420.32	42.372	0.0395498432876287
265421.69	42.714	0.0394447661188065
265423.05	43.010	0.039367906255188
265424.41	43.315	0.0393999680342116
265425.78	43.664	0.0392294170077835
265427.14	43.786	0.0391627899809528
265428.50	44.237	0.03912154240389
265429.86	44.541	0.0391703174632861
265431.23	44.815	0.0389961132572768
265432.59	44.964	0.0389160519710929
265433.95	45.344	0.0389331087164885
265435.31	45.543	0.0387785974417912
265436.68	46.065	0.0387397608205918
265438.04	46.146	0.0385669235578208
265439.40	46.579	0.0385658246426684
265440.77	46.866	0.038430051341151
265442.13	47.074	0.0384355381354524
265443.49	47.194	0.038420155917139
265444.85	47.625	0.0383165874870587
265446.22	47.859	0.0382087714602711
265447.58	48.180	0.0381251475620609
265448.94	48.514	0.0380561880424275
265450.30	48.762	0.0380098794898772
265451.67	48.953	0.0379024661536736
265453.03	49.213	0.0378218214740994
265454.39	49.585	0.0376565367672568
265455.75	49.743	0.0376560700957749
265457.12	49.966	0.0375025010262603
265458.48	50.345	0.0374674937482632
265459.84	50.672	0.0374148428730532
265461.21	50.790	0.037303548101092
265462.57	51.166	0.0372649462206195
265463.93	51.501	0.0372887118819278
265465.29	51.643	0.0370838277545994
265466.66	52.039	0.0369284747852514
265468.02	52.321	0.036928125484133
265469.38	52.666	0.0368477027923364
265470.74	52.678	0.0367067092115417
265472.11	53.048	0.0366120159695333
265473.47	53.337	0.036537415539449
265474.83	53.637	0.0363998937869741
265476.20	53.849	0.0362835101559584
265477.56	54.122	0.0362069864082057
265478.92	54.556	0.0361346397917119
265480.28	54.754	0.0360795781767901
265481.65	54.869	0.0359204321777226
265483.01	55.017	0.0358725065944376
265484.37	55.337	0.0357645353707422
265485.73	55.680	0.0356737575003056
265487.10	55.795	0.0356553310016997
265488.46	56.221	0.0354670058224427
265489.82	56.476	0.0353822054106262
265491.19	56.538	0.0352608109513133
265492.55	56.750	0.035233047780794
265493.91	57.095	0.0351254827061095
265495.27	57.549	0.0351394923612409
265496.64	57.704	0.0349052734245117
265498.00	58.036	0.034870110733455
265499.36	58.302	0.034647461099365
265500.72	58.330	0.0346234278422741
265502.09	58.704	0.0344488272140796
265503.45	58.874	0.0344166768128663
265504.81	59.088	0.0342868241220765
265506.18	59.345	0.0341519590899277
265507.54	59.515	0.0340094515827507
265508.90	59.877	0.0340747594358647
265510.26	60.193	0.0339306312233744
265511.63	60.387	0.0338703644597931
265512.99	60.704	0.033683056274201
265514.35	60.819	0.0335523707509796
265515.71	61.098	0.0333412798280962
265517.08	61.204	0.0332999401704167
265518.44	61.450	0.0332058646899161
265519.80	61.616	0.0331227096247047
265521.16	61.840	0.0330496393323788
265522.53	61.882	0.0329659596670345
265523.89	62.129	0.0327938153865568
265525.25	62.447	0.0327610072357745
265526.62	62.694	0.0326292416025971
265527.98	62.876	0.0325519020983957
265529.34	63.079	0.0324545785065664
265530.70	63.458	0.0323445292005982
265532.07	63.558	0.0322201568195593
265533.43	63.768	0.0320589042061969
265534.79	63.935	0.0320682205598522
265536.15	64.225	0.0318674783310585
265537.52	64.322	0.0317785077048369
265538.88	64.501	0.0316857617733336
265540.24	64.835	0.0315731017873475
265541.61	64.996	0.031474778493988
265542.97	65.120	0.0313040374702312
265544.33	65.358	0.0312589034859221
265545.69	65.608	0.0309998655807371
265547.06	65.529	0.030938400904533
265548.42	65.816	0.0308688223264817
265549.78	66.175	0.0307811907599314
265551.14	66.272	0.0306770106205905
265552.51	66.520	0.0305355006534269
265553.87	66.637	0.0305165424216828
265555.23	66.822	0.0303465067008651
265556.60	66.959	0.0301912782348861
265557.96	67.228	0.0302275999312629
265559.32	67.447	0.030065441642352
265560.68	67.688	0.0299142843933076
265562.05	67.810	0.029833203303487
265563.41	67.734	0.0296988332586905
265564.77	67.936	0.0295341533442548
265566.13	68.222	0.0294123743510992
265567.50	68.406	0.0293248212476096
265568.86	68.555	0.0292353766007489
265570.22	68.664	0.0291448656776398
265571.59	68.852	0.0290025272010783
265572.95	69.015	0.0287901153752649
265574.31	68.950	0.0288060866069124
265575.67	69.337	0.0286804586007516
265577.04	69.308	0.0286199707139993
265578.40	69.551	0.0283466147052325
265579.76	69.764	0.0283583093758473
265581.12	69.781	0.0281937675823366
265582.49	69.992	0.0280988437064833
265583.85	70.047	0.0278681499875395
265585.21	70.202	0.0279301321308709
265586.58	70.488	0.0277430608475224
265587.94	70.520	0.0277280577592596
265589.30	70.595	0.0276379527690097
265590.66	70.856	0.0274957059407614
265592.03	70.920	0.0274613423624739
265593.39	71.020	0.0273117976049789
265594.75	71.268	0.0271567846422271
265596.11	71.304	0.0270162819419027
265597.48	71.489	0.0268777473026448
265598.84	71.621	0.0269253797842488
265600.20	71.601	0.0267787995470754
265601.56	71.578	0.0266613989223948
265602.93	71.974	0.0265608198700797
265604.29	72.118	0.0264382344149977
265605.65	71.899	0.0262793581732296
265607.02	72.054	0.0262501802899502
265608.38	72.203	0.0261203135493011
265609.74	72.252	0.0260261550665546
