Measurement started: 16:33:42.835 29.05.2019
ended: 16:38:02.819 29.05.2019
Measurement Current was 1.000E-10A
Field [T]	Gate [V]	LI#1(Rxx) [Ohm]	Phase#1 [°]	LI#2(Rxy) [Ohm]	Phase#2 [°]	
5.375150E+0	0.000000E+0	2.280793E+3	-1.228615E+2	5.322857E+3	1.695115E+2
5.374370E+0	0.000000E+0	6.112555E+3	-3.463387E+1	4.384907E+3	-4.462587E-2
5.373430E+0	0.000000E+0	4.879512E+3	-6.985191E+0	6.131422E+3	3.951004E+0
5.372900E+0	0.000000E+0	6.280950E+3	-1.336636E+2	1.063734E+3	-5.599284E+0
5.372400E+0	0.000000E+0	3.435950E+3	5.360470E+1	6.438721E+3	-9.908891E+0
5.372000E+0	0.000000E+0	3.299999E+3	5.925539E+1	1.240533E+4	-3.092047E+1
5.371490E+0	0.000000E+0	1.007095E+3	7.670951E+1	2.544162E+3	-7.857508E+1
5.371040E+0	0.000000E+0	5.721684E+3	1.097284E+2	6.941307E+3	-1.713356E+1
5.370630E+0	0.000000E+0	5.721058E+3	2.968092E+0	1.011305E+4	-3.529098E+1
5.370180E+0	0.000000E+0	8.001657E+3	2.399214E+1	7.409878E+3	-6.668512E+0
5.369270E+0	0.000000E+0	8.667233E+3	3.132559E+1	2.218021E+3	-5.631617E+1
5.368790E+0	0.000000E+0	3.435452E+3	2.169428E+1	6.434709E+3	3.516328E+1
5.368310E+0	0.000000E+0	1.058313E+4	-1.630188E+1	2.254503E+3	-1.020992E+2
5.367780E+0	0.000000E+0	8.980968E+3	-1.984020E+1	3.842346E+3	-2.554904E+1
5.367300E+0	0.000000E+0	8.415181E+3	-2.834534E+1	5.332359E+3	1.206323E+1
5.366900E+0	0.000000E+0	6.078475E+3	2.189447E-1	5.129778E+3	-5.693792E+0
5.366370E+0	0.000000E+0	6.928949E+3	-1.328562E+2	2.285464E+3	-1.181355E+2
5.365810E+0	0.000000E+0	5.107882E+3	-9.515312E+0	5.537731E+3	-5.521147E+1
5.365310E+0	0.000000E+0	5.380610E+3	9.646474E+1	5.055319E+3	-7.908517E+0
5.365060E+0	0.000000E+0	5.463573E+3	1.017397E+2	6.735560E+3	8.139350E+0
5.364500E+0	0.000000E+0	8.686257E+3	8.269045E+1	7.813363E+3	7.097836E+0
5.364000E+0	0.000000E+0	1.314038E+3	1.665760E+1	1.443634E+3	-1.641548E+2
5.363570E+0	0.000000E+0	1.173582E+4	1.609336E+0	3.556832E+3	1.721635E+2
5.363140E+0	0.000000E+0	2.316719E+3	-6.885681E+1	1.479613E+3	3.283840E+1
5.362030E+0	0.000000E+0	4.863950E+3	-4.564349E+1	7.937954E+3	-6.325191E-1
5.361620E+0	0.000000E+0	7.899458E+3	-8.372412E+1	4.163275E+3	5.220944E+0
5.361140E+0	0.000000E+0	3.307012E+3	4.390051E+1	2.894842E+3	-1.192314E+0
5.360740E+0	0.000000E+0	4.658659E+3	1.529417E+2	4.735236E+3	3.099085E+1
5.360210E+0	0.000000E+0	3.646021E+3	6.587462E+1	4.459868E+3	-2.835337E+1
5.359750E+0	0.000000E+0	8.184174E+3	6.724538E+1	1.979164E+3	-9.412483E+1
5.359300E+0	0.000000E+0	4.892010E+3	2.783158E+1	3.466175E+3	2.857921E+1
5.358720E+0	0.000000E+0	1.051107E+4	4.233642E+1	5.656162E+3	-6.919019E+0
5.358340E+0	0.000000E+0	7.882201E+3	-3.958542E+1	4.423731E+3	9.552381E+1
5.357890E+0	0.000000E+0	7.042163E+3	-1.787700E+1	7.218797E+3	3.254063E+1
5.357410E+0	0.000000E+0	1.761671E+3	-1.187675E+2	9.475455E+3	9.535533E+0
5.356980E+0	0.000000E+0	4.420135E+3	-6.586887E+1	7.877167E+3	-3.569772E+1
5.356550E+0	0.000000E+0	1.245541E+3	-1.756482E+2	5.872784E+3	3.700505E+0
5.356040E+0	0.000000E+0	6.833319E+2	-1.051891E+2	5.834472E+3	-1.269933E+1
5.355160E+0	0.000000E+0	2.536571E+3	9.467081E+1	2.949587E+3	-5.308862E+1
5.354730E+0	0.000000E+0	1.543612E+3	8.495005E+1	6.507164E+3	-3.085181E+1
5.354300E+0	0.000000E+0	2.536113E+3	9.431735E+1	8.433412E+3	-2.348429E+1
5.353950E+0	0.000000E+0	1.657089E+3	3.184983E+1	4.277284E+3	2.137022E+1
5.353420E+0	0.000000E+0	4.470666E+3	2.415967E+1	5.420467E+2	6.428363E+1
5.353070E+0	0.000000E+0	5.090099E+3	6.220918E+1	3.696260E+3	1.474776E+2
5.352810E+0	0.000000E+0	7.822738E+3	5.616589E+1	1.509923E+3	-5.170977E+1
5.352310E+0	0.000000E+0	3.462397E+3	4.186453E+1	3.801864E+3	-6.580015E+1
5.351600E+0	0.000000E+0	8.058999E+3	1.490961E+0	2.179065E+3	5.243700E+1
5.351250E+0	0.000000E+0	5.528998E+3	-3.176820E+1	6.651137E+3	7.635292E+1
5.350920E+0	0.000000E+0	3.882703E+3	1.421563E+0	1.886688E+3	1.260267E+2
5.350620E+0	0.000000E+0	2.750121E+3	-5.104229E+1	6.883393E+3	2.849946E+1
5.350390E+0	0.000000E+0	5.632856E+3	-3.470780E+1	1.797551E+4	3.226711E+1
5.349660E+0	0.000000E+0	5.383539E+3	-5.725687E+1	1.091928E+4	3.428764E+1
5.349410E+0	0.000000E+0	1.188041E+3	-1.935429E+1	9.579901E+3	-1.298007E+1
5.349080E+0	0.000000E+0	2.456632E+3	-1.032735E+2	1.447942E+4	-1.125431E+1
5.348730E+0	0.000000E+0	2.027928E+3	-6.648743E+1	5.498466E+3	-4.080776E+0
5.348400E+0	0.000000E+0	3.449705E+3	-1.704002E+2	4.919736E+3	3.144651E+0
5.347720E+0	0.000000E+0	1.026436E+3	3.552695E+1	4.877469E+3	-8.170308E+1
5.347310E+0	0.000000E+0	4.562047E+2	1.145004E+2	4.337678E+3	-6.052879E+1
5.346930E+0	0.000000E+0	5.018629E+3	9.165711E+1	6.224806E+3	-1.777492E+1
5.346610E+0	0.000000E+0	1.457518E+3	8.010310E+1	4.230274E+3	-4.324442E+1
5.346200E+0	0.000000E+0	3.427589E+3	4.513950E+1	2.991226E+2	2.820825E+1
5.345470E+0	0.000000E+0	4.550169E+3	2.204841E+1	3.930340E+3	4.008370E+1
5.344890E+0	0.000000E+0	1.176168E+3	2.264073E+1	1.965933E+4	-7.299562E+1
5.344410E+0	0.000000E+0	1.609281E+3	-1.002885E+1	1.010526E+4	-5.112230E+1
5.344110E+0	0.000000E+0	6.071199E+3	2.927093E+1	8.458955E+3	-2.349352E+1
5.343630E+0	0.000000E+0	6.512059E+3	3.922434E+1	4.218360E+3	-5.792238E+1
5.343200E+0	0.000000E+0	4.802268E+3	1.061447E+1	4.136353E+3	6.902011E+1
5.342290E+0	0.000000E+0	5.505849E+3	1.236528E+1	4.890347E+3	1.812967E+1
5.341790E+0	0.000000E+0	6.031268E+3	9.874438E+0	1.778211E+3	8.937592E+1
5.341180E+0	0.000000E+0	3.939494E+3	-2.540093E+1	6.616921E+3	5.921004E+1
5.340800E+0	0.000000E+0	4.000105E+3	1.113195E+1	1.021873E+4	6.865903E+1
5.340270E+0	0.000000E+0	4.415840E+3	-1.983863E+1	5.176036E+3	3.313082E+1
5.339790E+0	0.000000E+0	6.613863E+3	-3.292702E+1	6.210669E+3	3.457225E+1
5.339310E+0	0.000000E+0	4.197899E+3	-6.416009E+1	8.136790E+3	-2.312167E+0
5.338860E+0	0.000000E+0	1.571930E+3	-4.665610E+1	1.231623E+4	2.019120E+1
5.338380E+0	0.000000E+0	1.343074E+3	-6.874240E+1	3.600383E+3	3.882312E+0
5.337900E+0	0.000000E+0	1.294882E+3	-6.723057E+1	6.607306E+3	-2.381468E+1
5.337290E+0	0.000000E+0	3.774348E+3	7.837975E+1	7.000403E+3	2.616276E+1
5.336710E+0	0.000000E+0	4.159793E+3	7.012132E+1	1.103626E+4	-4.701525E+1
5.336260E+0	0.000000E+0	6.206853E+3	1.618919E+1	1.082828E+3	1.740678E+2
5.335750E+0	0.000000E+0	2.081812E+3	4.067180E+1	4.148635E+3	-8.684526E+1
5.335220E+0	0.000000E+0	5.616429E+3	5.866509E+0	5.186871E+3	-5.240749E+1
5.334870E+0	0.000000E+0	5.700511E+3	2.234157E+1	3.157894E+3	1.410676E+1
5.334210E+0	0.000000E+0	6.746108E+3	-4.851373E+1	3.858977E+3	2.644894E+1
5.333730E+0	0.000000E+0	3.725762E+3	-3.632886E+1	4.923531E+3	4.353973E+1
5.333250E+0	0.000000E+0	1.859194E+3	-1.680764E+2	1.475476E+4	-4.024022E+1
5.332670E+0	0.000000E+0	1.514611E+3	-1.316815E+2	1.141690E+4	-1.433288E+1
5.332120E+0	0.000000E+0	2.746550E+3	1.438725E+2	1.094134E+4	-1.554488E+1
5.331510E+0	0.000000E+0	3.579787E+3	1.389930E+1	5.121691E+3	-1.161547E+1
5.331030E+0	0.000000E+0	7.027517E+3	6.169024E+1	3.871944E+3	3.935126E+1
5.330480E+0	0.000000E+0	5.413037E+3	-4.974430E+0	4.089338E+3	-9.277894E+0
5.329950E+0	0.000000E+0	6.013458E+3	-2.039809E+1	5.729014E+3	1.156264E+2
5.329390E+0	0.000000E+0	2.169663E+3	-9.501577E+1	8.986588E+3	7.711819E+0
5.328860E+0	0.000000E+0	1.816024E+3	-3.420788E+1	1.030153E+4	-4.387031E+0
5.328230E+0	0.000000E+0	6.676509E+2	-1.057450E+2	5.634226E+3	4.607461E+0
5.326720E+0	0.000000E+0	6.359909E+3	1.833184E+1	3.245234E+3	-5.782587E+1
5.326140E+0	0.000000E+0	6.081420E+3	-1.577911E+1	5.337194E+3	6.181407E+1
5.325610E+0	0.000000E+0	3.498699E+3	-6.064684E+1	8.917612E+3	1.814683E+1
5.325080E+0	0.000000E+0	5.374449E+2	-2.066616E+1	8.115755E+3	2.379901E+1
5.324520E+0	0.000000E+0	1.334339E+3	-1.401173E+2	4.839211E+3	-3.927330E+1
5.324020E+0	0.000000E+0	9.144296E+2	-3.532175E-1	2.584388E+3	1.070359E+2
5.323410E+0	0.000000E+0	5.188499E+3	6.814217E+1	4.137063E+3	6.628694E+1
5.322830E+0	0.000000E+0	6.000813E+3	-3.292178E+0	3.306418E+3	4.755083E+1
5.322330E+0	0.000000E+0	7.980104E+3	-2.945701E+0	4.083539E+3	2.901044E+1
5.321800E+0	0.000000E+0	7.174676E+3	-1.036264E+2	2.725199E+3	-6.073893E+1
5.321170E+0	0.000000E+0	7.954939E+2	4.961920E+1	8.018991E+3	-2.302660E+1
5.320690E+0	0.000000E+0	4.727393E+3	9.795459E+1	1.119111E+3	-2.945854E+1
5.320180E+0	0.000000E+0	8.679533E+3	-1.127229E+1	5.438744E+3	4.400732E+1
5.319580E+0	0.000000E+0	2.128224E+3	2.979762E+1	6.853145E+3	2.672556E+1
5.319070E+0	0.000000E+0	6.432089E+3	-6.958068E+1	8.885567E+3	-2.458254E+1
5.318540E+0	0.000000E+0	3.503210E+3	4.558622E+1	8.367348E+3	-3.204774E+1
5.318010E+0	0.000000E+0	2.095137E+3	-1.563529E+2	1.358530E+3	3.365114E+0
5.317380E+0	0.000000E+0	6.706091E+3	1.510659E+1	4.040828E+3	-3.846059E+0
5.316900E+0	0.000000E+0	4.029038E+3	4.182889E+1	5.888368E+3	2.755612E+1
5.316370E+0	0.000000E+0	1.082476E+4	-4.740463E+1	4.546011E+3	2.503307E+0
5.315860E+0	0.000000E+0	7.903474E+2	1.284640E+2	4.657407E+3	3.296854E+1
5.315260E+0	0.000000E+0	2.965450E+3	-1.759495E+2	1.313900E+3	-8.385788E+1
5.314780E+0	0.000000E+0	1.030191E+4	3.866924E+1	3.618222E+3	-2.286608E+1
5.314270E+0	0.000000E+0	3.391976E+3	-5.004122E+1	7.754695E+3	2.738284E+1
5.313720E+0	0.000000E+0	5.718877E+3	-3.311380E+1	1.283384E+4	1.414445E+1
5.313160E+0	0.000000E+0	4.972654E+3	1.532326E+2	1.023863E+4	-9.130484E+0
5.312660E+0	0.000000E+0	5.140500E+3	-5.716655E+0	6.758496E+3	-2.822978E+1
5.312100E+0	0.000000E+0	6.065628E+3	4.834477E+1	3.521536E+3	1.315242E+2
5.311570E+0	0.000000E+0	4.416859E+3	-5.807650E+1	7.154580E+3	2.104107E+0
5.311070E+0	0.000000E+0	5.603502E+3	1.244871E+1	1.031309E+3	1.607364E+1
5.310510E+0	0.000000E+0	1.591057E+3	-1.289999E+2	4.877914E+3	1.279304E+2
5.309980E+0	0.000000E+0	3.138699E+3	1.332640E+1	5.480400E+3	4.639966E+1
5.309580E+0	0.000000E+0	5.664463E+3	3.642660E+1	6.790772E+3	3.738674E+1
5.309080E+0	0.000000E+0	6.704121E+3	-2.278855E+1	4.764284E+3	2.122385E+1
5.308520E+0	0.000000E+0	2.992352E+3	-6.752721E+1	4.314329E+3	-7.782487E-1
5.308070E+0	0.000000E+0	2.397170E+3	-1.533273E+2	3.603206E+3	-1.964083E+1
5.307460E+0	0.000000E+0	7.254932E+3	4.717674E+1	3.866792E+3	-1.010039E+2
5.307080E+0	0.000000E+0	4.443486E+3	-2.047466E+1	2.870403E+3	3.690657E+1
5.306500E+0	0.000000E+0	6.985435E+3	-4.274772E+1	6.989227E+3	-3.086774E+0
5.305950E+0	0.000000E+0	4.303015E+3	1.602840E+2	6.598792E+3	-1.142079E-1
5.305490E+0	0.000000E+0	3.781057E+3	2.536108E+1	9.577562E+3	-3.964254E+1
5.305060E+0	0.000000E+0	7.470535E+3	4.280004E+1	4.154231E+3	-8.847034E+0
5.304480E+0	0.000000E+0	7.043191E+3	-4.571812E+1	4.214207E+3	3.021449E+1
5.304080E+0	0.000000E+0	5.193252E+3	3.427268E+1	5.510781E+3	1.252872E+1
5.303550E+0	0.000000E+0	4.281428E+3	-9.709639E+1	3.280871E+3	-4.740613E+1
5.303020E+0	0.000000E+0	3.702669E+3	-3.606370E+0	3.941242E+3	4.270647E+1
5.301980E+0	0.000000E+0	4.957739E+3	1.052716E+0	4.746403E+3	-1.195686E+1
5.301500E+0	0.000000E+0	5.001876E+3	9.838966E+0	4.594655E+3	2.942689E+1
5.300950E+0	0.000000E+0	4.122491E+3	-9.078186E+1	5.942930E+3	-1.399596E+1
5.300550E+0	0.000000E+0	2.461508E+3	4.737715E+1	5.721127E+3	2.263759E+0
5.300120E+0	0.000000E+0	3.738924E+3	6.971929E+1	1.247312E+3	1.176821E+1
5.299610E+0	0.000000E+0	7.886350E+3	-2.949989E+1	5.533234E+3	3.055356E+1
5.299030E+0	0.000000E+0	1.602224E+3	-7.405929E+1	5.354064E+3	2.828389E+0
5.298550E+0	0.000000E+0	2.212729E+3	-8.706963E+1	6.654361E+3	-2.945885E+1
5.298150E+0	0.000000E+0	7.086835E+3	4.517019E+1	2.472936E+3	1.689504E+2
5.297570E+0	0.000000E+0	3.943673E+3	-5.551083E+1	2.906248E+3	4.395085E+0
5.297090E+0	0.000000E+0	5.023915E+3	3.059614E+0	1.065680E+4	2.880285E+1
5.296630E+0	0.000000E+0	1.549871E+3	1.593672E+2	4.968083E+3	-4.888803E+1
5.296150E+0	0.000000E+0	7.243151E+3	-8.769446E+0	1.266771E+3	-6.954516E+1
5.295520E+0	0.000000E+0	1.846258E+3	5.384090E+1	1.295099E+3	1.682131E+2
5.295170E+0	0.000000E+0	2.642944E+3	-4.012911E+1	7.704520E+3	-1.238990E+1
5.294640E+0	0.000000E+0	4.404174E+3	2.952527E+1	1.872131E+3	-2.075761E+1
5.294110E+0	0.000000E+0	2.352058E+3	-5.244692E+1	2.112056E+3	3.703718E+1
5.293600E+0	0.000000E+0	2.545146E+3	1.288714E+1	4.926290E+3	5.000728E+1
5.293150E+0	0.000000E+0	1.440360E+3	4.100304E+1	3.790914E+3	-4.750662E+1
5.292620E+0	0.000000E+0	5.925940E+3	-1.425430E+1	2.401798E+3	4.587382E+1
5.292190E+0	0.000000E+0	1.786622E+3	4.399874E+0	2.765928E+3	8.484353E+1
5.291610E+0	0.000000E+0	3.126451E+3	-3.513088E+1	7.512370E+3	1.390390E+1
5.291230E+0	0.000000E+0	3.910438E+3	2.788026E+1	5.487007E+3	1.310025E+1
5.290780E+0	0.000000E+0	2.995918E+3	-3.635237E+1	2.644696E+3	-8.161078E+1
5.290170E+0	0.000000E+0	4.954057E+3	-6.906890E+0	9.654664E+3	5.110423E+1
5.289640E+0	0.000000E+0	6.248168E+2	-1.788351E+2	6.284283E+3	-9.575399E-1
5.289290E+0	0.000000E+0	3.862357E+3	3.449343E+0	4.254506E+3	-1.931095E+1
5.288710E+0	0.000000E+0	2.233345E+3	3.857266E+1	2.559596E+3	7.001690E+1
5.288230E+0	0.000000E+0	4.368267E+3	-4.627323E+1	6.386974E+3	-1.531553E+1
5.287800E+0	0.000000E+0	3.829134E+3	4.962107E+1	5.595233E+3	1.482452E+1
5.287270E+0	0.000000E+0	2.790512E+3	-7.191457E+1	4.319100E+3	-5.072180E+1
5.286820E+0	0.000000E+0	5.958675E+3	-1.320595E+1	8.739536E+3	2.545000E+1
5.286230E+0	0.000000E+0	1.513961E+3	1.534961E+2	2.121008E+3	9.411809E-1
5.285860E+0	0.000000E+0	5.007312E+3	-1.082053E+1	4.841044E+3	-1.270875E+1
5.285250E+0	0.000000E+0	4.201368E+3	3.855669E+1	1.040899E+3	-8.687708E+0
5.284820E+0	0.000000E+0	4.255134E+3	-7.280709E+1	5.242093E+3	-4.274656E+1
5.284390E+0	0.000000E+0	4.147888E+3	3.973350E+1	5.989770E+3	3.532297E+1
5.283890E+0	0.000000E+0	2.095718E+3	9.087837E+1	2.171035E+3	-6.690714E+1
5.283430E+0	0.000000E+0	7.847858E+3	-1.563911E+1	8.296818E+3	2.181877E+1
5.282880E+0	0.000000E+0	2.136489E+3	1.412380E+2	5.986887E+3	1.762233E+1
5.282450E+0	0.000000E+0	1.642587E+3	-7.928118E+1	3.540107E+3	-1.591150E+1
5.281940E+0	0.000000E+0	6.789511E+3	4.767344E+1	7.936880E+3	2.959263E+1
5.281440E+0	0.000000E+0	4.374448E+3	-7.271772E+1	2.775246E+3	4.753223E+0
5.280780E+0	0.000000E+0	4.774134E+3	1.289484E+1	5.743844E+3	1.149453E+1
5.280180E+0	0.000000E+0	2.821529E+3	1.398115E+2	3.849733E+3	1.271885E+1
5.279500E+0	0.000000E+0	7.971337E+3	-1.387691E+1	6.154554E+3	-7.936313E+0
5.278710E+0	0.000000E+0	1.430273E+3	3.060609E+1	2.446305E+3	1.066369E+2
5.277960E+0	0.000000E+0	2.312392E+3	-1.059206E+2	1.327640E+3	7.436786E+1
5.277070E+0	0.000000E+0	6.278194E+3	1.923720E+1	7.106584E+3	6.602765E+1
5.276090E+0	0.000000E+0	2.966483E+3	-5.142977E+1	5.241504E+3	5.806710E+1
5.275080E+0	0.000000E+0	2.490234E+3	-2.858491E+1	2.417863E+3	-9.558249E+1
5.273970E+0	0.000000E+0	5.001455E+3	4.161171E+1	5.981688E+3	5.570823E+1
5.272860E+0	0.000000E+0	4.957696E+3	-2.797338E+1	4.151819E+3	-3.459413E+1
5.271550E+0	0.000000E+0	2.430403E+3	-3.877617E+1	5.291553E+3	1.145257E+2
5.199390E+0	0.000000E+0	5.674593E+3	1.101529E+1	5.094962E+3	1.001939E+2
5.198680E+0	0.000000E+0	2.452293E+3	-1.272200E+2	2.450783E+3	-1.216920E+2
5.197820E+0	0.000000E+0	2.060470E+3	2.183088E+1	9.397183E+3	-4.089823E+1
5.196890E+0	0.000000E+0	6.597154E+3	-2.785600E+1	8.990612E+3	-1.107931E+2
5.196010E+0	0.000000E+0	2.398148E+3	-8.138790E+1	3.037338E+3	-1.106102E+2
5.195100E+0	0.000000E+0	3.920360E+3	9.366666E+1	2.610141E+3	-1.822505E+1
5.194240E+0	0.000000E+0	3.452187E+3	-1.986628E+1	4.228711E+3	-6.771134E+1
5.193280E+0	0.000000E+0	2.448815E+3	-2.961595E+1	6.140037E+3	-4.645655E+1
5.192120E+0	0.000000E+0	1.653612E+3	8.378378E+1	5.005620E+3	-6.690614E+1
5.191310E+0	0.000000E+0	7.697571E+3	-4.258625E+1	5.546044E+3	-7.479947E+1
5.190150E+0	0.000000E+0	3.488515E+3	8.697417E+1	3.972304E+3	1.529851E+2
5.189070E+0	0.000000E+0	3.994314E+3	-6.338221E+1	1.324469E+3	-9.919736E+1
5.187930E+0	0.000000E+0	4.154370E+3	9.095759E+0	3.182297E+3	-2.247277E+1
5.186720E+0	0.000000E+0	1.759667E+3	1.000663E+2	7.954753E+3	-9.317656E+1
5.185460E+0	0.000000E+0	6.217396E+3	-1.425842E+1	6.504695E+3	-8.657138E+1
5.184070E+0	0.000000E+0	3.455537E+3	-6.572895E+1	5.963141E+3	-1.480003E+2
5.182710E+0	0.000000E+0	3.209650E+3	1.220887E+2	5.810494E+3	-8.336967E+1
5.181290E+0	0.000000E+0	5.494051E+3	1.517298E+1	4.412449E+3	-8.236378E+1
5.179900E+0	0.000000E+0	5.272572E+3	-1.770135E+1	3.478600E+3	-9.609186E+1
5.178420E+0	0.000000E+0	2.882770E+3	1.357415E+1	8.044861E+3	-1.277570E+2
5.176720E+0	0.000000E+0	1.451655E+3	-6.377710E+1	3.937411E+3	-1.206658E+2
5.175260E+0	0.000000E+0	3.895887E+3	-1.015887E+1	4.325591E+3	-1.739812E+1
5.170340E+0	0.000000E+0	6.192476E+3	4.756280E+1	5.004372E+3	-1.614387E+2
5.168750E+0	0.000000E+0	5.589567E+3	1.807714E+1	4.601681E+3	-1.268660E+2
5.167080E+0	0.000000E+0	5.496405E+3	-5.699486E+1	2.425228E+3	-1.639143E+2
5.165040E+0	0.000000E+0	6.829129E+2	1.547178E+1	2.244865E+3	-3.626110E+1
5.163470E+0	0.000000E+0	3.573008E+3	6.324514E+1	4.056321E+3	-7.208101E+1
5.161680E+0	0.000000E+0	7.078783E+3	-1.866006E+1	5.129090E+3	-1.130858E+2
5.159890E+0	0.000000E+0	1.686921E+3	-3.845852E+1	1.771321E+3	-1.332362E+2
5.158200E+0	0.000000E+0	1.544685E+3	-4.241642E+1	3.361520E+3	-5.004680E+1
5.156130E+0	0.000000E+0	5.684235E+3	-2.927221E+1	4.481571E+3	-8.396114E+1
5.154290E+0	0.000000E+0	2.115158E+3	8.716075E+1	3.502575E+3	-8.528773E+1
5.152420E+0	0.000000E+0	2.949270E+3	-4.036882E+1	4.187671E+3	-1.390845E+2
5.150380E+0	0.000000E+0	6.530503E+3	-4.560389E+0	2.005532E+3	1.727439E+2
5.148730E+0	0.000000E+0	1.694367E+3	-1.601493E+2	1.296750E+3	5.781331E+1
5.146640E+0	0.000000E+0	3.196744E+3	2.142055E+0	6.024806E+3	-3.635774E+1
5.144920E+0	0.000000E+0	3.690569E+3	6.681617E+0	1.783203E+3	1.011595E+2
5.142830E+0	0.000000E+0	4.777054E+3	-5.068632E+1	3.612807E+3	-2.352441E+1
5.140890E+0	0.000000E+0	4.605636E+3	3.461553E+1	2.649143E+3	-4.326040E+1
5.138940E+0	0.000000E+0	1.920957E+3	-6.076607E+1	5.263437E+3	-1.161393E+2
5.136800E+0	0.000000E+0	3.165832E+3	-3.356893E+1	4.415588E+3	-2.841354E+0
5.134680E+0	0.000000E+0	2.440269E+3	1.029866E+2	4.339989E+3	-5.474692E+1
5.132780E+0	0.000000E+0	5.876332E+3	-1.899719E+1	6.606582E+3	-6.639672E+1
5.130760E+0	0.000000E+0	2.918727E+3	-7.915164E+1	4.536995E+3	-2.625636E+1
5.128770E+0	0.000000E+0	2.830865E+3	1.415987E+2	7.892894E+3	-7.158869E+1
5.126780E+0	0.000000E+0	5.728654E+3	3.715045E+1	5.934156E+3	-9.650799E+1
5.124710E+0	0.000000E+0	6.185388E+3	-2.681384E+1	8.523194E+3	-1.403899E+2
5.122660E+0	0.000000E+0	6.082125E+3	-1.050481E+2	4.070688E+3	-1.424220E+1
5.120570E+0	0.000000E+0	3.149410E+3	9.832917E+1	2.555976E+3	-1.804147E+1
5.118320E+0	0.000000E+0	4.965570E+3	3.103062E+1	3.061704E+3	-9.758579E+1
5.116350E+0	0.000000E+0	7.542202E+3	-4.207757E+1	1.686363E+3	-1.749684E+2
5.114230E+0	0.000000E+0	2.540098E+3	-1.426017E+2	2.330758E+3	-6.633103E+1
5.111680E+0	0.000000E+0	1.827629E+3	7.717223E+1	4.591590E+3	-1.111378E+2
5.110070E+0	0.000000E+0	4.948723E+3	6.819576E+0	7.230553E+3	-6.915647E+1
5.107920E+0	0.000000E+0	4.611378E+3	-6.313218E+1	5.622131E+3	-6.661296E+1
5.105800E+0	0.000000E+0	1.163591E+3	-5.658100E+1	2.855599E+3	-9.620916E+1
5.103730E+0	0.000000E+0	2.385237E+3	1.362212E+1	3.217902E+3	-9.465505E+1
5.101640E+0	0.000000E+0	4.036901E+3	-1.206003E+1	4.923842E+3	-9.134603E+1
5.099440E+0	0.000000E+0	3.422249E+3	-6.058676E+1	3.355801E+3	-1.438132E+2
5.097370E+0	0.000000E+0	1.429844E+3	-1.354396E+2	1.595682E+3	-6.529606E+1
5.095100E+0	0.000000E+0	4.938516E+3	6.183258E+1	5.237958E+3	-6.155190E+1
5.093010E+0	0.000000E+0	6.830254E+3	-3.659493E+1	5.817153E+3	-8.258900E+1
5.090940E+0	0.000000E+0	5.373902E+3	-7.536265E+1	3.643136E+3	-7.343811E+1
5.088410E+0	0.000000E+0	5.681102E+2	-1.697435E+2	2.566317E+3	-1.133278E+2
5.086670E+0	0.000000E+0	6.597126E+2	-3.496718E+1	3.929794E+3	-1.258913E+2
5.084450E+0	0.000000E+0	3.098994E+3	-7.105071E+0	5.319810E+3	-6.807568E+1
5.082310E+0	0.000000E+0	2.707335E+3	3.009427E+1	1.082985E+3	-8.714197E+1
5.080210E+0	0.000000E+0	5.893244E+3	-3.941631E+1	3.369936E+3	-6.818367E+1
5.078070E+0	0.000000E+0	5.426004E+2	1.496407E+2	4.076101E+3	-6.593746E+0
5.075950E+0	0.000000E+0	1.521444E+3	1.100184E+2	1.220615E+4	-1.054608E+2
5.073700E+0	0.000000E+0	8.510218E+3	4.264445E+0	7.101372E+3	-5.858895E+1
5.071550E+0	0.000000E+0	4.030719E+3	-9.912591E+1	5.191937E+3	3.984801E+1
5.069430E+0	0.000000E+0	2.825006E+3	-3.943760E+1	6.735345E+3	-5.761414E+1
5.067370E+0	0.000000E+0	2.697867E+3	9.338275E+1	9.336606E+3	-5.004649E+1
5.065320E+0	0.000000E+0	4.310176E+3	-8.601626E+0	9.395857E+3	-6.504700E+1
5.063100E+0	0.000000E+0	4.108678E+3	3.068409E+1	2.241817E+3	-1.768706E+2
5.061060E+0	0.000000E+0	4.728365E+3	-3.970568E+1	2.857974E+3	-1.197308E+2
5.058830E+0	0.000000E+0	2.182899E+3	-8.745969E+1	4.940137E+3	-3.836278E+1
5.056710E+0	0.000000E+0	2.408687E+3	1.166142E+2	5.190003E+3	-3.825260E+1
5.054670E+0	0.000000E+0	5.314067E+3	-1.437532E+1	7.260355E+3	-8.061386E+1
5.052600E+0	0.000000E+0	5.331525E+3	-5.100887E+1	7.138127E+3	-9.166262E+1
5.050560E+0	0.000000E+0	2.829435E+3	1.617045E+2	4.357080E+3	-9.439226E+1
5.048460E+0	0.000000E+0	3.827736E+3	2.400295E+1	1.541613E+3	-1.258318E+2
5.046320E+0	0.000000E+0	3.142231E+3	2.755107E+1	9.256507E+2	1.563774E+2
5.044120E+0	0.000000E+0	2.889302E+3	3.150240E+0	1.644867E+3	-1.308130E+2
5.041900E+0	0.000000E+0	5.426527E+3	-3.176660E+1	2.421329E+3	-1.386969E+1
5.040010E+0	0.000000E+0	3.731339E+3	-4.284122E+1	5.509720E+3	-3.541465E+1
5.037760E+0	0.000000E+0	6.627787E+2	2.094197E+1	7.602854E+3	-8.517405E+1
5.035840E+0	0.000000E+0	7.738077E+2	1.325778E+2	3.160771E+3	-9.229797E+1
5.033650E+0	0.000000E+0	1.616800E+3	3.445870E+1	5.718139E+3	-4.844578E+1
5.031650E+0	0.000000E+0	3.526960E+3	5.092317E+0	7.533916E+3	-8.680787E+1
5.029660E+0	0.000000E+0	1.537708E+3	-1.068294E+1	8.341434E+3	-8.666911E+1
5.027410E+0	0.000000E+0	3.224903E+3	-1.809542E+1	7.316464E+3	-5.711376E+1
5.025600E+0	0.000000E+0	6.379639E+3	-3.032247E+1	7.398865E+3	-7.322856E+1
5.023600E+0	0.000000E+0	2.082121E+3	-6.589116E+1	4.919954E+3	-8.270960E+1
5.021510E+0	0.000000E+0	2.723313E+3	-4.803060E+1	3.595996E+3	-1.046392E+2
5.019490E+0	0.000000E+0	1.093953E+3	1.606115E+2	1.630120E+3	-1.097213E+2
5.017540E+0	0.000000E+0	5.752842E+3	3.341572E+1	4.512373E+3	-7.316634E+1
5.015650E+0	0.000000E+0	4.376433E+3	-9.723497E+0	7.644880E+3	-1.741889E+2
5.013610E+0	0.000000E+0	2.326758E+3	-3.850100E+1	5.219935E+3	-1.141114E+2
5.011610E+0	0.000000E+0	5.601878E+3	-1.782645E+1	2.651420E+3	-7.371772E+1
5.009720E+0	0.000000E+0	3.183968E+3	-1.422699E+2	3.618346E+3	-5.903024E+1
5.007800E+0	0.000000E+0	1.540951E+3	-2.028746E+0	6.324609E+3	-8.807658E+1
5.005930E+0	0.000000E+0	6.541445E+3	3.037397E+1	1.498316E+3	3.095310E+1
5.004020E+0	0.000000E+0	7.638003E+3	-5.730930E+1	1.470607E+2	4.197733E+1
5.002120E+0	0.000000E+0	2.468240E+3	2.196809E+1	1.349564E+3	-5.116870E+0
5.000130E+0	0.000000E+0	1.335167E+3	-1.037804E+2	5.190964E+3	-5.802038E+1
4.998460E+0	0.000000E+0	6.298434E+3	-1.143106E+1	6.764356E+3	-6.600420E+1
4.996670E+0	0.000000E+0	4.424345E+2	5.644128E+1	8.561541E+3	-1.162346E+1
4.994930E+0	0.000000E+0	5.261361E+3	-2.118376E+1	5.603601E+3	-2.647765E+1
4.993060E+0	0.000000E+0	3.166980E+3	-4.133160E+1	3.616833E+3	-4.773733E+1
4.991500E+0	0.000000E+0	4.249212E+2	-1.347665E+2	4.874605E+3	-9.575132E+1
4.989860E+0	0.000000E+0	4.513790E+3	3.308987E+1	7.497173E+3	-8.571555E+1
4.988090E+0	0.000000E+0	3.484970E+3	-1.848738E+1	7.742584E+3	-1.040188E+2
4.986450E+0	0.000000E+0	3.015437E+3	-1.046736E+2	5.514773E+3	-8.197093E+1
4.984810E+0	0.000000E+0	2.550622E+3	2.410761E+1	7.873648E+3	-5.575702E+1
4.983170E+0	0.000000E+0	2.112016E+3	-3.434166E+1	6.544826E+3	-5.262543E+1
4.981530E+0	0.000000E+0	1.275654E+3	2.036959E+1	5.378331E+3	-4.623046E+1
4.979940E+0	0.000000E+0	2.818520E+3	-2.688824E+1	4.281786E+3	-9.370294E+1
4.978320E+0	0.000000E+0	3.539771E+3	1.544633E+0	9.029130E+3	-7.695528E+1
4.976660E+0	0.000000E+0	2.042710E+3	3.450693E+1	2.311369E+3	-1.273302E+2
4.975120E+0	0.000000E+0	2.525749E+3	-6.732764E+1	1.466167E+4	-6.366631E+1
4.973500E+0	0.000000E+0	1.025477E+3	-2.951639E+1	7.222084E+3	-1.558891E+1
4.971910E+0	0.000000E+0	2.833943E+3	1.941536E+1	8.476863E+3	-2.318294E+1
4.970170E+0	0.000000E+0	2.423850E+3	3.756550E+1	4.753451E+3	-1.182888E+2
4.968530E+0	0.000000E+0	3.869247E+3	-4.369791E+1	3.567257E+3	-1.081271E+2
4.966810E+0	0.000000E+0	1.790917E+3	-2.932058E+1	7.423007E+3	-4.882068E+1
4.965200E+0	0.000000E+0	7.763314E+2	4.444263E+1	3.300573E+3	-7.610811E+1
4.963680E+0	0.000000E+0	3.242133E+3	4.698490E+1	8.387472E+3	-3.189528E+1
4.961990E+0	0.000000E+0	4.207425E+3	-8.731654E+1	6.068866E+3	-6.845777E+1
4.960250E+0	0.000000E+0	6.447717E+3	-4.371152E+0	7.155096E+3	-4.137399E+1
4.958590E+0	0.000000E+0	3.388234E+3	-5.315044E+0	6.602247E+3	-9.020387E+1
4.956850E+0	0.000000E+0	3.209304E+3	-9.980359E-1	4.023782E+3	-1.417967E+2
4.955130E+0	0.000000E+0	5.631159E+2	-1.665072E+2	6.521936E+3	1.358401E+2
4.953360E+0	0.000000E+0	5.767365E+3	-4.795571E+1	1.721012E+3	9.666885E+0
4.951470E+0	0.000000E+0	3.149364E+3	-1.669820E+1	3.576337E+3	6.959490E+1
4.949730E+0	0.000000E+0	2.841297E+3	1.374687E+0	1.519338E+3	-3.055318E+0
4.947940E+0	0.000000E+0	5.141594E+3	1.861208E+1	4.558515E+3	-2.992814E+1
4.946270E+0	0.000000E+0	2.384987E+3	-4.417789E+1	4.276630E+3	-7.259164E+1
4.944380E+0	0.000000E+0	3.148605E+3	2.150368E+1	7.212338E+3	-5.641876E+1
4.942480E+0	0.000000E+0	2.912444E+3	-1.391967E+1	5.010261E+3	-1.323052E+2
4.940440E+0	0.000000E+0	5.158485E+3	3.227451E+0	4.919908E+3	-1.215789E+2
4.938800E+0	0.000000E+0	1.856775E+3	-3.916466E+1	5.494630E+3	-1.003747E+2
4.936880E+0	0.000000E+0	2.157128E+3	-2.631524E+1	4.636238E+3	-1.129770E+2
4.935060E+0	0.000000E+0	1.670247E+3	-2.590665E+1	3.612416E+3	-6.365202E+1
4.933120E+0	0.000000E+0	5.742579E+3	1.909328E+1	3.782793E+3	-2.380783E+1
4.931400E+0	0.000000E+0	1.701604E+3	3.212531E+1	7.018451E+3	-4.845745E+1
4.929410E+0	0.000000E+0	5.585254E+3	-3.461336E+1	8.107055E+3	-3.293834E+1
4.927520E+0	0.000000E+0	2.887796E+3	2.042838E+1	4.926349E+3	-6.661476E+1
4.925600E+0	0.000000E+0	2.155166E+3	-5.902617E+1	7.431813E+3	-1.013742E+2
4.923680E+0	0.000000E+0	3.124333E+3	-8.057543E+1	9.329823E+3	-1.041913E+2
4.921740E+0	0.000000E+0	2.457090E+3	-6.391470E+1	1.500874E+4	-1.206488E+2
4.919870E+0	0.000000E+0	4.964631E+3	5.072389E+0	1.218227E+3	7.576380E+1
4.917880E+0	0.000000E+0	1.639366E+3	2.561530E+1	2.359783E+3	-1.184110E+2
4.915910E+0	0.000000E+0	1.746734E+3	-3.715638E+0	5.527641E+3	-6.263861E+1
4.914040E+0	0.000000E+0	2.056618E+3	-5.941575E+0	4.243535E+3	2.813918E+1
4.912150E+0	0.000000E+0	2.009675E+3	1.013353E+2	5.511271E+3	-1.210842E+2
4.910130E+0	0.000000E+0	1.680009E+3	1.240187E+2	8.636755E+3	-9.625237E+1
4.908240E+0	0.000000E+0	4.360615E+3	-6.219697E+1	7.582292E+3	-4.305758E+1
4.906470E+0	0.000000E+0	2.049907E+3	-2.116726E+1	3.901193E+3	-1.061582E+2
4.904070E+0	0.000000E+0	4.198722E+3	2.682680E+0	9.670165E+3	-8.182797E+1
4.902610E+0	0.000000E+0	2.075919E+3	-5.058250E+0	1.305186E+4	-1.012814E+2
4.900640E+0	0.000000E+0	3.568865E+3	-4.863835E+1	6.619355E+3	-5.817766E+1
4.898850E+0	0.000000E+0	7.039681E+3	3.214385E+1	6.368535E+3	2.506102E+1
4.897260E+0	0.000000E+0	1.043031E+3	7.061460E+1	2.406473E+3	4.056212E+1
4.895290E+0	0.000000E+0	3.487954E+3	-1.724465E+2	2.792971E+3	-5.817793E+1
4.893500E+0	0.000000E+0	2.069507E+3	-4.401554E+1	9.408075E+3	-1.166719E+2
4.891860E+0	0.000000E+0	7.769608E+3	-4.509674E+1	1.003609E+4	-1.535215E+2
4.889740E+0	0.000000E+0	2.321977E+3	-5.402765E+1	7.820659E+3	-5.858860E+1
4.888170E+0	0.000000E+0	3.330954E+3	-4.545530E+1	5.613047E+3	-5.596400E+1
4.886300E+0	0.000000E+0	2.465009E+3	1.532124E+1	2.754784E+2	1.266126E+2
4.884510E+0	0.000000E+0	1.657153E+3	1.099442E+2	5.930490E+2	1.079663E+2
4.882490E+0	0.000000E+0	2.598144E+3	5.999152E+1	3.882810E+3	8.641019E+1
4.880700E+0	0.000000E+0	3.626012E+3	-1.246046E+2	2.672463E+3	-1.641849E+1
4.879110E+0	0.000000E+0	1.931041E+3	-9.217878E+1	1.814272E+3	-1.004166E+2
4.877270E+0	0.000000E+0	4.459345E+3	-5.397204E+1	5.753050E+3	-1.068268E+2
4.875430E+0	0.000000E+0	5.875469E+3	-3.869901E+1	8.958572E+3	-1.135011E+2
4.873410E+0	0.000000E+0	6.592415E+3	-1.293843E+1	7.060774E+3	3.930321E+1
4.871540E+0	0.000000E+0	5.690349E+3	2.626179E-1	8.466508E+3	1.746110E+0
4.869600E+0	0.000000E+0	3.837821E+3	1.184685E+2	1.367191E+4	6.613618E+1
4.867830E+0	0.000000E+0	1.635429E+3	1.511502E+2	5.380161E+3	-3.792542E+1
4.865830E+0	0.000000E+0	4.227994E+3	-3.817277E+1	8.133766E+3	2.113519E+1
4.863640E+0	0.000000E+0	5.455637E+3	-6.470623E+1	3.257376E+3	-2.640673E+1
4.861870E+0	0.000000E+0	6.399637E+3	4.888641E+0	5.160865E+3	3.765092E-1
4.859980E+0	0.000000E+0	5.588756E+3	-5.954348E+0	5.438617E+3	-3.831919E+1
4.858010E+0	0.000000E+0	4.216635E+3	2.727516E+1	2.435942E+3	-1.092613E+2
4.856040E+0	0.000000E+0	4.169842E+3	4.475050E+1	3.328520E+3	-5.423084E+1
4.854020E+0	0.000000E+0	5.962902E+2	-8.416133E+1	6.050807E+3	-3.747926E+1
4.851930E+0	0.000000E+0	3.537378E+3	-1.113052E+2	5.629312E+3	7.244604E+1
4.845820E+0	0.000000E+0	7.603327E+3	1.540408E+1	1.083508E+4	-7.376645E+1
4.843980E+0	0.000000E+0	6.066373E+3	4.149397E+1	6.696648E+3	7.309252E+1
4.841480E+0	0.000000E+0	3.889939E+4	8.112304E+1	4.970390E+4	-1.520017E+2
4.839810E+0	0.000000E+0	6.971514E+3	6.005073E+1	2.470236E+4	-1.508344E+2
4.837770E+0	0.000000E+0	4.642763E+3	-7.255455E+0	4.661797E+3	-9.820726E+1
4.835700E+0	0.000000E+0	2.565442E+3	-1.210765E+0	4.075886E+3	-7.553894E+1
4.833630E+0	0.000000E+0	3.131430E+3	-1.273692E+1	4.491439E+3	-7.367801E+1
4.831510E+0	0.000000E+0	2.426545E+3	-6.107826E+0	3.409644E+3	-8.637775E+1
4.829620E+0	0.000000E+0	2.951339E+3	-3.211250E+1	4.354715E+3	-1.020447E+2
4.827320E+0	0.000000E+0	3.241621E+3	-1.444332E+1	2.933188E+3	-7.208428E+1
4.825350E+0	0.000000E+0	2.560438E+3	-6.246280E+0	3.608827E+3	-7.829944E+1
4.823280E+0	0.000000E+0	3.315814E+3	-1.775351E+1	3.964170E+3	-8.284061E+1
4.821310E+0	0.000000E+0	2.519155E+3	-1.996789E+1	3.618679E+3	-8.893077E+1
4.819190E+0	0.000000E+0	3.249338E+3	-2.598635E+1	3.619960E+3	-8.736115E+1
4.816970E+0	0.000000E+0	2.944401E+3	-1.128100E+1	3.843452E+3	-6.522744E+1
4.814650E+0	0.000000E+0	2.365875E+3	-1.578778E+1	3.910200E+3	-9.001321E+1
4.812660E+0	0.000000E+0	3.345323E+3	-1.673109E+1	4.288047E+3	-7.284294E+1
4.810610E+0	0.000000E+0	2.374415E+3	-2.265749E+1	3.678459E+3	-7.360581E+1
4.808520E+0	0.000000E+0	2.954406E+3	-2.729111E+1	5.083841E+3	-8.377415E+1
4.806520E+0	0.000000E+0	2.432985E+3	-1.450025E+1	3.355754E+3	-7.807350E+1
4.804230E+0	0.000000E+0	2.312735E+3	-3.943543E+1	3.786777E+3	-1.214516E+2
4.802110E+0	0.000000E+0	3.093132E+3	-1.338502E+1	3.949214E+3	-7.551685E+1
4.799990E+0	0.000000E+0	2.668792E+3	-1.903373E+1	3.819119E+3	-7.683211E+1
4.797940E+0	0.000000E+0	2.733130E+3	-2.870904E+1	3.568386E+3	-6.369247E+1
4.795800E+0	0.000000E+0	2.896354E+3	-1.175698E+1	2.745156E+3	-7.850098E+1
4.793650E+0	0.000000E+0	2.132486E+3	-1.973859E+1	3.026028E+3	-8.316093E+1
4.791430E+0	0.000000E+0	3.198330E+3	-1.111111E+1	5.350212E+3	-6.708511E+1
4.789290E+0	0.000000E+0	2.319435E+3	-1.643127E+1	3.842857E+3	-7.210481E+1
4.787190E+0	0.000000E+0	2.959818E+3	-2.115062E+1	3.206896E+3	-7.298566E+1
4.785120E+0	0.000000E+0	2.726484E+3	-1.238292E+1	3.948100E+3	-9.352149E+1
4.783050E+0	0.000000E+0	2.525507E+3	-9.927382E+0	4.308202E+3	-8.199636E+1
4.780730E+0	0.000000E+0	3.552595E+3	-9.343705E+0	5.930129E+3	-6.513373E+1
4.778660E+0	0.000000E+0	2.418296E+3	-8.596866E+0	3.478958E+3	-6.525611E+1
4.776440E+0	0.000000E+0	3.020574E+3	-2.659712E+1	3.921363E+3	-5.492223E+1
4.774340E+0	0.000000E+0	3.008526E+3	-2.766854E+1	4.052474E+3	-8.736638E+1
4.772250E+0	0.000000E+0	2.209089E+3	-2.401371E+1	5.273578E+3	-9.568585E+1
4.770150E+0	0.000000E+0	2.705341E+3	-2.732301E+1	5.418304E+3	-8.375434E+1
4.767710E+0	0.000000E+0	1.272345E+3	-6.885334E+0	1.454189E+3	-7.317356E+1
4.765690E+0	0.000000E+0	2.395154E+3	-3.013467E+1	2.908058E+3	-5.084813E+1
4.763690E+0	0.000000E+0	2.039152E+3	-5.782998E+0	2.097538E+3	-3.099148E+1
4.761370E+0	0.000000E+0	1.876970E+3	-1.839035E+1	4.509426E+3	-2.389702E+1
4.759450E+0	0.000000E+0	2.321277E+3	9.272171E-1	5.472767E+3	-3.985095E+1
4.757360E+0	0.000000E+0	1.500469E+3	-2.291764E+1	2.006493E+3	-4.243149E+1
4.755290E+0	0.000000E+0	2.064291E+3	-2.053114E+1	4.079511E+3	-1.024590E+2
4.752940E+0	0.000000E+0	2.605014E+3	2.300794E+0	3.860559E+3	-7.517846E+1
4.750800E+0	0.000000E+0	1.709741E+3	-1.560423E+1	3.295460E+3	-8.043234E+1
4.748500E+0	0.000000E+0	3.174566E+3	-2.386334E+1	4.209753E+3	-7.386634E+1
4.746680E+0	0.000000E+0	2.344440E+3	-3.073324E-1	5.021049E+3	-7.142950E+1
4.744590E+0	0.000000E+0	2.970482E+3	-9.791605E+0	4.892757E+3	-5.644972E+1
4.742420E+0	0.000000E+0	2.994009E+3	-1.597425E+0	3.307841E+3	-6.999893E+1
4.740100E+0	0.000000E+0	2.297753E+3	-2.119957E+1	5.435326E+3	-8.014858E+1
4.738030E+0	0.000000E+0	2.664193E+3	-7.230496E+0	4.010189E+3	-5.383739E+1
4.736010E+0	0.000000E+0	2.039016E+3	-4.340692E+0	5.220688E+3	-5.964593E+1
4.733840E+0	0.000000E+0	2.983494E+3	-3.313345E+1	4.750003E+3	-6.683374E+1
4.731770E+0	0.000000E+0	2.396898E+3	-2.911218E+1	4.720311E+3	-6.157054E+1
4.729520E+0	0.000000E+0	2.221672E+3	-1.434505E+1	2.680708E+3	-7.842969E+1
4.727350E+0	0.000000E+0	3.126170E+3	-1.226019E+1	2.524091E+3	-5.704506E+1
4.725380E+0	0.000000E+0	2.000806E+3	-3.099369E+1	3.193437E+3	-7.311523E+1
4.723290E+0	0.000000E+0	2.722678E+3	-2.885265E+1	4.812154E+3	-9.608333E+1
4.721240E+0	0.000000E+0	2.351177E+3	-1.869274E+1	5.463343E+3	-7.225729E+1
4.719150E+0	0.000000E+0	2.435184E+3	-2.837005E+1	5.941546E+3	-1.014941E+2
4.716800E+0	0.000000E+0	3.439066E+3	-1.352149E+1	3.567110E+3	-1.039956E+2
4.714760E+0	0.000000E+0	1.798865E+3	-8.491929E+0	3.471433E+3	-9.523505E+1
4.712690E+0	0.000000E+0	3.354820E+3	-3.593485E+1	1.983284E+3	-6.460989E+1
4.710590E+0	0.000000E+0	2.139609E+3	-2.409965E+1	5.228515E+3	-7.291518E+1
4.708570E+0	0.000000E+0	1.598451E+3	-5.518884E+1	4.784923E+3	-9.161618E+1
4.706300E+0	0.000000E+0	2.410337E+3	-1.542312E+1	2.519788E+3	3.614977E+0
4.704230E+0	0.000000E+0	1.051568E+3	-1.143479E+1	4.318460E+3	-3.773292E+1
4.702160E+0	0.000000E+0	1.660045E+3	-2.304669E+1	9.907781E+2	-1.682284E+2
4.700090E+0	0.000000E+0	1.617491E+3	8.089512E+0	2.104558E+3	-1.019297E+2
4.698020E+0	0.000000E+0	9.538065E+2	1.411560E+1	3.442310E+3	-7.481617E+1
4.695850E+0	0.000000E+0	2.212816E+3	-1.617330E+1	4.868961E+3	-6.699070E+1
4.693880E+0	0.000000E+0	7.212553E+2	1.019688E+1	7.386601E+3	-7.626597E+1
4.691690E+0	0.000000E+0	2.431745E+3	-5.078310E+1	6.436938E+3	-8.183269E+1
4.689640E+0	0.000000E+0	1.571481E+3	-2.228479E+1	3.239009E+3	-7.643224E+1
4.687600E+0	0.000000E+0	2.905834E+3	-3.986176E+1	1.570467E+3	-3.975131E+1
4.685580E+0	0.000000E+0	2.822370E+3	-3.108952E+1	3.877904E+3	-6.154848E+1
4.683590E+0	0.000000E+0	1.738433E+3	-5.094320E+0	2.699623E+3	-7.692669E+1
4.681490E+0	0.000000E+0	2.417668E+3	-3.207604E+1	4.634547E+3	-6.848165E+1
4.679270E+0	0.000000E+0	2.229164E+3	1.793479E+0	5.836215E+3	-5.983094E+1
4.677200E+0	0.000000E+0	1.806570E+3	-2.017097E+1	3.790289E+3	-7.086159E+1
4.675160E+0	0.000000E+0	2.455265E+3	1.162559E+1	2.809248E+3	-5.765384E+1
4.673060E+0	0.000000E+0	8.706230E+2	-8.236753E+1	7.317417E+3	-5.148749E+1
4.671070E+0	0.000000E+0	1.869757E+3	-1.184230E+1	6.174031E+3	-7.966831E+1
4.668920E+0	0.000000E+0	1.566338E+3	-2.686471E+1	3.695494E+3	-6.066394E+1
4.666850E+0	0.000000E+0	1.486262E+3	-2.215809E+1	6.257636E+3	-8.651393E+1
4.664830E+0	0.000000E+0	2.679644E+3	-2.425113E+1	4.913842E+3	-8.572314E+1
4.662790E+0	0.000000E+0	1.204415E+3	-2.225950E+1	3.811311E+3	-6.680104E+1
4.660820E+0	0.000000E+0	1.614155E+3	-3.347258E+1	4.895689E+3	-6.076581E+1
4.658750E+0	0.000000E+0	1.964993E+3	9.588548E+0	8.922994E+2	-1.008330E+2
4.656580E+0	0.000000E+0	1.831472E+3	-7.331904E+1	5.100580E+3	-8.927317E+1
4.654490E+0	0.000000E+0	2.536552E+3	-8.194629E+0	4.987712E+3	-7.176941E+1
4.652570E+0	0.000000E+0	1.812102E+3	-2.540811E+1	5.254294E+3	-8.591546E+1
4.650570E+0	0.000000E+0	2.575436E+3	-2.389531E+1	4.471028E+3	-9.386345E+1
4.648580E+0	0.000000E+0	1.957437E+3	5.374431E+1	5.079200E+3	-9.197441E+1
4.646560E+0	0.000000E+0	1.959221E+3	-3.577996E+1	4.520531E+3	-8.117518E+1
4.644390E+0	0.000000E+0	1.949329E+3	-1.131388E+1	4.303162E+3	-7.626460E+1
4.642400E+0	0.000000E+0	7.309343E+2	3.181875E+1	2.995974E+3	-9.691734E+1
4.640300E+0	0.000000E+0	3.335449E+3	-3.615232E+1	1.792915E+3	-1.067865E+2
4.638330E+0	0.000000E+0	8.889363E+2	3.854734E+0	3.248935E+3	-6.689481E+1
4.636310E+0	0.000000E+0	1.963275E+3	-3.442893E+0	3.536345E+3	-1.017818E+2
4.634220E+0	0.000000E+0	2.353821E+3	-2.142201E+1	4.960297E+3	-7.597106E+1
4.632180E+0	0.000000E+0	1.240940E+3	-1.910458E+1	2.723052E+3	-6.485167E+1
4.630260E+0	0.000000E+0	2.415173E+3	-2.681418E+1	4.250680E+3	-7.783472E+1
4.628360E+0	0.000000E+0	1.834318E+3	-8.756558E+0	3.683936E+3	-4.657056E+1
4.626400E+0	0.000000E+0	2.409005E+3	-3.554894E+1	3.769634E+3	-7.763910E+1
4.624300E+0	0.000000E+0	1.841118E+3	3.902413E+0	4.137453E+3	-6.786006E+1
4.622080E+0	0.000000E+0	2.287080E+3	-3.433394E+1	3.773580E+3	-7.254909E+1
4.620190E+0	0.000000E+0	2.760091E+3	-2.459480E+1	3.829732E+3	-6.444357E+1
4.618190E+0	0.000000E+0	1.576338E+3	6.675651E+1	4.351779E+3	-8.608325E+1
4.616300E+0	0.000000E+0	2.304046E+3	-6.560402E+1	3.877464E+3	-7.391656E+1
4.614330E+0	0.000000E+0	2.315488E+3	1.122701E+1	4.675688E+3	-6.819279E+1
4.612490E+0	0.000000E+0	1.501201E+3	-2.232003E+1	4.054483E+3	-6.147230E+1
4.610290E+0	0.000000E+0	2.535789E+3	-2.415747E+1	2.488866E+3	-7.390081E+1
4.608400E+0	0.000000E+0	1.993982E+3	2.967183E+1	4.723484E+3	-8.406492E+1
4.606480E+0	0.000000E+0	2.768179E+3	-9.896729E+1	5.447937E+3	-6.728328E+1
4.604590E+0	0.000000E+0	4.222392E+3	9.002608E+0	3.534270E+3	-7.085673E+1
4.602570E+0	0.000000E+0	4.169380E+2	2.288683E+1	3.428958E+3	-7.275367E+1
4.600370E+0	0.000000E+0	2.800797E+3	-3.774112E+1	4.806839E+3	-7.360568E+1
4.598530E+0	0.000000E+0	2.200693E+3	2.137111E+1	4.832172E+3	-6.838499E+1
4.596610E+0	0.000000E+0	1.529966E+3	-5.018695E+1	4.721734E+3	-7.333425E+1
4.594670E+0	0.000000E+0	2.664232E+3	-1.230318E+1	3.538158E+3	-7.733853E+1
4.592880E+0	0.000000E+0	1.051703E+3	6.175452E+1	4.973302E+3	-9.037467E+1
4.590910E+0	0.000000E+0	3.316624E+3	-5.444018E+1	4.863507E+3	-7.264566E+1
4.588940E+0	0.000000E+0	2.850330E+3	5.300603E+0	3.613412E+3	-7.856277E+1
4.586870E+0	0.000000E+0	7.628803E+2	3.181000E+1	4.378619E+3	-8.131590E+1
4.584950E+0	0.000000E+0	2.701453E+3	-2.467958E+1	5.447341E+3	-7.324735E+1
4.582990E+0	0.000000E+0	2.127455E+3	-2.138119E+1	4.006306E+3	-8.853991E+1
4.581020E+0	0.000000E+0	9.737248E+2	-1.809969E+1	4.900196E+3	-8.047335E+1
4.578870E+0	0.000000E+0	3.138412E+3	-2.409147E+1	4.279709E+3	-6.720216E+1
4.577000E+0	0.000000E+0	1.060863E+3	-3.118487E+1	4.238538E+3	-7.695061E+1
4.575160E+0	0.000000E+0	2.965321E+3	-1.681202E+1	4.950586E+3	-6.338691E+1
4.573240E+0	0.000000E+0	1.565509E+3	-2.547827E+1	4.026966E+3	-6.023204E+1
4.571350E+0	0.000000E+0	2.418605E+3	-2.878043E+1	6.127766E+3	-7.237610E+1
4.569380E+0	0.000000E+0	2.117602E+3	-6.095096E+1	3.288736E+3	-7.595867E+1
4.567460E+0	0.000000E+0	2.758319E+3	-3.432545E+1	4.169620E+3	-5.600847E+1
4.565470E+0	0.000000E+0	2.120174E+3	3.558911E+0	4.885072E+3	-7.658571E+1
4.563530E+0	0.000000E+0	1.149365E+3	-9.081610E+1	5.865224E+3	-5.920675E+1
4.561630E+0	0.000000E+0	3.342819E+3	-3.693285E+1	4.123529E+3	-8.716135E+1
4.559660E+0	0.000000E+0	2.015754E+3	2.975672E+1	4.794148E+3	-6.581300E+1
4.557470E+0	0.000000E+0	2.370177E+3	-3.109023E+1	4.252497E+3	-6.836630E+1
4.555700E+0	0.000000E+0	1.622641E+3	3.110189E+1	4.032439E+3	-7.520745E+1
4.553910E+0	0.000000E+0	1.687443E+3	-4.391384E+1	4.755381E+3	-5.966881E+1
4.551940E+0	0.000000E+0	2.392007E+3	-4.530201E+1	2.891573E+3	-7.551331E+1
4.550000E+0	0.000000E+0	2.236941E+3	-3.529031E+1	5.415824E+3	-6.692637E+1
4.548080E+0	0.000000E+0	2.795126E+3	-3.115595E+1	4.739443E+3	-6.633784E+1
4.546140E+0	0.000000E+0	2.273792E+3	-1.633783E+1	4.180038E+3	-6.984705E+1
4.544190E+0	0.000000E+0	1.514607E+3	2.633216E+0	3.896690E+3	-7.484355E+1
4.542020E+0	0.000000E+0	2.169405E+3	-1.888280E+1	4.672111E+3	-8.960048E+1
4.540260E+0	0.000000E+0	3.059541E+3	-3.382978E+1	4.320094E+3	-6.822846E+1
4.538410E+0	0.000000E+0	2.602268E+3	-1.058008E-1	4.391710E+3	-8.078225E+1
4.536450E+0	0.000000E+0	2.325777E+3	-7.664688E+0	4.506289E+3	-8.379809E+1
4.534630E+0	0.000000E+0	2.901117E+3	-2.981560E+1	3.625903E+3	-6.640794E+1
4.532680E+0	0.000000E+0	3.200105E+3	-1.201164E+1	4.416372E+3	-8.904985E+1
4.530560E+0	0.000000E+0	1.480327E+3	1.384629E+1	4.701681E+3	-6.622754E+1
4.528720E+0	0.000000E+0	2.565728E+3	-3.564680E+1	2.519011E+3	-7.098836E+1
4.526680E+0	0.000000E+0	3.648137E+3	-1.750093E+1	3.362891E+3	-9.135921E+1
4.524810E+0	0.000000E+0	1.575220E+3	-3.980108E+1	3.962346E+3	-6.843876E+1
4.523070E+0	0.000000E+0	3.270304E+3	-4.067461E+1	3.995194E+3	-7.602606E+1
4.520720E+0	0.000000E+0	2.306053E+3	2.146623E+1	5.801367E+3	-8.519876E+1
4.519060E+0	0.000000E+0	2.370480E+3	-7.012835E+1	5.895781E+3	-7.388573E+1
4.517190E+0	0.000000E+0	3.452493E+3	-3.404534E+1	2.581884E+3	-6.178468E+1
4.515240E+0	0.000000E+0	2.308972E+3	-2.366713E+1	4.486062E+3	-6.058341E+1
4.513350E+0	0.000000E+0	2.682988E+3	-4.513857E+1	4.872177E+3	-7.574534E+1
4.511430E+0	0.000000E+0	2.852043E+3	-9.288241E+0	3.426150E+3	-6.602895E+1
4.509520E+0	0.000000E+0	1.638197E+3	-4.081816E+0	1.991361E+3	-8.827071E+1
4.503510E+0	0.000000E+0	2.988149E+3	-3.580416E+1	3.558898E+3	-4.990045E+1
4.501770E+0	0.000000E+0	2.122338E+3	-1.450498E+1	3.983443E+3	-6.216103E+1
4.499870E+0	0.000000E+0	2.342513E+3	1.927357E+1	6.176672E+3	-7.542483E+1
4.497860E+0	0.000000E+0	2.410306E+3	-2.335674E+1	4.983803E+3	-8.053063E+1
4.495940E+0	0.000000E+0	3.043632E+3	-2.794457E+1	6.357995E+3	-7.225987E+1
4.494020E+0	0.000000E+0	2.859683E+3	4.706909E+0	5.504352E+3	-7.374149E+1
4.492050E+0	0.000000E+0	1.621347E+3	7.880715E+0	5.727317E+3	-8.008425E+1
4.490210E+0	0.000000E+0	8.676501E+2	-3.928221E+1	5.517710E+3	-7.203339E+1
4.488290E+0	0.000000E+0	3.576033E+3	-8.369752E+0	4.301159E+3	-9.493795E+1
4.486270E+0	0.000000E+0	3.594075E+3	-2.204105E+1	3.857859E+3	-6.573377E+1
4.484430E+0	0.000000E+0	2.052646E+3	-2.116664E+1	2.821125E+3	-7.080253E+1
4.482460E+0	0.000000E+0	2.957655E+3	-2.706102E+1	2.262827E+3	-6.141476E+1
4.480570E+0	0.000000E+0	2.100122E+3	-3.317662E+1	5.069191E+3	-6.842182E+1
4.478670E+0	0.000000E+0	1.828645E+3	-4.117416E+1	6.218513E+3	-6.108805E+1
4.476760E+0	0.000000E+0	2.225381E+3	1.500827E-1	5.145754E+3	-6.586286E+1
4.474760E+0	0.000000E+0	1.794714E+3	-6.836821E+1	5.875021E+3	-7.358425E+1
4.472720E+0	0.000000E+0	2.449778E+3	-3.861216E+1	4.889400E+3	-7.362255E+1
4.470930E+0	0.000000E+0	1.977260E+3	-2.632279E+1	4.363188E+3	-6.284465E+1
4.469030E+0	0.000000E+0	2.231990E+3	-1.071465E+1	5.625310E+3	-7.044685E+1
4.467160E+0	0.000000E+0	3.886270E+3	3.898614E+0	3.866269E+3	-7.197968E+1
4.465100E+0	0.000000E+0	3.184917E+3	-4.041310E+1	4.621877E+3	-6.858516E+1
4.463080E+0	0.000000E+0	3.253373E+3	-2.556981E+1	5.884359E+3	-7.214902E+1
4.461330E+0	0.000000E+0	1.435241E+3	2.275572E+1	4.406692E+3	-6.932624E+1
4.459390E+0	0.000000E+0	3.820282E+3	-1.081548E+1	4.895012E+3	-5.548135E+1
4.457520E+0	0.000000E+0	4.330683E+3	7.827766E+0	4.569663E+3	-6.957443E+1
4.455450E+0	0.000000E+0	4.139230E+3	-4.833197E+1	4.790903E+3	-6.989834E+1
4.453760E+0	0.000000E+0	5.233393E+3	-3.574896E+1	4.197851E+3	-6.433106E+1
4.451770E+0	0.000000E+0	3.331864E+3	-3.733663E+1	4.941200E+3	-5.600791E+1
4.449830E+0	0.000000E+0	3.009232E+3	-4.051756E+1	5.948569E+3	-7.120371E+1
4.447710E+0	0.000000E+0	3.091070E+3	-2.160163E+1	5.917125E+3	-8.356742E+1
4.446120E+0	0.000000E+0	2.705784E+3	-4.705833E+0	3.841966E+3	-7.988299E+1
4.444170E+0	0.000000E+0	4.548830E+3	6.049327E+0	4.046040E+3	-1.013623E+2
4.442250E+0	0.000000E+0	3.409878E+3	-6.391534E+0	6.088296E+3	-6.963007E+1
4.440240E+0	0.000000E+0	3.067281E+3	-2.813747E+1	4.025730E+3	-9.180268E+1
4.438340E+0	0.000000E+0	3.573651E+3	-9.864990E+0	3.647312E+3	-1.034574E+2
4.436420E+0	0.000000E+0	4.008242E+3	-2.548859E+1	5.152234E+3	-9.449476E+1
4.434530E+0	0.000000E+0	4.890805E+3	-9.130859E+0	6.867903E+3	-8.369745E+1
4.432690E+0	0.000000E+0	3.620542E+3	-1.066164E+1	7.227388E+3	-6.314651E+1
4.430640E+0	0.000000E+0	2.944412E+3	-2.777502E+1	5.177114E+3	-6.474779E+1
4.428750E+0	0.000000E+0	3.652177E+3	-2.598638E+1	5.799263E+3	-7.817184E+1
4.426680E+0	0.000000E+0	4.291026E+3	-2.523637E+1	4.443337E+3	-7.825473E+1
4.424990E+0	0.000000E+0	4.558261E+3	-1.090948E+1	5.666648E+3	-6.274923E+1
4.423000E+0	0.000000E+0	6.011577E+3	-6.743266E+0	4.773507E+3	-5.710976E+1
4.421130E+0	0.000000E+0	4.959818E+3	-2.775046E+1	4.534137E+3	-8.196239E+1
4.418980E+0	0.000000E+0	7.424775E+3	-5.557131E+0	4.691116E+3	-1.064574E+2
4.417190E+0	0.000000E+0	5.724268E+3	-1.264391E+1	5.657317E+3	-8.001466E+1
4.415300E+0	0.000000E+0	5.857912E+3	-1.998998E+1	6.188476E+3	-1.058710E+2
4.413460E+0	0.000000E+0	4.988719E+3	-2.148443E+1	4.503326E+3	-5.532635E+1
4.411390E+0	0.000000E+0	4.724406E+3	-4.647681E+0	5.988866E+3	-8.578451E+1
4.409550E+0	0.000000E+0	4.634037E+3	-1.629989E+1	4.835375E+3	-6.425647E+1
4.407600E+0	0.000000E+0	4.521296E+3	-1.066404E+1	4.951919E+3	-6.794556E+1
4.405680E+0	0.000000E+0	5.855186E+3	-2.130023E+1	5.390328E+3	-8.304250E+1
4.403790E+0	0.000000E+0	6.097235E+3	-8.578686E+0	5.208859E+3	-8.361523E+1
4.401920E+0	0.000000E+0	6.083339E+3	-1.677116E+1	6.445031E+3	-7.798815E+1
4.399980E+0	0.000000E+0	5.417455E+3	-1.265823E+1	6.288182E+3	-6.234829E+1
4.397990E+0	0.000000E+0	4.766518E+3	-6.490205E+0	5.491911E+3	-6.890931E+1
4.396090E+0	0.000000E+0	5.218325E+3	-1.408264E+1	6.823404E+3	-7.029264E+1
4.394200E+0	0.000000E+0	5.546325E+3	-2.899803E+1	5.153345E+3	-6.130485E+1
4.392260E+0	0.000000E+0	7.174356E+3	-1.796877E+1	4.560480E+3	-7.143727E+1
4.390390E+0	0.000000E+0	7.095702E+3	-1.110740E+0	6.836913E+3	-7.578272E+1
4.386630E+0	0.000000E+0	5.288859E+3	-1.019633E+1	5.517926E+3	-7.797446E+1
4.384530E+0	0.000000E+0	4.817659E+3	-1.270801E+1	6.687631E+3	-7.701217E+1
4.382620E+0	0.000000E+0	6.047576E+3	-2.965639E+1	4.173854E+3	-7.008723E+1
4.380770E+0	0.000000E+0	7.372287E+3	-1.644459E+1	2.781596E+3	-6.854474E+1
4.378910E+0	0.000000E+0	6.294281E+3	-1.368233E+1	5.834487E+3	-6.586646E+1
4.376840E+0	0.000000E+0	6.217503E+3	-1.055397E+1	3.854267E+3	-7.066437E+1
4.375040E+0	0.000000E+0	4.670500E+3	-1.218980E+1	7.097023E+3	-7.054716E+1
4.373000E+0	0.000000E+0	4.501725E+3	-2.859401E+1	6.290568E+3	-5.714668E+1
4.371080E+0	0.000000E+0	6.215157E+3	-1.714164E+1	3.087022E+3	-9.704444E+1
4.369010E+0	0.000000E+0	6.189137E+3	-2.484457E+1	3.910851E+3	-8.209798E+1
4.367250E+0	0.000000E+0	6.541906E+3	-1.793989E+1	3.267844E+3	-9.200127E+1
4.365430E+0	0.000000E+0	7.267897E+3	-1.700006E+1	3.780070E+3	-1.989134E+1
4.363360E+0	0.000000E+0	5.360755E+3	-6.466414E+0	2.461515E+3	-4.547469E+1
4.361490E+0	0.000000E+0	4.956492E+3	-1.442112E+1	5.076068E+3	-8.827880E+1
4.359600E+0	0.000000E+0	6.079672E+3	-1.370818E+1	3.830157E+3	-4.557850E+1
4.357700E+0	0.000000E+0	5.379878E+3	-2.290217E+1	3.378746E+3	-7.801170E+1
4.355710E+0	0.000000E+0	7.370996E+3	-2.351793E+1	5.742200E+3	-5.307780E+1
4.353840E+0	0.000000E+0	6.864831E+3	-1.517080E+1	3.929355E+3	-3.537030E+1
4.351820E+0	0.000000E+0	7.356532E+3	-6.983727E+0	5.303817E+3	-1.260207E+2
4.349810E+0	0.000000E+0	6.500795E+3	-1.112478E+1	4.717151E+3	-7.652239E+1
4.347760E+0	0.000000E+0	5.295539E+3	-1.697441E+1	2.607944E+3	-9.686506E+1
4.346120E+0	0.000000E+0	5.671864E+3	-1.194932E+1	4.628238E+3	-6.062494E+1
4.344250E+0	0.000000E+0	5.889169E+3	-1.988621E+1	3.117702E+3	-7.869895E+1
4.342330E+0	0.000000E+0	5.967152E+3	-1.777358E+1	2.933741E+3	-5.914252E+1
4.340290E+0	0.000000E+0	5.561620E+3	-1.988019E+1	3.079935E+3	-3.912241E+1
4.338400E+0	0.000000E+0	6.015402E+3	-2.943417E+1	4.410881E+3	-3.028549E+1
4.336430E+0	0.000000E+0	6.059526E+3	-2.258989E+1	3.576630E+3	-3.214118E+1
4.334540E+0	0.000000E+0	6.131218E+3	-1.343420E+1	4.348827E+3	-6.757326E+1
4.332620E+0	0.000000E+0	7.099433E+3	-1.555496E+1	2.112241E+3	-1.101110E+2
4.330750E+0	0.000000E+0	5.376735E+3	-5.106303E+0	3.636897E+3	-8.697508E+1
4.328680E+0	0.000000E+0	4.270906E+3	-1.925605E+1	4.722870E+3	-4.201623E+1
4.326760E+0	0.000000E+0	6.594581E+3	-2.245862E+1	3.365028E+3	-2.256661E+1
4.324950E+0	0.000000E+0	5.903287E+3	-2.246154E+1	2.382581E+3	-4.670862E+1
4.322750E+0	0.000000E+0	8.202588E+3	-2.535997E+1	5.441251E+3	1.678784E+0
4.321080E+0	0.000000E+0	6.551613E+3	-2.053403E+1	4.830142E+3	5.328736E+1
4.318960E+0	0.000000E+0	5.936538E+3	-9.512336E+0	1.542551E+3	-4.775149E+1
4.316770E+0	0.000000E+0	6.503827E+3	-5.403290E+0	3.209605E+3	-1.096612E+2
4.315100E+0	0.000000E+0	5.753285E+3	-1.145184E+1	4.455625E+3	-1.056436E+2
4.313230E+0	0.000000E+0	5.781863E+3	-6.465134E+0	1.664339E+3	-7.221618E+1
4.311370E+0	0.000000E+0	6.191189E+3	-1.635790E+1	2.019790E+3	-6.305242E+1
4.309270E+0	0.000000E+0	5.584864E+3	-1.718931E+1	2.974450E+3	-1.287381E+2
4.307350E+0	0.000000E+0	6.085333E+3	-1.728563E+1	4.238156E+3	-7.103351E+1
4.305540E+0	0.000000E+0	7.348417E+3	-1.841356E+1	4.156474E+3	-7.565634E+1
4.303570E+0	0.000000E+0	7.757039E+3	-1.647617E+1	4.898303E+3	7.523656E+1
4.301700E+0	0.000000E+0	7.930767E+3	-2.119453E+1	2.072883E+3	6.073063E+1
4.299730E+0	0.000000E+0	6.795890E+3	-2.100262E+1	8.086364E+2	-5.794095E+1
4.297860E+0	0.000000E+0	6.642081E+3	-1.787127E+1	4.475702E+3	-1.149419E+2
4.295790E+0	0.000000E+0	6.468952E+3	-1.251440E+1	5.559876E+3	-7.384316E+1
4.293880E+0	0.000000E+0	6.628085E+3	-2.444211E+1	2.555439E+3	-8.050949E+1
4.292060E+0	0.000000E+0	6.628519E+3	-2.152848E+1	3.248613E+3	5.250343E+1
4.290120E+0	0.000000E+0	5.318811E+3	-1.139986E+1	1.829573E+3	5.899350E+0
4.288220E+0	0.000000E+0	5.652302E+3	-1.859637E+1	3.297599E+2	1.720565E+2
4.286280E+0	0.000000E+0	6.962375E+3	-5.121622E+0	3.340866E+3	-1.537725E+2
4.284160E+0	0.000000E+0	6.352835E+3	-1.048584E+1	3.362645E+3	-1.672346E+2
4.282270E+0	0.000000E+0	6.402481E+3	-9.669172E+0	1.868224E+3	-6.791394E+1
4.280320E+0	0.000000E+0	4.534830E+3	-4.580258E+0	1.605787E+3	-5.768666E+1
4.278430E+0	0.000000E+0	5.034352E+3	-2.544792E+1	4.100772E+3	-5.858493E+1
4.276360E+0	0.000000E+0	4.757515E+3	-2.192677E+1	1.352025E+3	-1.662073E+2
4.274540E+0	0.000000E+0	5.254482E+3	-2.279093E+1	4.103016E+3	-4.487898E+1
4.272500E+0	0.000000E+0	7.125728E+3	-2.067330E+1	6.458862E+3	5.744509E+1
4.270580E+0	0.000000E+0	5.204215E+3	-1.056324E+1	1.187261E+3	7.062040E+1
4.268710E+0	0.000000E+0	5.705344E+3	-7.324100E+0	1.841771E+3	-1.787453E+1
4.266740E+0	0.000000E+0	6.687872E+3	-1.422276E+1	2.673208E+1	-2.479017E+1
4.264730E+0	0.000000E+0	5.847395E+3	-5.824064E+0	2.599324E+3	9.212231E+1
4.262980E+0	0.000000E+0	6.006768E+3	-6.706434E+0	1.692701E+3	5.449114E+1
4.260890E+0	0.000000E+0	6.191650E+3	-1.670420E+1	4.217882E+3	2.141464E+1
4.258790E+0	0.000000E+0	5.944295E+3	-1.697189E+1	4.176021E+3	4.141232E+1
4.257000E+0	0.000000E+0	5.350202E+3	-1.402078E+1	2.053045E+3	3.012762E+1
4.255110E+0	0.000000E+0	5.960018E+3	-7.164218E+0	2.616997E+2	-1.703473E+2
4.253220E+0	0.000000E+0	4.703563E+3	-1.869066E+1	1.007682E+3	-1.494283E+2
4.251120E+0	0.000000E+0	4.406468E+3	-1.806698E+1	1.577648E+3	1.549076E+2
4.249180E+0	0.000000E+0	4.758051E+3	1.171268E+0	1.913245E+3	4.747311E+1
4.247260E+0	0.000000E+0	5.558429E+3	-1.969207E+1	7.815662E+2	-7.352251E+1
4.245370E+0	0.000000E+0	5.275653E+3	-3.002845E+1	3.093637E+3	1.279773E+2
4.243470E+0	0.000000E+0	4.462396E+3	-1.688081E+1	3.555901E+3	1.104149E+2
4.241330E+0	0.000000E+0	6.197965E+3	-1.169098E+1	1.656991E+3	1.705367E+2
4.239260E+0	0.000000E+0	5.210196E+3	-2.386888E+1	1.081815E+3	-1.713590E+2
4.237570E+0	0.000000E+0	4.831541E+3	-1.463665E+1	2.528103E+3	9.143998E+1
4.235580E+0	0.000000E+0	6.832335E+3	-1.355284E+1	7.121471E+2	6.111862E+1
4.233680E+0	0.000000E+0	6.618200E+3	-2.476035E+1	8.815566E+2	1.308820E+2
4.231640E+0	0.000000E+0	4.233280E+3	-2.076728E+1	1.382365E+3	9.516183E+1
4.229870E+0	0.000000E+0	5.791700E+3	-3.496486E+0	2.031194E+3	2.567569E+1
4.227800E+0	0.000000E+0	5.952521E+3	-2.299099E+1	1.132547E+3	1.573048E+2
4.225930E+0	0.000000E+0	4.851335E+3	-1.423874E+1	1.957135E+3	1.211227E+2
4.223840E+0	0.000000E+0	4.610496E+3	5.375818E-2	2.267510E+3	6.092344E+1
4.222070E+0	0.000000E+0	4.747287E+3	-3.512359E+1	3.241388E+3	1.375875E+2
4.220130E+0	0.000000E+0	4.955690E+3	-2.078977E+1	4.061540E+3	1.506945E+2
4.218190E+0	0.000000E+0	5.206595E+3	-6.649223E+0	1.499189E+3	8.900289E+1
4.216020E+0	0.000000E+0	6.678682E+3	-2.115060E+1	1.464844E+3	-1.738253E+2
4.214220E+0	0.000000E+0	4.775897E+3	-3.083559E+1	4.620823E+3	1.104885E+2
4.212280E+0	0.000000E+0	5.165120E+3	-2.821687E+0	3.249044E+3	1.072973E+2
4.210210E+0	0.000000E+0	6.976092E+3	-1.622667E+1	1.222927E+3	5.163256E+1
4.208520E+0	0.000000E+0	4.454458E+3	-1.516782E+0	3.737071E+3	1.087865E+2
4.206530E+0	0.000000E+0	4.702152E+3	-6.619509E+0	3.915549E+3	5.418333E+1
4.204480E+0	0.000000E+0	4.917715E+3	-1.447353E+1	1.603652E+3	7.556658E+1
4.202560E+0	0.000000E+0	4.972702E+3	-2.188274E+1	2.814094E+3	1.036734E+2
4.200700E+0	0.000000E+0	5.617023E+3	-1.691576E+1	8.511752E+2	-1.448499E+2
4.198730E+0	0.000000E+0	5.602653E+3	-1.608320E+1	1.722949E+3	1.369458E+2
4.196760E+0	0.000000E+0	5.891558E+3	-1.010293E+1	1.802075E+3	3.028352E+1
4.194870E+0	0.000000E+0	6.447183E+3	-3.507652E+0	8.730806E+1	-5.395203E+1
4.192800E+0	0.000000E+0	4.573120E+3	-1.177327E+1	3.539960E+3	6.515144E+1
4.190850E+0	0.000000E+0	5.014129E+3	-4.718647E+0	1.193214E+3	1.247568E+2
4.188930E+0	0.000000E+0	5.846885E+3	-2.435781E+1	3.210981E+3	1.350298E+2
4.186990E+0	0.000000E+0	4.394745E+3	-6.784635E+0	1.780959E+3	1.296591E+2
4.185150E+0	0.000000E+0	6.197365E+3	-1.105426E+1	3.379464E+2	-2.781494E+1
4.182850E+0	0.000000E+0	4.852560E+3	-8.025599E+0	3.390437E+3	1.205731E+2
4.177100E+0	0.000000E+0	3.951988E+3	-1.387113E+1	3.565325E+3	1.178573E+2
4.175380E+0	0.000000E+0	4.941283E+3	-1.330627E+1	1.047706E+3	7.737233E+1
4.173440E+0	0.000000E+0	3.742981E+3	-9.162379E+0	1.108356E+4	1.354051E+2
4.171390E+0	0.000000E+0	4.676335E+3	-2.365006E+1	1.178898E+4	9.540086E+1
4.169500E+0	0.000000E+0	4.616244E+3	-2.117357E+1	1.032546E+3	1.598951E+2
4.167530E+0	0.000000E+0	5.451154E+3	-5.793010E+0	5.169634E+3	1.133946E+2
4.165440E+0	0.000000E+0	4.758682E+3	-2.096519E+1	3.714948E+3	1.098366E+2
4.163590E+0	0.000000E+0	5.059974E+3	-1.256147E+1	1.556332E+3	1.608571E+2
4.161520E+0	0.000000E+0	5.797403E+3	-1.020054E+1	3.150212E+3	-1.723633E+0
4.159610E+0	0.000000E+0	4.759438E+3	-1.454261E+1	4.345031E+3	1.908579E+1
4.157760E+0	0.000000E+0	4.488440E+3	-1.322862E+1	2.441664E+3	1.821364E+0
4.155820E+0	0.000000E+0	4.733506E+3	-6.575381E+0	3.998765E+3	1.122121E+2
4.153900E+0	0.000000E+0	5.161813E+3	-3.252546E+1	3.571818E+3	1.080457E+2
4.151960E+0	0.000000E+0	4.843040E+3	-1.324499E+1	4.830226E+3	1.663535E+2
4.149890E+0	0.000000E+0	5.664846E+3	-1.184072E+1	3.167136E+3	1.113900E+2
4.147970E+0	0.000000E+0	4.015876E+3	-2.762174E+1	4.779807E+3	1.255960E+2
4.145780E+0	0.000000E+0	4.732326E+3	-1.231405E+1	2.970018E+3	1.385634E+2
4.143930E+0	0.000000E+0	4.755597E+3	-2.299133E+1	6.729537E+3	1.385943E+2
4.142220E+0	0.000000E+0	4.177687E+3	-1.202278E+1	2.809232E+3	1.463377E+2
4.140070E+0	0.000000E+0	4.453360E+3	-2.389156E+1	4.946912E+3	1.720613E+2
4.138360E+0	0.000000E+0	4.497006E+3	-1.436833E+1	3.997842E+3	4.955056E+1
4.136240E+0	0.000000E+0	4.627980E+3	-1.130025E+1	4.138655E+3	-1.614963E+2
4.134320E+0	0.000000E+0	5.214482E+3	-2.532609E+1	5.656569E+3	7.756136E+1
4.132400E+0	0.000000E+0	4.284503E+3	4.999452E-1	6.492473E+3	1.605633E+2
4.130150E+0	0.000000E+0	4.616180E+3	-1.673586E+1	3.818244E+3	1.461896E+2
4.128240E+0	0.000000E+0	5.090492E+3	-1.538028E+1	2.890457E+3	8.627593E+1
4.126420E+0	0.000000E+0	5.545278E+3	-6.312179E+0	2.978575E+3	6.165381E+1
4.124450E+0	0.000000E+0	4.406811E+3	-2.097938E+1	9.991717E+2	5.816347E+1
4.122580E+0	0.000000E+0	5.142110E+3	-1.578647E+1	1.438775E+3	6.347025E+1
4.120640E+0	0.000000E+0	4.932705E+3	-2.249343E+1	3.802837E+2	-6.014328E+1
4.118750E+0	0.000000E+0	5.137465E+3	-1.169353E+1	5.940141E+3	-4.003147E+1
4.116520E+0	0.000000E+0	4.232571E+3	-1.279944E+1	1.931973E+3	-8.734944E+1
4.114560E+0	0.000000E+0	5.468195E+3	-1.630644E+1	1.585492E+3	-7.650541E+0
4.112760E+0	0.000000E+0	5.089568E+3	-1.162723E+1	3.735899E+3	6.685817E+1
4.110770E+0	0.000000E+0	4.548756E+3	-2.493263E+1	3.573500E+2	-3.319133E+1
4.108930E+0	0.000000E+0	4.875219E+3	-2.108718E+1	4.638046E+3	1.311727E+2
4.106980E+0	0.000000E+0	5.018006E+3	-9.929774E+0	2.286912E+3	-1.371523E+2
4.105120E+0	0.000000E+0	4.693893E+3	-1.913239E+1	5.678087E+3	3.257521E+1
4.103020E+0	0.000000E+0	5.281060E+3	-1.659066E+1	4.337072E+3	8.480537E+1
4.100900E+0	0.000000E+0	4.315065E+3	-9.503821E+0	1.264017E+3	9.918675E+1
4.099110E+0	0.000000E+0	4.491448E+3	-1.388002E+1	2.320512E+3	1.772761E+2
4.097190E+0	0.000000E+0	4.898264E+3	-1.929125E+0	1.574723E+3	1.509601E+2
4.095000E+0	0.000000E+0	4.772864E+3	-2.446474E+1	3.076143E+3	8.546196E+1
4.093080E+0	0.000000E+0	5.082967E+3	-2.296905E+1	2.468016E+3	8.839451E+1
4.091180E+0	0.000000E+0	4.587141E+3	-1.301363E+1	2.940575E+3	-1.013096E+1
4.089220E+0	0.000000E+0	4.534613E+3	-6.886728E+0	3.388770E+3	6.711537E+1
4.087120E+0	0.000000E+0	4.337210E+3	-1.493578E+1	7.461614E+2	1.723789E+2
4.085230E+0	0.000000E+0	5.400544E+3	-5.902246E+0	3.478263E+3	1.092278E+2
4.083490E+0	0.000000E+0	5.101597E+3	-1.305841E+1	7.439955E+2	2.168332E+1
4.081390E+0	0.000000E+0	4.782558E+3	-1.775626E+1	1.477090E+3	-3.588100E+1
4.079350E+0	0.000000E+0	4.101580E+3	-1.802666E+1	6.650378E+1	-1.034834E+2
4.077450E+0	0.000000E+0	5.753783E+3	-1.701697E+1	4.510141E+2	4.342823E+1
4.075590E+0	0.000000E+0	4.771050E+3	-9.322231E+0	3.500163E+3	1.335081E+2
4.073590E+0	0.000000E+0	4.658364E+3	-1.684567E+1	3.531855E+3	1.044701E+2
4.071550E+0	0.000000E+0	4.611273E+3	-1.189278E+1	1.310173E+2	1.378798E+2
4.069430E+0	0.000000E+0	4.247806E+3	-1.582543E+1	1.471941E+3	1.109161E+2
4.067710E+0	0.000000E+0	5.077040E+3	-1.652874E+1	1.583761E+3	8.688696E+1
4.065790E+0	0.000000E+0	5.030422E+3	-1.048949E+1	2.761647E+3	9.523858E+1
4.063850E+0	0.000000E+0	4.733825E+3	-7.063022E+0	3.979726E+3	9.831439E+1
4.061830E+0	0.000000E+0	3.690598E+3	-1.056659E+1	3.591579E+3	1.042707E+2
4.059890E+0	0.000000E+0	4.100111E+3	-1.216013E+1	2.581580E+3	1.131072E+2
4.057820E+0	0.000000E+0	4.252198E+3	-2.445779E+1	9.629716E+2	1.072649E+2
4.055720E+0	0.000000E+0	5.124483E+3	-2.284755E+1	6.063290E+2	1.139125E+2
4.053980E+0	0.000000E+0	3.997717E+3	-1.422485E+1	3.127312E+3	-1.665554E+2
4.052040E+0	0.000000E+0	3.981988E+3	-9.995879E+0	2.582584E+3	1.770738E+2
4.050020E+0	0.000000E+0	4.303636E+3	-9.561710E+0	2.852348E+3	1.212732E+2
4.048150E+0	0.000000E+0	4.575316E+3	-2.106680E+1	1.328044E+3	1.460064E+2
4.046030E+0	0.000000E+0	5.920809E+3	-1.497903E+1	2.960178E+2	-9.107506E+1
4.044110E+0	0.000000E+0	4.903823E+3	-1.494414E+1	6.747441E+2	-1.731321E+2
4.042100E+0	0.000000E+0	4.217665E+3	-1.310257E+1	1.052293E+3	9.867167E+1
4.040180E+0	0.000000E+0	3.685328E+3	-1.271967E+1	1.723988E+3	5.232399E+1
4.037930E+0	0.000000E+0	4.475501E+3	-1.336616E+1	1.668920E+3	6.770364E+1
4.036140E+0	0.000000E+0	4.258284E+3	-2.208718E+1	3.531553E+3	1.033645E+2
4.033990E+0	0.000000E+0	4.623302E+3	-1.433865E+1	4.144363E+3	6.825872E+1
4.032280E+0	0.000000E+0	3.485938E+3	-2.056786E+1	1.991104E+3	1.216115E+2
4.030160E+0	0.000000E+0	3.905136E+3	-1.450314E+1	2.071005E+3	9.512130E+1
4.028390E+0	0.000000E+0	4.404153E+3	-1.166534E+1	8.980686E+2	6.037663E+1
4.026120E+0	0.000000E+0	5.382380E+3	-1.653075E+1	7.872940E+2	3.603722E+1
4.024450E+0	0.000000E+0	4.338187E+3	-1.715366E+1	3.093188E+3	1.434565E+2
4.022380E+0	0.000000E+0	3.927702E+3	-1.619253E+1	3.844691E+3	1.334262E+2
4.020420E+0	0.000000E+0	3.943291E+3	4.459181E+0	2.737382E+3	8.898369E+1
4.018470E+0	0.000000E+0	4.414106E+3	-2.323844E+1	1.364841E+3	1.941696E+1
4.016530E+0	0.000000E+0	4.679582E+3	-1.303332E+1	3.280157E+3	9.959696E+1
4.014560E+0	0.000000E+0	4.588060E+3	-2.175423E+1	1.502360E+3	7.154487E+1
4.012240E+0	0.000000E+0	3.337181E+3	-4.958367E+0	4.104072E+3	1.153001E+2
4.010450E+0	0.000000E+0	3.661036E+3	-1.739201E+1	2.556970E+3	9.707451E+1
4.008480E+0	0.000000E+0	4.790134E+3	-2.627140E+1	1.629900E+3	8.468193E+1
4.006460E+0	0.000000E+0	4.736129E+3	-1.537231E+1	1.873557E+3	1.203174E+2
4.004490E+0	0.000000E+0	5.038423E+3	-1.838934E+1	1.385014E+3	2.780759E+1
4.002190E+0	0.000000E+0	4.051383E+3	-1.792134E+1	1.775147E+3	1.369064E+2
4.000330E+0	0.000000E+0	3.398102E+3	-1.557337E+1	8.874066E+2	1.223497E+2
3.998460E+0	0.000000E+0	4.231552E+3	-2.491547E+1	8.350694E+2	7.644848E+1
3.996460E+0	0.000000E+0	4.692198E+3	-2.733398E+1	2.218177E+3	1.351604E+2
3.994270E+0	0.000000E+0	3.960714E+3	-8.690220E+0	2.081455E+3	1.196580E+2
3.992300E+0	0.000000E+0	4.644028E+3	-1.125683E+1	2.238763E+3	2.498845E+1
3.990410E+0	0.000000E+0	4.314225E+3	-1.730108E+0	2.539051E+3	9.063722E+1
3.988190E+0	0.000000E+0	3.224064E+3	-2.363441E+1	2.626887E+3	1.299693E+2
3.986340E+0	0.000000E+0	5.189499E+3	-1.685791E+1	2.459417E+3	1.010338E+2
3.984120E+0	0.000000E+0	4.448149E+3	-2.411016E+1	1.087447E+3	1.269211E+2
3.982410E+0	0.000000E+0	5.171653E+3	-2.245260E+1	1.985590E+3	1.126335E+2
3.980440E+0	0.000000E+0	4.452379E+3	-1.874110E+0	1.870288E+3	1.470682E+2
3.978470E+0	0.000000E+0	3.924471E+3	-1.692229E+1	9.520574E+2	2.953397E+1
3.976320E+0	0.000000E+0	3.628632E+3	-2.454754E+1	1.583892E+3	1.266087E+2
3.974280E+0	0.000000E+0	4.094842E+3	-1.872826E+1	2.388963E+3	1.100158E+2
3.972260E+0	0.000000E+0	4.043645E+3	-1.487679E+1	2.368083E+3	1.119113E+2
3.965370E+0	0.000000E+0	3.203335E+3	-3.243195E+1	2.144034E+3	1.471529E+2
3.963330E+0	0.000000E+0	4.251261E+3	-3.816224E+1	1.183082E+3	-1.792541E+2
3.961410E+0	0.000000E+0	4.743083E+3	-1.976022E+1	2.639088E+3	1.407524E+2
3.959440E+0	0.000000E+0	4.214124E+3	-1.624662E+1	2.335266E+3	1.372591E+2
3.957190E+0	0.000000E+0	3.750563E+3	-6.733108E+0	3.022068E+3	1.467415E+2
3.955480E+0	0.000000E+0	3.916829E+3	-1.022087E+1	1.961454E+3	7.914477E+1
3.953430E+0	0.000000E+0	3.266411E+3	-7.279718E+0	1.502234E+3	9.336736E+1
3.951460E+0	0.000000E+0	3.943327E+3	-3.213794E+1	9.257230E+2	-1.684899E+2
3.949520E+0	0.000000E+0	4.281976E+3	-1.297651E+1	2.113803E+3	7.904505E+1
3.947500E+0	0.000000E+0	4.051136E+3	-2.147881E+0	2.635362E+3	3.334913E+1
3.945180E+0	0.000000E+0	4.453112E+3	-1.236967E+1	8.358446E+2	2.828420E+1
3.943540E+0	0.000000E+0	3.679106E+3	-1.667907E+1	2.572847E+3	1.756160E+2
3.941190E+0	0.000000E+0	3.345306E+3	-2.297721E+1	1.387811E+3	7.024571E+1
3.939400E+0	0.000000E+0	3.268581E+3	-2.640733E+1	2.612548E+3	1.366968E+2
3.937080E+0	0.000000E+0	5.363024E+3	-1.624717E+1	1.977959E+3	1.061614E+2
3.935510E+0	0.000000E+0	4.923020E+3	-2.054549E+1	1.546752E+3	1.256635E+2
3.933570E+0	0.000000E+0	4.646875E+3	-1.309482E+1	3.058466E+3	6.204227E+1
3.931250E+0	0.000000E+0	4.261655E+3	-5.209217E+0	2.572667E+3	1.226636E+2
3.929380E+0	0.000000E+0	4.434162E+3	-5.570357E+0	1.262387E+3	1.299136E+2
3.927260E+0	0.000000E+0	2.924493E+3	2.414293E+0	1.790832E+3	1.039163E+2
3.925440E+0	0.000000E+0	2.640566E+3	-3.252833E+1	1.781864E+3	-1.446619E+2
3.923520E+0	0.000000E+0	3.943952E+3	-2.150359E+1	5.684334E+2	6.536682E+1
3.921450E+0	0.000000E+0	3.550256E+3	-3.024720E+1	1.996735E+3	-1.662804E+2
3.919310E+0	0.000000E+0	3.834641E+3	-2.503032E+1	3.377987E+3	7.247046E+1
3.917160E+0	0.000000E+0	4.163014E+3	-6.549181E+0	1.032917E+3	4.024888E+1
3.915420E+0	0.000000E+0	4.457939E+3	-4.931705E+0	3.310298E+3	1.458357E+2
3.913230E+0	0.000000E+0	3.530026E+3	-5.269063E+0	3.217520E+3	1.059094E+2
3.911410E+0	0.000000E+0	3.638160E+3	-5.534987E+0	2.800233E+3	1.686009E+2
3.909370E+0	0.000000E+0	3.064542E+3	-9.894843E+0	2.811245E+3	1.605010E+2
3.907020E+0	0.000000E+0	3.680847E+3	-2.466468E+1	2.491264E+3	-1.578445E+2
3.905230E+0	0.000000E+0	3.470906E+3	-3.087926E+1	5.831207E+3	1.552648E+2
3.903310E+0	0.000000E+0	4.057390E+3	-3.308076E+1	2.121493E+3	1.703827E+2
3.901310E+0	0.000000E+0	4.484468E+3	-1.978731E+1	2.981832E+3	1.632605E+2
3.899270E+0	0.000000E+0	3.833027E+3	-2.753053E+1	8.521421E+2	-1.465874E+2
3.897100E+0	0.000000E+0	4.670832E+3	-1.715529E+1	2.227537E+3	1.093053E+2
3.895110E+0	0.000000E+0	3.980040E+3	-1.100942E+1	4.016401E+3	1.604287E+2
3.893060E+0	0.000000E+0	3.530514E+3	-2.547012E+1	4.964939E+3	1.136073E+2
3.890840E+0	0.000000E+0	3.934130E+3	-2.007031E+1	1.167652E+3	-1.783933E+2
3.889100E+0	0.000000E+0	3.971950E+3	-1.912793E+1	8.174246E+2	-1.351619E+1
3.886750E+0	0.000000E+0	3.747434E+3	-9.460330E+0	4.407251E+3	-8.432760E+1
3.885110E+0	0.000000E+0	3.481655E+3	-1.790691E+1	1.237075E+3	9.777423E+1
3.882890E+0	0.000000E+0	3.400301E+3	-1.213843E+1	6.070657E+3	9.237198E+1
3.880920E+0	0.000000E+0	3.868910E+3	-1.155711E+1	1.137740E+3	1.058368E+2
3.878750E+0	0.000000E+0	3.257818E+3	-5.154638E+0	7.380234E+3	1.102671E+2
3.876830E+0	0.000000E+0	3.518188E+3	-1.046747E+1	1.136498E+3	-1.223592E+2
3.874840E+0	0.000000E+0	4.254158E+3	-3.987240E+0	1.970790E+3	3.726234E+1
3.872770E+0	0.000000E+0	2.939408E+3	-2.317741E+1	2.804666E+3	1.336845E+2
3.870620E+0	0.000000E+0	2.868268E+3	-2.647156E+1	4.224687E+3	1.412986E+2
3.868250E+0	0.000000E+0	3.299284E+3	-1.859595E+1	6.348260E+3	-1.613815E+2
3.866610E+0	0.000000E+0	4.155969E+3	-2.051555E+1	3.295519E+3	-2.182997E+1
3.864570E+0	0.000000E+0	3.162987E+3	-1.184513E+1	1.717574E+3	-1.529710E+2
3.862570E+0	0.000000E+0	3.891020E+3	-2.648659E+1	2.693281E+3	-1.610838E+2
3.860330E+0	0.000000E+0	3.550045E+3	-9.421718E+0	7.281756E+3	-7.726909E+1
3.858380E+0	0.000000E+0	3.540289E+3	-1.015320E+1	3.036039E+3	-1.105151E+2
3.856140E+0	0.000000E+0	3.464479E+3	-1.652031E+0	4.527582E+3	7.751231E+1
3.854270E+0	0.000000E+0	3.757189E+3	-1.378834E+1	1.972906E+3	-5.494070E+1
3.851950E+0	0.000000E+0	3.001266E+3	-1.586132E+0	3.059381E+3	7.384646E+1
3.850310E+0	0.000000E+0	3.115119E+3	-1.550450E+1	3.108083E+2	3.770868E+1
3.848090E+0	0.000000E+0	3.467207E+3	-1.053710E+0	3.434323E+3	1.311215E+1
3.841830E+0	0.000000E+0	3.394181E+3	-2.009132E+1	4.723092E+3	1.033703E+2
3.839930E+0	0.000000E+0	3.814804E+3	-1.853874E+1	1.022910E+3	-9.380797E+1
3.837910E+0	0.000000E+0	3.575136E+3	-1.312965E+1	3.248790E+3	-1.159108E+2
3.835720E+0	0.000000E+0	3.616050E+3	-1.500159E+1	3.043208E+3	-5.163935E+1
3.833450E+0	0.000000E+0	3.026675E+3	-5.466219E+0	4.628592E+3	-1.621701E+2
3.831710E+0	0.000000E+0	3.726634E+3	-9.884261E+0	3.488468E+3	1.268427E+1
3.829540E+0	0.000000E+0	2.878762E+3	-1.009336E+1	3.502791E+3	4.659977E+1
3.827670E+0	0.000000E+0	3.077535E+3	-1.571011E+1	2.724703E+3	3.404362E+1
3.825600E+0	0.000000E+0	3.110700E+3	-2.272701E+1	3.135867E+3	1.502528E+2
3.823380E+0	0.000000E+0	3.546834E+3	-2.470329E+1	5.921703E+3	-7.107195E+1
3.821310E+0	0.000000E+0	3.962855E+3	-7.330798E+0	5.199073E+3	4.070022E+1
3.819360E+0	0.000000E+0	3.673085E+3	-1.230611E+1	2.948779E+3	3.100139E+1
3.817320E+0	0.000000E+0	3.755941E+3	-1.854537E+1	6.799949E+3	-1.019604E+2
3.815250E+0	0.000000E+0	3.530256E+3	-1.696977E+1	5.132050E+3	1.479022E+2
3.813030E+0	0.000000E+0	3.574696E+3	-1.016156E+1	3.876155E+3	-1.459647E+2
3.810880E+0	0.000000E+0	2.815405E+3	-9.120437E+0	9.541485E+3	1.681351E+2
3.808990E+0	0.000000E+0	3.211131E+3	-1.433943E+1	1.863557E+3	3.455679E+1
3.806770E+0	0.000000E+0	3.602936E+3	-1.509693E+1	7.130680E+3	-1.509902E+2
3.804320E+0	0.000000E+0	3.169048E+3	-1.381340E+1	6.871077E+3	-1.155853E+2
3.802580E+0	0.000000E+0	3.475644E+3	-1.132790E+1	5.057562E+3	-3.807972E+1
3.799930E+0	0.000000E+0	3.423369E+3	-1.888006E+1	4.316101E+3	1.680558E+2
3.798270E+0	0.000000E+0	3.121824E+3	-8.159445E+0	4.383801E+3	-6.154248E+1
3.796200E+0	0.000000E+0	3.020230E+3	-1.355399E+1	4.523663E+3	-3.771561E+1
3.793970E+0	0.000000E+0	3.781724E+3	-1.502664E+1	2.631549E+3	2.554006E+1
3.792130E+0	0.000000E+0	2.738873E+3	-3.752097E+0	2.898697E+3	-1.523991E+2
3.789860E+0	0.000000E+0	3.248798E+3	-1.252275E+1	4.880714E+3	-1.431466E+2
3.787790E+0	0.000000E+0	2.761451E+3	-8.679069E+0	3.937744E+3	8.940571E+1
3.785820E+0	0.000000E+0	3.417687E+3	-1.533991E+1	4.986690E+3	3.057628E+1
3.783580E+0	0.000000E+0	3.068975E+3	-1.024422E+1	9.184223E+3	6.195424E+1
3.781760E+0	0.000000E+0	2.729299E+3	-1.991716E+1	2.205703E+3	-8.302864E+1
3.779290E+0	0.000000E+0	3.155686E+3	-1.798105E+1	7.753360E+3	-7.310773E+1
3.776910E+0	0.000000E+0	2.817622E+3	-2.271827E+1	3.080689E+3	8.189861E+1
3.775050E+0	0.000000E+0	3.004063E+3	-1.890241E+1	4.220200E+3	-9.344229E+1
3.773000E+0	0.000000E+0	2.555917E+3	-1.399706E+1	2.637300E+3	-3.322405E+1
3.770910E+0	0.000000E+0	2.833999E+3	-1.836765E+1	3.951936E+3	-2.572036E+1
3.768580E+0	0.000000E+0	2.801161E+3	-2.130339E+1	5.145299E+3	-8.941442E+1
3.766690E+0	0.000000E+0	3.245213E+3	-2.375532E+1	1.211753E+3	1.781946E+2
3.764750E+0	0.000000E+0	3.640121E+3	-2.851619E+1	3.585032E+3	-1.014932E+2
3.762600E+0	0.000000E+0	3.239301E+3	-3.204687E+0	8.331252E+3	-4.402932E+1
3.760310E+0	0.000000E+0	2.528283E+3	-2.603713E+0	9.675865E+2	-2.241106E+1
3.758440E+0	0.000000E+0	2.746759E+3	-2.291658E+1	4.540759E+3	-1.296750E+2
3.756420E+0	0.000000E+0	3.372198E+3	-6.857087E+0	4.420655E+3	-1.512475E+2
3.754320E+0	0.000000E+0	3.145255E+3	-1.705027E+1	3.987205E+3	-7.655820E+1
3.752180E+0	0.000000E+0	3.525170E+3	-1.026778E+1	2.528493E+3	-1.644751E+2
3.750160E+0	0.000000E+0	2.907062E+3	-1.517663E+1	1.578673E+3	-3.108537E+1
3.747660E+0	0.000000E+0	2.777666E+3	-2.542213E+1	4.778537E+3	-1.305431E+1
3.745640E+0	0.000000E+0	1.911457E+3	-1.599864E+1	1.498435E+4	-6.489650E+1
3.743930E+0	0.000000E+0	3.192508E+3	-1.707769E+1	2.797082E+3	-3.684869E+0
3.741680E+0	0.000000E+0	3.002632E+3	-1.780811E+1	3.849326E+3	-2.078003E+1
3.739640E+0	0.000000E+0	3.101830E+3	-1.338295E+1	8.402550E+3	-1.603712E+2
3.737410E+0	0.000000E+0	2.723103E+3	-2.741374E+1	8.654595E+3	-6.709841E+1
3.735220E+0	0.000000E+0	2.670139E+3	-2.993552E+1	4.088415E+3	-1.527941E+2
3.733100E+0	0.000000E+0	2.642292E+3	-8.666643E+0	1.061525E+3	-9.135787E+1
3.730650E+0	0.000000E+0	2.201294E+3	-2.171913E+1	1.691297E+4	-8.656061E+1
3.728980E+0	0.000000E+0	2.430328E+3	-1.973107E+1	8.431111E+3	-5.225249E+1
3.726590E+0	0.000000E+0	2.704438E+3	-2.473433E+1	9.651889E+3	-1.375007E+1
3.724690E+0	0.000000E+0	2.969639E+3	-1.551485E+1	3.485813E+3	-9.886841E+1
3.722600E+0	0.000000E+0	2.860812E+3	-2.307289E+1	2.940700E+3	1.049849E+1
3.720530E+0	0.000000E+0	3.508351E+3	-2.690551E+1	7.403398E+3	1.823121E+1
3.718440E+0	0.000000E+0	3.144112E+3	-2.399126E+1	5.058737E+3	3.040164E+1
3.716040E+0	0.000000E+0	2.970814E+3	-2.477361E+1	2.531883E+3	6.622228E+1
3.714120E+0	0.000000E+0	2.856389E+3	-2.713086E+1	5.437410E+3	-1.402410E+2
3.712180E+0	0.000000E+0	2.633229E+3	-2.428005E+1	6.218541E+3	-8.079526E+1
3.709850E+0	0.000000E+0	2.322087E+3	-1.844240E+1	6.231044E+3	-9.051008E+1
3.707940E+0	0.000000E+0	3.235929E+3	-7.851352E+0	6.583112E+3	-6.656971E+1
3.705710E+0	0.000000E+0	2.555028E+3	-1.115122E+1	3.909557E+3	-7.760252E+1
3.703700E+0	0.000000E+0	2.197705E+3	-2.750935E+1	3.828413E+3	-1.078047E+2
3.701600E+0	0.000000E+0	2.558009E+3	-1.664877E+1	8.407274E+3	-7.852790E+0
3.699460E+0	0.000000E+0	2.342828E+3	-9.658192E+0	2.107766E+3	-1.482214E+2
3.697390E+0	0.000000E+0	2.961205E+3	-3.298194E+0	2.183758E+3	-1.218141E+2
3.695320E+0	0.000000E+0	2.882372E+3	-2.548988E+1	5.869463E+3	1.156014E+1
3.693270E+0	0.000000E+0	2.291349E+3	-2.134064E+1	4.891257E+3	-6.161094E+1
3.691000E+0	0.000000E+0	2.774878E+3	-1.159621E+1	3.384988E+3	3.373168E+0
3.688930E+0	0.000000E+0	3.372401E+3	-2.168901E+1	3.907727E+3	1.786944E+2
3.686740E+0	0.000000E+0	3.316166E+3	-2.754358E+0	5.169440E+3	1.410689E+2
3.684790E+0	0.000000E+0	2.263861E+3	-1.344117E+1	8.199262E+3	-1.245475E+2
3.682670E+0	0.000000E+0	2.491943E+3	-5.872712E+0	6.665060E+3	-2.604108E+1
3.680300E+0	0.000000E+0	2.321867E+3	-2.463406E+1	5.431037E+3	-1.216945E+2
3.678360E+0	0.000000E+0	2.124444E+3	-1.276412E+1	8.049933E+3	-1.756904E+2
3.676260E+0	0.000000E+0	2.708630E+3	-1.910578E+1	8.317110E+3	-9.145653E+1
3.674190E+0	0.000000E+0	3.254871E+3	-1.446997E+1	3.923039E+3	6.898190E+1
3.672200E+0	0.000000E+0	3.466214E+3	-1.718613E+1	3.849457E+3	1.611612E+2
3.670050E+0	0.000000E+0	2.849815E+3	-9.767508E+0	4.409389E+3	8.801677E-1
3.668010E+0	0.000000E+0	2.610170E+3	-1.672072E+1	4.863615E+2	-3.705756E+1
3.665740E+0	0.000000E+0	2.765510E+3	-1.212314E+1	2.397439E+3	-7.783250E+1
3.663490E+0	0.000000E+0	2.611018E+3	-2.552778E+1	7.210675E+3	-2.937298E+1
3.661470E+0	0.000000E+0	3.200805E+3	-3.446510E+1	4.671525E+3	-3.792763E+1
3.659430E+0	0.000000E+0	3.034981E+3	-1.692403E+1	2.832501E+3	1.604447E+1
3.657330E+0	0.000000E+0	2.776008E+3	-1.834693E+1	9.667726E+3	-1.217141E+2
3.655310E+0	0.000000E+0	1.928439E+3	-1.178488E+0	5.444095E+3	-3.861513E+1
3.652690E+0	0.000000E+0	2.089403E+3	-2.304073E+0	7.913178E+3	-1.228579E+2
3.650570E+0	0.000000E+0	1.994855E+3	-1.769822E+1	9.006749E+3	-1.237420E+2
3.648420E+0	0.000000E+0	2.138212E+3	-1.489997E+1	6.651256E+3	-2.479796E+1
3.646150E+0	0.000000E+0	3.104423E+3	-1.507530E+1	3.186542E+3	1.133389E+2
3.644260E+0	0.000000E+0	2.143038E+3	-1.161469E+1	4.851035E+3	-1.259120E+2
3.642090E+0	0.000000E+0	2.368897E+3	-2.078035E+1	5.256974E+3	-7.832571E+1
3.639920E+0	0.000000E+0	3.344808E+3	3.323383E+0	3.456686E+3	-1.449929E+2
3.637850E+0	0.000000E+0	2.600100E+3	-3.019493E+1	4.232455E+3	-3.307632E+1
3.635680E+0	0.000000E+0	3.215762E+3	-2.862881E+1	7.193467E+3	-2.816696E+1
3.633510E+0	0.000000E+0	2.354194E+3	-2.729111E+1	1.033985E+4	-1.537797E+0
3.631160E+0	0.000000E+0	2.292034E+3	-2.942858E+1	1.657167E+2	4.230685E+1
3.629190E+0	0.000000E+0	2.373952E+3	-2.388224E+1	8.805066E+3	-3.041236E+0
3.627100E+0	0.000000E+0	2.129095E+3	-1.102577E+1	6.770595E+3	-8.429403E+1
3.625050E+0	0.000000E+0	2.208577E+3	-3.661294E+1	4.085882E+3	-6.844303E+1
3.622550E+0	0.000000E+0	3.012721E+3	-7.941565E+0	6.567447E+3	-4.716847E+1
3.620660E+0	0.000000E+0	2.877575E+3	-1.325220E+1	3.451146E+2	9.216700E+1
3.618690E+0	0.000000E+0	2.841653E+3	-4.972986E-1	3.973398E+3	-1.317611E+2
3.616450E+0	0.000000E+0	2.370618E+3	-8.047261E+0	1.923048E+3	-6.382235E+1
3.614300E+0	0.000000E+0	3.482366E+3	-8.320681E+0	3.236299E+3	1.560766E+2
3.612160E+0	0.000000E+0	2.479437E+3	1.063865E+1	9.164518E+3	-1.690995E+2
3.609730E+0	0.000000E+0	3.016664E+3	-2.304597E+1	3.732218E+3	-1.736046E+2
3.607990E+0	0.000000E+0	2.840702E+3	-3.320933E+1	2.202680E+3	2.040333E+1
3.605470E+0	0.000000E+0	2.860973E+3	-4.556141E+0	5.923413E+3	-3.468973E+1
3.603370E+0	0.000000E+0	3.046100E+3	-3.435781E+1	1.075995E+4	-5.527220E+1
3.601500E+0	0.000000E+0	1.823137E+3	-1.937089E+1	6.091036E+3	-3.882030E+1
3.599330E+0	0.000000E+0	1.665304E+3	-3.105247E+1	4.824292E+3	-6.424269E+0
3.597240E+0	0.000000E+0	2.939902E+3	-2.627518E+1	5.899997E+3	-2.628277E+1
3.595090E+0	0.000000E+0	2.430668E+3	-7.224987E+0	3.899083E+3	4.855963E+1
3.592950E+0	0.000000E+0	2.616133E+3	-2.031280E+1	2.698900E+3	-8.583771E+1
3.590650E+0	0.000000E+0	3.478712E+3	-3.125074E+1	3.815542E+3	-5.361858E+1

