2.836917e+2	-3.715995e+0
2.831222e+2	-3.716632e+0
2.825314e+2	-3.716848e+0
2.819387e+2	-3.717366e+0
2.813641e+2	-3.717653e+0
2.807591e+2	-3.717903e+0
2.801586e+2	-3.718126e+0
2.795873e+2	-3.717718e+0
2.789802e+2	-3.717939e+0
2.783876e+2	-3.717681e+0
2.778170e+2	-3.717850e+0
2.772191e+2	-3.717758e+0
2.766506e+2	-3.717546e+0
2.760684e+2	-3.717214e+0
2.755033e+2	-3.717234e+0
2.749252e+2	-3.716799e+0
2.743484e+2	-3.716329e+0
2.738025e+2	-3.716039e+0
2.732394e+2	-3.715793e+0
2.726990e+2	-3.714957e+0
2.721782e+2	-3.714277e+0
2.716612e+2	-3.713924e+0
2.711253e+2	-3.713602e+0
2.706002e+2	-3.712463e+0
2.700573e+2	-3.711981e+0
2.695493e+2	-3.711539e+0
2.690057e+2	-3.711000e+0
2.684890e+2	-3.710347e+0
2.679339e+2	-3.709303e+0
2.673971e+2	-3.708857e+0
2.668638e+2	-3.707919e+0
2.663307e+2	-3.707041e+0
2.657696e+2	-3.706282e+0
2.652210e+2	-3.705573e+0
2.646743e+2	-3.704755e+0
2.641237e+2	-3.704274e+0
2.635594e+2	-3.703275e+0
2.630261e+2	-3.702655e+0
2.624501e+2	-3.701638e+0
2.619046e+2	-3.700542e+0
2.613612e+2	-3.699747e+0
2.608284e+2	-3.699082e+0
2.602675e+2	-3.698311e+0
2.597293e+2	-3.697440e+0
2.591905e+2	-3.696490e+0
2.586573e+2	-3.695305e+0
2.581070e+2	-3.694821e+0
2.575903e+2	-3.694012e+0
2.570622e+2	-3.693122e+0
2.565109e+2	-3.692420e+0
2.559871e+2	-3.691617e+0
2.554779e+2	-3.690898e+0
2.549317e+2	-3.689688e+0
2.544169e+2	-3.688865e+0
2.538985e+2	-3.688123e+0
2.533892e+2	-3.687486e+0
2.528542e+2	-3.686718e+0
2.523630e+2	-3.685725e+0
2.518511e+2	-3.685007e+0
2.513148e+2	-3.683730e+0
2.508017e+2	-3.683659e+0
2.503141e+2	-3.682664e+0
2.497820e+2	-3.682153e+0
2.492840e+2	-3.681435e+0
2.487753e+2	-3.680439e+0
2.482988e+2	-3.679969e+0
2.477522e+2	-3.679187e+0
2.472778e+2	-3.678463e+0
2.467755e+2	-3.677884e+0
2.462864e+2	-3.677398e+0
2.457638e+2	-3.676866e+0
2.452974e+2	-3.676271e+0
2.447833e+2	-3.675786e+0
2.443166e+2	-3.675206e+0
2.438215e+2	-3.674632e+0
2.433409e+2	-3.674158e+0
2.428284e+2	-3.673896e+0
2.423629e+2	-3.673065e+0
2.418479e+2	-3.672504e+0
2.413768e+2	-3.671916e+0
2.408871e+2	-3.671284e+0
2.404379e+2	-3.671194e+0
2.399327e+2	-3.670919e+0
2.394658e+2	-3.669905e+0
2.389887e+2	-3.669402e+0
2.385307e+2	-3.668918e+0
2.380478e+2	-3.668557e+0
2.375793e+2	-3.667987e+0
2.371100e+2	-3.667754e+0
2.366523e+2	-3.667000e+0
2.361780e+2	-3.666521e+0
2.357245e+2	-3.665951e+0
2.352343e+2	-3.664975e+0
2.348002e+2	-3.664533e+0
2.343334e+2	-3.664041e+0
2.338806e+2	-3.663562e+0
2.333928e+2	-3.663051e+0
2.329684e+2	-3.662429e+0
2.324893e+2	-3.662133e+0
2.320603e+2	-3.661428e+0
2.315979e+2	-3.661298e+0
2.311643e+2	-3.660696e+0
2.306892e+2	-3.659721e+0
2.302695e+2	-3.659288e+0
2.297964e+2	-3.658951e+0
2.293660e+2	-3.658557e+0
2.289156e+2	-3.657883e+0
2.285127e+2	-3.657308e+0
2.280425e+2	-3.656869e+0
2.276138e+2	-3.656341e+0
2.271724e+2	-3.656114e+0
2.267578e+2	-3.655385e+0
2.263121e+2	-3.655294e+0
2.259121e+2	-3.654820e+0
2.254571e+2	-3.654352e+0
2.245963e+2	-3.653424e+0
2.241855e+2	-3.653290e+0
2.237320e+2	-3.652900e+0
2.233370e+2	-3.652427e+0
2.229037e+2	-3.651912e+0
2.224897e+2	-3.651592e+0
2.220376e+2	-3.651200e+0
2.216527e+2	-3.650910e+0
2.212065e+2	-3.650491e+0
2.208135e+2	-3.650132e+0
2.203846e+2	-3.649520e+0
2.199867e+2	-3.649174e+0
2.195453e+2	-3.648964e+0
2.191620e+2	-3.648585e+0
2.187284e+2	-3.648136e+0
2.183322e+2	-3.648094e+0
2.179179e+2	-3.648366e+0
2.175537e+2	-3.648782e+0
2.171169e+2	-3.648917e+0
2.167214e+2	-3.648993e+0
2.163117e+2	-3.648419e+0
2.159231e+2	-3.647553e+0
2.155043e+2	-3.646683e+0
2.151003e+2	-3.645833e+0
2.146257e+2	-3.645212e+0
2.138667e+2	-3.643972e+0
2.125346e+2	-3.643051e+0
2.108364e+2	-3.641712e+0
2.090916e+2	-3.640424e+0
2.076089e+2	-3.639149e+0
2.062924e+2	-3.638376e+0
2.051274e+2	-3.638225e+0
2.041190e+2	-3.638282e+0
2.033396e+2	-3.637774e+0
2.025902e+2	-3.637514e+0
2.019840e+2	-3.637157e+0
2.014028e+2	-3.637143e+0
2.008773e+2	-3.637450e+0
2.003469e+2	-3.636928e+0
1.999016e+2	-3.636444e+0
1.994167e+2	-3.636126e+0
1.989761e+2	-3.636424e+0
1.985366e+2	-3.635501e+0
1.981488e+2	-3.635305e+0
1.976814e+2	-3.635007e+0
1.972973e+2	-3.634263e+0
1.968871e+2	-3.634055e+0
1.964983e+2	-3.633914e+0
1.960903e+2	-3.633177e+0
1.957284e+2	-3.632578e+0
1.953022e+2	-3.632091e+0
1.949159e+2	-3.631271e+0
1.945166e+2	-3.631101e+0
1.941617e+2	-3.630430e+0
1.937302e+2	-3.629972e+0
1.933753e+2	-3.629145e+0
1.929937e+2	-3.628337e+0
1.926254e+2	-3.627581e+0
1.922407e+2	-3.626994e+0
1.918884e+2	-3.626460e+0
1.914950e+2	-3.625741e+0
1.911508e+2	-3.625281e+0
1.907789e+2	-3.624343e+0
1.904223e+2	-3.623635e+0
1.900494e+2	-3.622981e+0
1.897265e+2	-3.622633e+0
1.893695e+2	-3.622105e+0
1.890023e+2	-3.621556e+0
1.886539e+2	-3.621034e+0
1.883290e+2	-3.620542e+0
1.879612e+2	-3.620453e+0
1.876202e+2	-3.619858e+0
1.872752e+2	-3.619484e+0
1.869388e+2	-3.619052e+0
1.865863e+2	-3.618524e+0
1.862705e+2	-3.618056e+0
1.859125e+2	-3.617705e+0
1.855831e+2	-3.617060e+0
1.852478e+2	-3.616803e+0
1.849262e+2	-3.615969e+0
1.845858e+2	-3.615359e+0
1.842775e+2	-3.614712e+0
1.839438e+2	-3.614196e+0
1.836180e+2	-3.613500e+0
1.832822e+2	-3.612833e+0
1.829724e+2	-3.612417e+0
1.826270e+2	-3.611807e+0
1.822990e+2	-3.611101e+0
1.819802e+2	-3.610428e+0
1.816818e+2	-3.609781e+0
1.813378e+2	-3.609241e+0
1.810322e+2	-3.608912e+0
1.807107e+2	-3.608079e+0
1.803911e+2	-3.607358e+0
1.800719e+2	-3.606924e+0
1.797741e+2	-3.606119e+0
1.794449e+2	-3.605703e+0
1.791284e+2	-3.605193e+0
1.788279e+2	-3.604498e+0
1.785369e+2	-3.603908e+0
1.782097e+2	-3.603181e+0
1.779139e+2	-3.602590e+0
1.776126e+2	-3.601968e+0
1.773026e+2	-3.601312e+0
1.769989e+2	-3.600910e+0
1.767082e+2	-3.600273e+0
1.764004e+2	-3.599610e+0
1.761083e+2	-3.599008e+0
1.758092e+2	-3.598613e+0
1.755097e+2	-3.598314e+0
1.752182e+2	-3.597776e+0
1.749356e+2	-3.597004e+0
1.746366e+2	-3.596575e+0
1.743344e+2	-3.596247e+0
1.740578e+2	-3.595818e+0
1.737778e+2	-3.594884e+0
1.734860e+2	-3.594785e+0
1.732045e+2	-3.594187e+0
1.729119e+2	-3.593473e+0
1.726050e+2	-3.593416e+0
1.723341e+2	-3.592665e+0
1.720539e+2	-3.592020e+0
1.717704e+2	-3.591723e+0
1.714806e+2	-3.591405e+0
1.712147e+2	-3.590794e+0
1.709195e+2	-3.590207e+0
1.706536e+2	-3.589645e+0
1.703760e+2	-3.589175e+0
1.701024e+2	-3.588813e+0
1.698687e+2	-3.588271e+0
1.696065e+2	-3.588130e+0
1.693254e+2	-3.587625e+0
1.690635e+2	-3.587496e+0
1.687832e+2	-3.587096e+0
1.685233e+2	-3.586542e+0
1.682351e+2	-3.586220e+0
1.679833e+2	-3.585741e+0
1.677092e+2	-3.585494e+0
1.674490e+2	-3.584876e+0
1.671601e+2	-3.584444e+0
1.669181e+2	-3.584315e+0
1.666491e+2	-3.584185e+0
1.663936e+2	-3.583743e+0
1.661067e+2	-3.583358e+0
1.658550e+2	-3.583387e+0
1.655728e+2	-3.582952e+0
1.653303e+2	-3.582615e+0
1.650539e+2	-3.582127e+0
1.647998e+2	-3.581855e+0
1.645258e+2	-3.581534e+0
1.642862e+2	-3.581915e+0
1.640002e+2	-3.581627e+0
1.637721e+2	-3.581420e+0
1.635041e+2	-3.581903e+0
1.632631e+2	-3.581913e+0
1.629836e+2	-3.581614e+0
1.627477e+2	-3.581809e+0
1.624768e+2	-3.581490e+0
1.622488e+2	-3.581368e+0
1.619830e+2	-3.581487e+0
1.617528e+2	-3.581284e+0
1.614805e+2	-3.581417e+0
1.612529e+2	-3.581088e+0
1.609871e+2	-3.581092e+0
1.607638e+2	-3.580985e+0
1.604865e+2	-3.580908e+0
1.602685e+2	-3.581027e+0
1.600046e+2	-3.580827e+0
1.597814e+2	-3.580860e+0
1.595088e+2	-3.580726e+0
1.592975e+2	-3.581039e+0
1.590266e+2	-3.583139e+0
1.588206e+2	-3.584968e+0
1.585584e+2	-3.591004e+0
1.583447e+2	-3.592666e+0
1.580739e+2	-3.593334e+0
1.578638e+2	-3.593840e+0
1.576041e+2	-3.594282e+0
1.573869e+2	-3.594597e+0
1.571187e+2	-3.594887e+0
1.569224e+2	-3.595358e+0
1.566565e+2	-3.595664e+0
1.564450e+2	-3.595979e+0
1.561795e+2	-3.596154e+0
1.559808e+2	-3.596481e+0
1.557165e+2	-3.596781e+0
1.555190e+2	-3.597294e+0
1.552512e+2	-3.597521e+0
1.550328e+2	-3.597816e+0
1.547752e+2	-3.597953e+0
1.545873e+2	-3.597823e+0
1.543228e+2	-3.598518e+0
1.541237e+2	-3.598814e+0
1.538683e+2	-3.599085e+0
1.536753e+2	-3.599497e+0
1.534164e+2	-3.599957e+0
1.532310e+2	-3.600036e+0
1.529685e+2	-3.600211e+0
1.527718e+2	-3.601077e+0
1.525222e+2	-3.601726e+0
1.523504e+2	-3.601973e+0
1.520793e+2	-3.602072e+0
1.518929e+2	-3.602659e+0
1.516403e+2	-3.603189e+0
1.514574e+2	-3.603669e+0
1.511906e+2	-3.608824e+0
1.510179e+2	-3.610788e+0
1.507690e+2	-3.611900e+0
1.505915e+2	-3.613189e+0
1.503422e+2	-3.614249e+0
1.501660e+2	-3.615278e+0
1.499179e+2	-3.616078e+0
1.497442e+2	-3.616737e+0
1.494918e+2	-3.617625e+0
1.493096e+2	-3.618437e+0
1.490699e+2	-3.618949e+0
1.489095e+2	-3.624018e+0
1.486497e+2	-3.629590e+0
1.484620e+2	-3.630719e+0
1.482244e+2	-3.631629e+0
1.480499e+2	-3.633187e+0
1.478056e+2	-3.633723e+0
1.476388e+2	-3.634731e+0
1.473977e+2	-3.635234e+0
1.472190e+2	-3.636369e+0
1.469808e+2	-3.637206e+0
1.468179e+2	-3.638406e+0
1.465610e+2	-3.639094e+0
1.463903e+2	-3.639646e+0
1.461554e+2	-3.640677e+0
1.459747e+2	-3.641754e+0
1.457229e+2	-3.643014e+0
1.455666e+2	-3.643858e+0
1.453287e+2	-3.644772e+0
1.451645e+2	-3.645894e+0
1.449320e+2	-3.646560e+0
1.447594e+2	-3.647623e+0
1.445205e+2	-3.648716e+0
1.443630e+2	-3.649483e+0
1.441436e+2	-3.650237e+0
1.439530e+2	-3.650993e+0
1.437292e+2	-3.652085e+0
1.435832e+2	-3.653319e+0
1.433489e+2	-3.654438e+0
1.431768e+2	-3.655302e+0
1.429577e+2	-3.656382e+0
1.427960e+2	-3.657001e+0
1.425732e+2	-3.658643e+0
1.424121e+2	-3.659636e+0
1.421960e+2	-3.660637e+0
1.420241e+2	-3.661917e+0
1.418028e+2	-3.663180e+0
1.416387e+2	-3.664380e+0
1.414102e+2	-3.665394e+0
1.412568e+2	-3.666636e+0
1.410463e+2	-3.668159e+0
1.408801e+2	-3.669087e+0
1.406563e+2	-3.670386e+0
1.405094e+2	-3.671847e+0
1.402907e+2	-3.673293e+0
1.401203e+2	-3.674664e+0
1.399064e+2	-3.676318e+0
1.397635e+2	-3.677610e+0
1.395303e+2	-3.678891e+0
1.393728e+2	-3.680826e+0
1.391738e+2	-3.682276e+0
1.390079e+2	-3.683640e+0
1.387987e+2	-3.685374e+0
1.386539e+2	-3.687089e+0
1.384409e+2	-3.688886e+0
1.382798e+2	-3.690379e+0
1.380728e+2	-3.692098e+0
1.379035e+2	-3.694114e+0
1.376917e+2	-3.696057e+0
1.375416e+2	-3.698111e+0
1.373338e+2	-3.699841e+0
1.371468e+2	-3.701767e+0
1.369548e+2	-3.704434e+0
1.368067e+2	-3.706930e+0
1.366022e+2	-3.708945e+0
1.364431e+2	-3.711151e+0
1.362585e+2	-3.713101e+0
1.360909e+2	-3.715382e+0
1.359035e+2	-3.717529e+0
1.357532e+2	-3.719465e+0
1.355435e+2	-3.721463e+0
1.353730e+2	-3.723987e+0
1.351825e+2	-3.726534e+0
1.350410e+2	-3.728805e+0
1.348390e+2	-3.731170e+0
1.346844e+2	-3.733634e+0
1.344967e+2	-3.736172e+0
1.343321e+2	-3.739276e+0
1.341476e+2	-3.742255e+0
1.340019e+2	-3.744682e+0
1.338132e+2	-3.747749e+0
1.336506e+2	-3.750417e+0
1.334707e+2	-3.753206e+0
1.333075e+2	-3.756422e+0
1.331320e+2	-3.759288e+0
1.329783e+2	-3.762108e+0
1.327934e+2	-3.765670e+0
1.326236e+2	-3.768722e+0
1.324581e+2	-3.771838e+0
1.323036e+2	-3.775237e+0
1.321216e+2	-3.778577e+0
1.319622e+2	-3.781899e+0
1.317914e+2	-3.785085e+0
1.316275e+2	-3.789038e+0
1.314654e+2	-3.792715e+0
1.313070e+2	-3.796229e+0
1.311257e+2	-3.800229e+0
1.309666e+2	-3.803784e+0
1.308003e+2	-3.807547e+0
1.306402e+2	-3.811739e+0
1.304843e+2	-3.815809e+0
1.303272e+2	-3.820266e+0
1.301565e+2	-3.824514e+0
1.299902e+2	-3.828541e+0
1.298350e+2	-3.833115e+0
1.296862e+2	-3.837620e+0
1.295270e+2	-3.842260e+0
1.293746e+2	-3.846739e+0
1.292122e+2	-3.851619e+0
1.290494e+2	-3.856706e+0
1.288956e+2	-3.861826e+0
1.287357e+2	-3.867055e+0
1.285709e+2	-3.871812e+0
1.283999e+2	-3.876858e+0
1.282623e+2	-3.882454e+0
1.281084e+2	-3.887947e+0
1.279597e+2	-3.893356e+0
1.277981e+2	-3.898753e+0
1.276521e+2	-3.905157e+0
1.274764e+2	-3.911015e+0
1.273354e+2	-3.917040e+0
1.271702e+2	-3.923822e+0
1.270207e+2	-3.930397e+0
1.268652e+2	-3.937038e+0
1.267268e+2	-3.944127e+0
1.265617e+2	-3.950430e+0
1.264380e+2	-3.957043e+0
1.262748e+2	-3.964723e+0
1.261279e+2	-3.971959e+0
1.259512e+2	-3.979337e+0
1.258366e+2	-3.986439e+0
1.256682e+2	-3.994734e+0
1.255432e+2	-4.002670e+0
1.253848e+2	-4.010923e+0
1.252587e+2	-4.019486e+0
1.250883e+2	-4.027440e+0
1.249649e+2	-4.036406e+0
1.248024e+2	-4.045685e+0
1.246712e+2	-4.054157e+0
1.245012e+2	-4.063992e+0
1.243866e+2	-4.073469e+0
1.242215e+2	-4.083182e+0
1.240985e+2	-4.093087e+0
1.239237e+2	-4.103955e+0
1.238025e+2	-4.114315e+0
1.236283e+2	-4.124671e+0
1.235207e+2	-4.135881e+0
1.233585e+2	-4.148232e+0
1.232442e+2	-4.159715e+0
1.230783e+2	-4.171548e+0
1.229652e+2	-4.183506e+0
1.227860e+2	-4.196400e+0
1.226842e+2	-4.209045e+0
1.225178e+2	-4.222690e+0
1.223984e+2	-4.236767e+0
1.222312e+2	-4.250193e+0
1.221226e+2	-4.264860e+0
1.219463e+2	-4.280398e+0
1.218469e+2	-4.294983e+0
1.216796e+2	-4.310191e+0
1.215654e+2	-4.326548e+0
1.213886e+2	-4.343573e+0
1.212933e+2	-4.360114e+0
1.211211e+2	-4.377905e+0
1.210310e+2	-4.396452e+0
1.208588e+2	-4.414382e+0
1.207629e+2	-4.432923e+0
1.205898e+2	-4.453566e+0
1.204837e+2	-4.474729e+0
1.203066e+2	-4.495098e+0
1.202156e+2	-4.516714e+0
1.200311e+2	-4.538407e+0
1.199420e+2	-4.560959e+0
1.197732e+2	-4.586062e+0
1.196827e+2	-4.610052e+0
1.195121e+2	-4.634692e+0
1.194219e+2	-4.661852e+0
1.192427e+2	-4.688784e+0
1.191675e+2	-4.716065e+0
1.189893e+2	-4.745967e+0
1.189072e+2	-4.775660e+0
1.187320e+2	-4.805928e+0
1.186414e+2	-4.839073e+0
1.184553e+2	-4.872167e+0
1.183684e+2	-4.906253e+0
1.181954e+2	-4.942871e+0
1.181143e+2	-4.979880e+0
1.179388e+2	-5.017932e+0
1.178550e+2	-5.058568e+0
1.176791e+2	-5.100685e+0
1.176092e+2	-5.143689e+0
1.174333e+2	-5.189392e+0
1.173574e+2	-5.237234e+0
1.171883e+2	-5.284974e+0
1.171127e+2	-5.334350e+0
1.169313e+2	-5.389329e+0
1.168613e+2	-5.446724e+0
1.166901e+2	-5.502744e+0
1.166114e+2	-5.564853e+0
1.164367e+2	-5.626590e+0
1.163612e+2	-5.692002e+0
1.161908e+2	-5.763620e+0
1.161105e+2	-5.836474e+0
1.159499e+2	-5.912178e+0
1.158595e+2	-5.994228e+0
1.156965e+2	-6.080692e+0
1.156392e+2	-6.168667e+0
1.154632e+2	-6.265052e+0
1.153793e+2	-6.367168e+0
1.152169e+2	-6.470948e+0
1.151452e+2	-6.580272e+0
1.149767e+2	-6.703335e+0
1.149112e+2	-6.829397e+0
1.147472e+2	-6.962956e+0
1.146698e+2	-7.112971e+0
1.145044e+2	-7.272998e+0
1.144299e+2	-7.435597e+0
1.142700e+2	-7.619611e+0
1.141955e+2	-7.811615e+0
1.140331e+2	-8.017757e+0
1.139651e+2	-8.249645e+0
1.137910e+2	-8.497629e+0
1.137270e+2	-8.755306e+0
1.135664e+2	-9.032211e+0
1.134918e+2	-9.339590e+0
1.133258e+2	-9.657787e+0
1.132669e+2	-1.000895e+1
1.131055e+2	-1.037760e+1
1.130455e+2	-1.074994e+1
1.128901e+2	-1.113671e+1
1.128114e+2	-1.157939e+1
1.126624e+2	-1.207094e+1
1.126063e+2	-1.240960e+1
1.124428e+2	-1.284153e+1
1.123632e+2	-1.325072e+1
1.122111e+2	-1.366151e+1
1.121381e+2	-1.405443e+1
1.119806e+2	-1.440931e+1
1.119232e+2	-1.473710e+1
1.117664e+2	-1.505288e+1
1.116877e+2	-1.532242e+1
1.115449e+2	-1.555949e+1
1.114887e+2	-1.578443e+1
1.113205e+2	-1.596092e+1
1.112543e+2	-1.611418e+1
1.111207e+2	-1.625170e+1
1.110490e+2	-1.636863e+1
1.108984e+2	-1.646599e+1
1.108414e+2	-1.655320e+1
1.106952e+2	-1.662842e+1
1.106185e+2	-1.669158e+1
1.104748e+2	-1.674659e+1
1.104077e+2	-1.679823e+1
1.102624e+2	-1.684193e+1
1.102069e+2	-1.688040e+1
1.100623e+2	-1.691815e+1
1.099778e+2	-1.694871e+1
1.098428e+2	-1.697654e+1
1.097846e+2	-1.700257e+1
1.096341e+2	-1.702517e+1
1.095581e+2	-1.704684e+1
1.094349e+2	-1.706537e+1
1.093650e+2	-1.708262e+1
1.092200e+2	-1.709739e+1
1.091611e+2	-1.711152e+1
1.090200e+2	-1.712404e+1
1.089393e+2	-1.713508e+1
1.088134e+2	-1.714461e+1
1.087616e+2	-1.715345e+1
1.086167e+2	-1.716142e+1
1.085602e+2	-1.716863e+1
1.084260e+2	-1.717532e+1
1.083350e+2	-1.718088e+1
1.082142e+2	-1.718600e+1
1.081503e+2	-1.719126e+1
1.080098e+2	-1.719606e+1
1.079256e+2	-1.720051e+1
1.078158e+2	-1.720445e+1
1.077359e+2	-1.720827e+1
1.076183e+2	-1.721146e+1
1.075586e+2	-1.721475e+1
1.074293e+2	-1.721787e+1
1.073465e+2	-1.722079e+1
1.072384e+2	-1.722332e+1
1.071763e+2	-1.722592e+1
1.070537e+2	-1.722810e+1
1.069660e+2	-1.723055e+1
1.068445e+2	-1.723225e+1
1.067567e+2	-1.723465e+1
1.066573e+2	-1.723611e+1
1.065849e+2	-1.723807e+1
1.062841e+2	-1.724262e+1
1.062070e+2	-1.724396e+1
1.061088e+2	-1.724529e+1
1.060345e+2	-1.724645e+1
1.059217e+2	-1.724738e+1
1.058212e+2	-1.724871e+1
1.057275e+2	-1.724984e+1
1.056522e+2	-1.725080e+1
1.055422e+2	-1.725164e+1
1.054607e+2	-1.725266e+1
1.053680e+2	-1.725381e+1
1.052703e+2	-1.725467e+1
1.051849e+2	-1.725553e+1
1.051124e+2	-1.725620e+1
1.050066e+2	-1.725697e+1
1.049083e+2	-1.725800e+1
1.048227e+2	-1.725852e+1
1.047398e+2	-1.725944e+1
1.046601e+2	-1.726010e+1
1.045692e+2	-1.726087e+1
1.044771e+2	-1.726162e+1
1.043835e+2	-1.726236e+1
1.043045e+2	-1.726305e+1
1.042075e+2	-1.726367e+1
1.041261e+2	-1.726454e+1
1.040346e+2	-1.726496e+1
1.039452e+2	-1.726607e+1
1.038480e+2	-1.726658e+1
1.037802e+2	-1.726742e+1
1.036883e+2	-1.726821e+1
1.035957e+2	-1.726883e+1
1.034965e+2	-1.726953e+1
1.034406e+2	-1.727010e+1
1.033454e+2	-1.727094e+1
1.032675e+2	-1.727159e+1
1.031808e+2	-1.727216e+1
1.031050e+2	-1.727271e+1
1.029924e+2	-1.727353e+1
1.029305e+2	-1.727409e+1
1.028371e+2	-1.727473e+1
1.027686e+2	-1.727528e+1
1.026654e+2	-1.727563e+1
1.025989e+2	-1.727639e+1
1.024984e+2	-1.727671e+1
1.024364e+2	-1.727715e+1
1.023484e+2	-1.727796e+1
1.022825e+2	-1.727843e+1
1.021641e+2	-1.727896e+1
1.021105e+2	-1.727962e+1
1.020050e+2	-1.727983e+1
1.019514e+2	-1.728023e+1
1.018465e+2	-1.728070e+1
1.017881e+2	-1.728141e+1
1.016774e+2	-1.728224e+1
1.016334e+2	-1.728289e+1
1.015291e+2	-1.728326e+1
1.014898e+2	-1.728370e+1
1.013812e+2	-1.728423e+1
1.013357e+2	-1.728454e+1
1.012178e+2	-1.728514e+1
1.011631e+2	-1.728550e+1
1.010448e+2	-1.728634e+1
1.009910e+2	-1.728663e+1
1.008826e+2	-1.728710e+1
1.008503e+2	-1.728747e+1
1.007284e+2	-1.728802e+1
1.006971e+2	-1.728850e+1
1.005846e+2	-1.728896e+1
1.005307e+2	-1.728928e+1
1.004166e+2	-1.728982e+1
1.003949e+2	-1.729035e+1
1.002812e+2	-1.729072e+1
1.002490e+2	-1.729130e+1
1.001393e+2	-1.729135e+1
1.001086e+2	-1.729191e+1
9.998672e+1	-1.729240e+1
9.995426e+1	-1.729257e+1
9.984021e+1	-1.729656e+1
9.980308e+1	-1.729329e+1
9.967351e+1	-1.729332e+1
9.965033e+1	-1.729363e+1
9.952802e+1	-1.729376e+1
9.950887e+1	-1.729425e+1
9.938580e+1	-1.729430e+1
9.936041e+1	-1.729477e+1
9.923919e+1	-1.729485e+1
9.922192e+1	-1.729504e+1
9.909376e+1	-1.729537e+1
9.907786e+1	-1.729561e+1
9.895218e+1	-1.729562e+1
9.892700e+1	-1.729610e+1
9.879500e+1	-1.729607e+1
9.878650e+1	-1.729645e+1
9.866745e+1	-1.729675e+1
9.864640e+1	-1.729690e+1
9.852192e+1	-1.729715e+1
9.850894e+1	-1.729755e+1
9.838097e+1	-1.729780e+1
9.837180e+1	-1.729842e+1
9.824087e+1	-1.729846e+1
9.822844e+1	-1.729897e+1
9.810365e+1	-1.729888e+1
9.809405e+1	-1.729908e+1
9.797297e+1	-1.729933e+1
9.796134e+1	-1.729970e+1
9.782986e+1	-1.729986e+1
9.780941e+1	-1.730004e+1
9.768154e+1	-1.730017e+1
9.767463e+1	-1.730047e+1
9.754896e+1	-1.730069e+1
9.752940e+1	-1.730081e+1
9.741465e+1	-1.730098e+1
9.739897e+1	-1.730077e+1
9.726971e+1	-1.730158e+1
9.726461e+1	-1.730150e+1
9.715614e+1	-1.730170e+1
9.714739e+1	-1.730216e+1
9.701771e+1	-1.730214e+1
9.700145e+1	-1.730316e+1
9.687436e+1	-1.730342e+1
9.685707e+1	-1.730369e+1
9.673214e+1	-1.730402e+1
9.671551e+1	-1.730421e+1
9.659139e+1	-1.730430e+1
9.658895e+1	-1.730479e+1
9.646884e+1	-1.730508e+1
9.645461e+1	-1.730523e+1
9.633002e+1	-1.730535e+1
9.632725e+1	-1.730566e+1
9.620603e+1	-1.730581e+1
9.620464e+1	-1.730567e+1
9.608007e+1	-1.730609e+1
9.605706e+1	-1.730637e+1
9.595163e+1	-1.730639e+1
9.595346e+1	-1.730664e+1
9.584735e+1	-1.730685e+1
9.583955e+1	-1.730691e+1
9.572942e+1	-1.730717e+1
9.571687e+1	-1.730738e+1
9.560874e+1	-1.730763e+1
9.561376e+1	-1.730754e+1
9.550190e+1	-1.730781e+1
9.548519e+1	-1.730795e+1
9.536718e+1	-1.730807e+1
9.535475e+1	-1.730838e+1
9.523389e+1	-1.730836e+1
9.522424e+1	-1.730874e+1
9.512252e+1	-1.730880e+1
9.510576e+1	-1.730898e+1
9.498769e+1	-1.730908e+1
9.497892e+1	-1.730931e+1
9.487018e+1	-1.730940e+1
9.486290e+1	-1.730967e+1
9.475885e+1	-1.730977e+1
9.473709e+1	-1.730997e+1
9.462180e+1	-1.731027e+1
9.462019e+1	-1.731059e+1
9.451114e+1	-1.731062e+1
9.448862e+1	-1.731090e+1
9.437762e+1	-1.731094e+1
9.437427e+1	-1.731113e+1
9.426846e+1	-1.731125e+1
9.426639e+1	-1.731130e+1
9.417505e+1	-1.731137e+1
9.415664e+1	-1.731155e+1
9.404980e+1	-1.731172e+1
9.404157e+1	-1.731198e+1
9.393856e+1	-1.731190e+1
9.392389e+1	-1.731203e+1
9.383530e+1	-1.731230e+1
9.382058e+1	-1.731214e+1
9.373285e+1	-1.731236e+1
9.372683e+1	-1.731250e+1
9.363392e+1	-1.731263e+1
9.361928e+1	-1.731280e+1
9.353052e+1	-1.731305e+1
9.352443e+1	-1.731299e+1
9.342535e+1	-1.731312e+1
9.342627e+1	-1.731341e+1
9.333067e+1	-1.731346e+1
9.329804e+1	-1.731356e+1
9.322255e+1	-1.731384e+1
9.321872e+1	-1.731378e+1
9.311868e+1	-1.731403e+1
9.308791e+1	-1.731389e+1
9.301536e+1	-1.731403e+1
9.299051e+1	-1.731407e+1
9.290421e+1	-1.731446e+1
9.288810e+1	-1.731454e+1
9.278905e+1	-1.731439e+1
9.275574e+1	-1.731444e+1
9.268442e+1	-1.731477e+1
9.267115e+1	-1.731475e+1
9.260475e+1	-1.731492e+1
9.258069e+1	-1.731500e+1
9.250768e+1	-1.731506e+1
9.246274e+1	-1.731539e+1
9.240240e+1	-1.731532e+1
9.238225e+1	-1.731544e+1
9.230554e+1	-1.731559e+1
9.227937e+1	-1.731577e+1
9.221385e+1	-1.731582e+1
9.218055e+1	-1.731574e+1
9.211176e+1	-1.731595e+1
9.206011e+1	-1.731598e+1
9.199547e+1	-1.731598e+1
9.195794e+1	-1.731623e+1
9.191334e+1	-1.731618e+1
9.189202e+1	-1.731648e+1
9.183150e+1	-1.731656e+1
9.178521e+1	-1.731677e+1
9.172328e+1	-1.731671e+1
9.169105e+1	-1.731683e+1
9.163563e+1	-1.731681e+1
9.157749e+1	-1.731716e+1
9.152615e+1	-1.731708e+1
9.146949e+1	-1.731723e+1
9.141858e+1	-1.731730e+1
9.137650e+1	-1.731732e+1
9.131884e+1	-1.731752e+1
9.126028e+1	-1.731748e+1
9.123217e+1	-1.731775e+1
9.120138e+1	-1.731774e+1
9.114615e+1	-1.731785e+1
9.109387e+1	-1.731801e+1
9.105148e+1	-1.731795e+1
9.099877e+1	-1.731806e+1
9.096957e+1	-1.731803e+1
9.092048e+1	-1.731831e+1
9.088365e+1	-1.731843e+1
9.081672e+1	-1.731846e+1
9.079134e+1	-1.731881e+1
9.074973e+1	-1.731871e+1
9.070494e+1	-1.731878e+1
9.063365e+1	-1.731860e+1
9.061707e+1	-1.731903e+1
9.055700e+1	-1.731893e+1
9.054328e+1	-1.731874e+1
9.047172e+1	-1.731888e+1
9.043531e+1	-1.731886e+1
9.037324e+1	-1.731913e+1
9.035682e+1	-1.731911e+1
9.030675e+1	-1.731922e+1
9.027359e+1	-1.731925e+1
9.019964e+1	-1.731923e+1
9.018612e+1	-1.731944e+1
9.011877e+1	-1.731958e+1
9.011085e+1	-1.731966e+1
9.004033e+1	-1.731962e+1
9.002407e+1	-1.731973e+1
8.994515e+1	-1.731975e+1
8.993397e+1	-1.731982e+1
8.987606e+1	-1.731988e+1
8.985903e+1	-1.731984e+1
8.978615e+1	-1.731991e+1
8.979065e+1	-1.732006e+1
8.971696e+1	-1.732022e+1
8.970429e+1	-1.732036e+1
8.962472e+1	-1.732052e+1
8.960097e+1	-1.732053e+1
8.951298e+1	-1.732071e+1
8.951833e+1	-1.732073e+1
8.944262e+1	-1.732055e+1
8.942759e+1	-1.732089e+1
8.933050e+1	-1.732111e+1
8.934089e+1	-1.732097e+1
8.926563e+1	-1.732103e+1
8.926039e+1	-1.732135e+1
8.919455e+1	-1.732127e+1
8.918803e+1	-1.732139e+1
8.910489e+1	-1.732152e+1
8.911282e+1	-1.732148e+1
8.903515e+1	-1.732114e+1
8.901994e+1	-1.732143e+1
8.894167e+1	-1.732175e+1
8.896904e+1	-1.732176e+1
8.888892e+1	-1.732177e+1
8.889719e+1	-1.732179e+1
8.882038e+1	-1.732197e+1
8.882619e+1	-1.732203e+1
8.873641e+1	-1.732186e+1
8.875185e+1	-1.732201e+1
8.867115e+1	-1.732213e+1
8.868155e+1	-1.732196e+1
8.858029e+1	-1.732215e+1
8.860098e+1	-1.732207e+1
8.851280e+1	-1.732225e+1
8.853290e+1	-1.732251e+1
8.844470e+1	-1.732250e+1
8.846060e+1	-1.732281e+1
8.836538e+1	-1.732274e+1
8.839964e+1	-1.732192e+1
8.830716e+1	-1.732199e+1
8.832997e+1	-1.732226e+1
8.824395e+1	-1.732191e+1
8.827112e+1	-1.732226e+1
8.818147e+1	-1.732222e+1
8.820997e+1	-1.732228e+1
8.812035e+1	-1.732228e+1
8.814323e+1	-1.732227e+1
8.803404e+1	-1.732253e+1
8.807114e+1	-1.732249e+1
8.796612e+1	-1.732267e+1
8.799647e+1	-1.732264e+1
8.790116e+1	-1.732300e+1
8.792897e+1	-1.732286e+1
8.783168e+1	-1.732293e+1
8.786760e+1	-1.732278e+1
8.777741e+1	-1.732295e+1
8.780586e+1	-1.732301e+1
8.769900e+1	-1.732314e+1
8.773722e+1	-1.732283e+1
8.763905e+1	-1.732307e+1
8.766844e+1	-1.732332e+1
8.757027e+1	-1.732341e+1
8.759477e+1	-1.732321e+1
8.749480e+1	-1.732329e+1
8.753075e+1	-1.732330e+1
8.743865e+1	-1.732322e+1
8.746691e+1	-1.732325e+1
8.736868e+1	-1.732346e+1
8.739877e+1	-1.732353e+1
8.730726e+1	-1.732384e+1
8.735457e+1	-1.732403e+1
8.726022e+1	-1.732387e+1
8.728650e+1	-1.732415e+1
8.727631e+1	-1.732429e+1
8.722462e+1	-1.732472e+1
8.713022e+1	-1.732425e+1
8.716567e+1	-1.732426e+1
8.707788e+1	-1.732465e+1
8.709284e+1	-1.732449e+1
8.699135e+1	-1.732450e+1
8.701744e+1	-1.732463e+1
8.693293e+1	-1.732455e+1
8.695162e+1	-1.732446e+1
8.685181e+1	-1.732472e+1
8.688820e+1	-1.732497e+1
8.679331e+1	-1.732462e+1
8.682897e+1	-1.732458e+1
8.674248e+1	-1.732476e+1
8.676277e+1	-1.732503e+1
8.667404e+1	-1.732500e+1
8.670135e+1	-1.732501e+1
8.660946e+1	-1.732483e+1
8.663842e+1	-1.732489e+1
8.656303e+1	-1.732508e+1
8.657564e+1	-1.732516e+1
8.649547e+1	-1.732523e+1
8.653832e+1	-1.732529e+1
8.645636e+1	-1.732509e+1
8.647139e+1	-1.732527e+1
8.639268e+1	-1.732528e+1
8.642769e+1	-1.732525e+1
8.634620e+1	-1.732533e+1
8.638326e+1	-1.732554e+1
8.629099e+1	-1.732540e+1
8.630296e+1	-1.732545e+1
8.622295e+1	-1.732535e+1
8.625830e+1	-1.732549e+1
8.618020e+1	-1.732552e+1
8.620246e+1	-1.732591e+1
8.613385e+1	-1.732602e+1
8.614933e+1	-1.732608e+1
8.608229e+1	-1.732609e+1
8.612314e+1	-1.732641e+1
8.604351e+1	-1.732625e+1
8.604628e+1	-1.732631e+1
9.088445e+1	-1.732638e+1
8.599430e+1	-1.732493e+1
8.591563e+1	-1.732654e+1
8.593207e+1	-1.732649e+1
8.586576e+1	-1.732643e+1
8.587239e+1	-1.732662e+1
8.579778e+1	-1.732667e+1
8.582610e+1	-1.732660e+1
8.575543e+1	-1.732653e+1
8.576691e+1	-1.732687e+1
8.570263e+1	-1.732688e+1
8.572443e+1	-1.732698e+1
8.565082e+1	-1.732669e+1
8.568507e+1	-1.732699e+1
8.561550e+1	-1.732695e+1
8.560990e+1	-1.732700e+1
8.555087e+1	-1.732691e+1
8.557415e+1	-1.732700e+1
8.549576e+1	-1.732689e+1
8.550836e+1	-1.732697e+1
8.545057e+1	-1.732704e+1
8.545562e+1	-1.732716e+1
8.540538e+1	-1.732704e+1
8.543207e+1	-1.732712e+1
8.536589e+1	-1.732719e+1
8.536630e+1	-1.732716e+1
8.530313e+1	-1.732701e+1
8.531330e+1	-1.732726e+1
8.526698e+1	-1.732733e+1
8.526304e+1	-1.732731e+1
8.521063e+1	-1.732737e+1
8.519249e+1	-1.732743e+1
8.516103e+1	-1.732725e+1
8.516366e+1	-1.732712e+1
8.510962e+1	-1.732736e+1
8.510530e+1	-1.732755e+1
8.507224e+1	-1.732752e+1
8.507198e+1	-1.732749e+1
8.502444e+1	-1.732764e+1
8.501727e+1	-1.732756e+1
8.497755e+1	-1.732766e+1
8.495718e+1	-1.732762e+1
8.491632e+1	-1.732753e+1
8.492762e+1	-1.732770e+1
8.488867e+1	-1.732770e+1
8.486524e+1	-1.732790e+1
8.483225e+1	-1.732752e+1
8.482350e+1	-1.732785e+1
8.481005e+1	-1.732804e+1
8.480472e+1	-1.732787e+1
8.477241e+1	-1.732782e+1
8.474650e+1	-1.732804e+1
8.473165e+1	-1.732818e+1
8.472684e+1	-1.732785e+1
8.471044e+1	-1.732808e+1
8.467251e+1	-1.732799e+1
8.464191e+1	-1.732794e+1
8.461034e+1	-1.732822e+1
8.459058e+1	-1.732802e+1
8.458239e+1	-1.732814e+1
8.454149e+1	-1.732807e+1
8.451936e+1	-1.732816e+1
8.452234e+1	-1.732843e+1
8.448662e+1	-1.732826e+1
8.447613e+1	-1.732827e+1
8.445513e+1	-1.732855e+1
8.442584e+1	-1.732853e+1
8.439486e+1	-1.732852e+1
8.439434e+1	-1.732845e+1
8.437842e+1	-1.732859e+1
8.436246e+1	-1.732843e+1
8.431519e+1	-1.732858e+1
8.428209e+1	-1.732878e+1
8.428351e+1	-1.732880e+1
8.425726e+1	-1.732877e+1
8.422960e+1	-1.732869e+1
8.418949e+1	-1.732875e+1
8.419941e+1	-1.732881e+1
8.416813e+1	-1.732869e+1
8.416770e+1	-1.732890e+1
8.413073e+1	-1.732882e+1
8.413036e+1	-1.732895e+1
8.408017e+1	-1.732903e+1
8.409903e+1	-1.732895e+1
8.405058e+1	-1.732902e+1
8.403646e+1	-1.732907e+1
8.399772e+1	-1.732910e+1
8.403034e+1	-1.732915e+1
8.396699e+1	-1.732913e+1
8.398953e+1	-1.732931e+1
8.394304e+1	-1.732927e+1
8.393970e+1	-1.732939e+1
8.388849e+1	-1.732919e+1
8.390102e+1	-1.732937e+1
8.385659e+1	-1.732931e+1
8.386760e+1	-1.732903e+1
8.381023e+1	-1.732925e+1
8.383120e+1	-1.732938e+1
8.381116e+1	-1.732939e+1
8.380837e+1	-1.732964e+1
8.374127e+1	-1.732956e+1
8.375044e+1	-1.732944e+1
8.369082e+1	-1.732951e+1
8.372995e+1	-1.732952e+1
8.366562e+1	-1.732951e+1
8.369916e+1	-1.732952e+1
8.363556e+1	-1.732960e+1
8.366623e+1	-1.732953e+1
8.359992e+1	-1.732986e+1
8.363071e+1	-1.732973e+1
8.356636e+1	-1.732969e+1
8.359464e+1	-1.732996e+1
8.351811e+1	-1.732977e+1
8.355987e+1	-1.732978e+1
8.348879e+1	-1.732975e+1
8.352577e+1	-1.732986e+1
8.346514e+1	-1.733006e+1
8.349210e+1	-1.732997e+1
8.341603e+1	-1.733008e+1
8.346585e+1	-1.732995e+1
8.339410e+1	-1.732998e+1
8.341918e+1	-1.732989e+1
8.335095e+1	-1.733016e+1
8.339292e+1	-1.733002e+1
8.332017e+1	-1.733039e+1
8.336238e+1	-1.733005e+1
8.328841e+1	-1.733018e+1
8.332885e+1	-1.733024e+1
8.324645e+1	-1.733028e+1
8.330385e+1	-1.733010e+1
8.322360e+1	-1.733036e+1
8.326913e+1	-1.733044e+1
8.320106e+1	-1.733035e+1
8.323770e+1	-1.733037e+1
8.315184e+1	-1.733033e+1
8.320619e+1	-1.733018e+1
8.313254e+1	-1.733042e+1
8.317154e+1	-1.733022e+1
8.309600e+1	-1.733034e+1
8.314782e+1	-1.733030e+1
8.306458e+1	-1.733037e+1
8.312695e+1	-1.733028e+1
8.304586e+1	-1.733045e+1
8.309069e+1	-1.733049e+1
8.300719e+1	-1.733059e+1
8.306319e+1	-1.733045e+1
8.297973e+1	-1.733047e+1
8.303139e+1	-1.733043e+1
8.295868e+1	-1.733068e+1
8.300579e+1	-1.733063e+1
8.297621e+1	-1.733073e+1
8.289648e+1	-1.733081e+1
8.294209e+1	-1.733074e+1
8.285643e+1	-1.733078e+1
8.290706e+1	-1.733083e+1
8.282530e+1	-1.733096e+1
8.288666e+1	-1.733083e+1
8.280613e+1	-1.733100e+1
8.284974e+1	-1.733101e+1
8.276791e+1	-1.733078e+1
8.281695e+1	-1.733104e+1
8.274276e+1	-1.733088e+1
8.279860e+1	-1.733093e+1
8.272916e+1	-1.733113e+1
8.277158e+1	-1.733108e+1
8.269291e+1	-1.733102e+1
8.274335e+1	-1.733124e+1
8.267463e+1	-1.733113e+1
8.271332e+1	-1.733125e+1
8.263186e+1	-1.733120e+1
8.261337e+1	-1.733124e+1
8.266397e+1	-1.733119e+1
8.259516e+1	-1.733109e+1
8.262514e+1	-1.733123e+1
8.255692e+1	-1.733129e+1
8.260840e+1	-1.733114e+1
8.254254e+1	-1.733126e+1
8.258241e+1	-1.733118e+1
8.251464e+1	-1.733136e+1
8.255445e+1	-1.733124e+1
8.249337e+1	-1.733120e+1
8.255056e+1	-1.733121e+1
8.247980e+1	-1.733151e+1
8.251653e+1	-1.733134e+1
8.244072e+1	-1.733149e+1
8.249545e+1	-1.733118e+1
8.241967e+1	-1.733139e+1
8.246272e+1	-1.733151e+1
8.239979e+1	-1.733132e+1
8.242940e+1	-1.733144e+1
8.236219e+1	-1.733146e+1
8.240337e+1	-1.733147e+1
8.234751e+1	-1.733133e+1
8.237603e+1	-1.733142e+1
8.230504e+1	-1.733140e+1
8.235220e+1	-1.733151e+1
8.228665e+1	-1.733132e+1
8.233103e+1	-1.733150e+1
8.227684e+1	-1.733151e+1
8.229497e+1	-1.733150e+1
8.223986e+1	-1.733165e+1
8.228876e+1	-1.733149e+1
8.222140e+1	-1.733150e+1
8.224772e+1	-1.733156e+1
8.219308e+1	-1.733151e+1
8.223043e+1	-1.733153e+1
8.217395e+1	-1.733170e+1
8.221783e+1	-1.733174e+1
8.216097e+1	-1.733160e+1
8.217570e+1	-1.733156e+1
8.212728e+1	-1.733177e+1
8.217220e+1	-1.733179e+1
8.210236e+1	-1.733158e+1
8.213651e+1	-1.733181e+1
8.209289e+1	-1.733204e+1
8.211493e+1	-1.733175e+1
8.206717e+1	-1.733191e+1
8.211117e+1	-1.733196e+1
8.205683e+1	-1.733176e+1
8.206943e+1	-1.733198e+1
8.202660e+1	-1.733186e+1
8.206163e+1	-1.733210e+1
8.202199e+1	-1.733200e+1
8.203920e+1	-1.733231e+1
8.200180e+1	-1.733206e+1
8.201717e+1	-1.733195e+1
8.196884e+1	-1.733198e+1
8.200010e+1	-1.733189e+1
8.195581e+1	-1.733204e+1
8.196935e+1	-1.733207e+1
8.193386e+1	-1.733209e+1
8.195560e+1	-1.733210e+1
8.191641e+1	-1.733216e+1
8.193238e+1	-1.733212e+1
8.190028e+1	-1.733214e+1
8.190127e+1	-1.733209e+1
8.187063e+1	-1.733224e+1
8.189984e+1	-1.733209e+1
8.186471e+1	-1.733222e+1
8.185653e+1	-1.733226e+1
8.183408e+1	-1.733223e+1
8.183841e+1	-1.733226e+1
8.183224e+1	-1.733214e+1
8.184130e+1	-1.733237e+1
8.181082e+1	-1.733219e+1
8.179604e+1	-1.733226e+1
8.178157e+1	-1.733224e+1
8.179734e+1	-1.733208e+1
8.176661e+1	-1.733234e+1
8.177027e+1	-1.733241e+1
8.175432e+1	-1.733202e+1
8.174402e+1	-1.733234e+1
8.173142e+1	-1.733236e+1
8.174369e+1	-1.733253e+1
8.171592e+1	-1.733255e+1
8.169999e+1	-1.733219e+1
8.169580e+1	-1.733243e+1
8.168765e+1	-1.733242e+1
8.169622e+1	-1.733242e+1
8.168428e+1	-1.733244e+1
8.166192e+1	-1.733236e+1
8.164720e+1	-1.733243e+1
8.164927e+1	-1.733241e+1
8.165143e+1	-1.733246e+1
8.163702e+1	-1.733260e+1
8.161889e+1	-1.733238e+1
8.161754e+1	-1.733229e+1
8.159895e+1	-1.733241e+1
8.162106e+1	-1.733238e+1
8.159998e+1	-1.733243e+1
8.158222e+1	-1.733240e+1
8.156840e+1	-1.733255e+1
8.157416e+1	-1.733241e+1
8.155719e+1	-1.733252e+1
8.157534e+1	-1.733251e+1
8.155270e+1	-1.733240e+1
8.154910e+1	-1.733248e+1
8.152133e+1	-1.733253e+1
8.154200e+1	-1.733248e+1
8.151892e+1	-1.733239e+1
8.152419e+1	-1.733266e+1
8.147799e+1	-1.733255e+1
8.150239e+1	-1.733248e+1
8.147258e+1	-1.733259e+1
8.149008e+1	-1.733247e+1
8.146556e+1	-1.733262e+1
8.147034e+1	-1.733240e+1
8.142413e+1	-1.733269e+1
8.145086e+1	-1.733264e+1
8.141750e+1	-1.733243e+1
8.144337e+1	-1.733263e+1
8.140750e+1	-1.733267e+1
8.142681e+1	-1.733249e+1
8.137865e+1	-1.733241e+1
8.142443e+1	-1.733263e+1
8.138295e+1	-1.733253e+1
8.138931e+1	-1.733252e+1
8.135191e+1	-1.733280e+1
8.138753e+1	-1.733283e+1
8.134017e+1	-1.733266e+1
8.138771e+1	-1.733282e+1
8.134118e+1	-1.733284e+1
8.135057e+1	-1.733273e+1
8.130637e+1	-1.733267e+1
8.135189e+1	-1.733286e+1
8.129561e+1	-1.733287e+1
8.133893e+1	-1.733267e+1
8.128144e+1	-1.733272e+1
8.131868e+1	-1.733305e+1
8.126374e+1	-1.733290e+1
8.130651e+1	-1.733264e+1
8.125936e+1	-1.733277e+1
8.129035e+1	-1.733263e+1
8.122836e+1	-1.733274e+1
8.128155e+1	-1.733293e+1
8.122662e+1	-1.733268e+1
8.127423e+1	-1.733278e+1
8.122006e+1	-1.733288e+1
8.125524e+1	-1.733303e+1
8.118478e+1	-1.733321e+1
8.124552e+1	-1.733309e+1
8.118187e+1	-1.733313e+1
8.121948e+1	-1.733290e+1
8.116901e+1	-1.733307e+1
8.121605e+1	-1.733294e+1
8.114333e+1	-1.733299e+1
8.120172e+1	-1.733287e+1
8.114417e+1	-1.733302e+1
8.118136e+1	-1.733294e+1
8.111597e+1	-1.733315e+1
8.117669e+1	-1.733294e+1
8.110598e+1	-1.733291e+1
8.116227e+1	-1.733295e+1
8.110085e+1	-1.733302e+1
8.115373e+1	-1.733295e+1
8.108175e+1	-1.733303e+1
8.114068e+1	-1.733286e+1
8.106952e+1	-1.733282e+1
8.112756e+1	-1.733314e+1
8.105878e+1	-1.733294e+1
8.111469e+1	-1.733286e+1
8.103767e+1	-1.733303e+1
8.110146e+1	-1.733309e+1
8.103677e+1	-1.733272e+1
8.109172e+1	-1.733302e+1
8.100628e+1	-1.733297e+1
8.107750e+1	-1.733276e+1
8.100405e+1	-1.733289e+1
8.107004e+1	-1.733275e+1
8.100552e+1	-1.733309e+1
8.098169e+1	-1.733294e+1
8.104502e+1	-1.733286e+1
8.097561e+1	-1.733288e+1
8.103933e+1	-1.733287e+1
8.097038e+1	-1.733279e+1
8.102515e+1	-1.733284e+1
8.095201e+1	-1.733287e+1
8.102221e+1	-1.733296e+1
8.094764e+1	-1.733314e+1
8.099918e+1	-1.733295e+1
8.091856e+1	-1.733306e+1
8.097891e+1	-1.733284e+1
8.090908e+1	-1.733278e+1
8.097031e+1	-1.733301e+1
8.090696e+1	-1.733312e+1
8.095514e+1	-1.733295e+1
8.088635e+1	-1.733312e+1
8.094514e+1	-1.733290e+1
8.088659e+1	-1.733289e+1
8.093603e+1	-1.733285e+1
8.086034e+1	-1.733312e+1
8.091962e+1	-1.733288e+1
8.085625e+1	-1.733321e+1
8.091595e+1	-1.733298e+1
8.085570e+1	-1.733304e+1
8.089684e+1	-1.733294e+1
8.083632e+1	-1.733300e+1
8.089568e+1	-1.733306e+1
8.083685e+1	-1.733282e+1
8.088086e+1	-1.733306e+1
8.081325e+1	-1.733284e+1
8.086392e+1	-1.733295e+1
8.080326e+1	-1.733290e+1
8.086683e+1	-1.733295e+1
8.080686e+1	-1.733164e+1
8.084783e+1	-1.733282e+1
8.078364e+1	-1.733285e+1
8.084181e+1	-1.733297e+1
8.078253e+1	-1.733288e+1
8.082587e+1	-1.733297e+1
8.076608e+1	-1.733317e+1
8.080915e+1	-1.733294e+1
8.075371e+1	-1.733295e+1
8.081744e+1	-1.733303e+1
8.075309e+1	-1.733292e+1
8.078773e+1	-1.733308e+1
8.073278e+1	-1.733295e+1
8.078297e+1	-1.733302e+1
8.072321e+1	-1.733308e+1
8.077098e+1	-1.733307e+1
8.072552e+1	-1.733320e+1
8.074980e+1	-1.733312e+1
8.070605e+1	-1.733295e+1
8.076366e+1	-1.733298e+1
8.070996e+1	-1.733324e+1
8.073100e+1	-1.733296e+1
8.068448e+1	-1.733292e+1
8.074507e+1	-1.733439e+1
8.068089e+1	-1.733296e+1
8.071452e+1	-1.733302e+1
8.068241e+1	-1.733288e+1
8.071105e+1	-1.733296e+1
8.065824e+1	-1.733321e+1
8.070260e+1	-1.733311e+1
8.065826e+1	-1.733318e+1
8.068750e+1	-1.733321e+1
8.064708e+1	-1.733331e+1
8.068842e+1	-1.733286e+1
8.063630e+1	-1.733311e+1
8.068822e+1	-1.733298e+1
8.063832e+1	-1.733325e+1
8.065646e+1	-1.733295e+1
8.062280e+1	-1.733295e+1
8.067012e+1	-1.733298e+1
8.062859e+1	-1.733287e+1
8.063542e+1	-1.733310e+1
8.061326e+1	-1.733308e+1
8.063740e+1	-1.733304e+1
8.060016e+1	-1.733315e+1
8.063235e+1	-1.733302e+1
8.059482e+1	-1.733301e+1
8.061089e+1	-1.733305e+1
8.057539e+1	-1.733277e+1
8.061189e+1	-1.733317e+1
8.057875e+1	-1.733314e+1
8.060025e+1	-1.733300e+1
8.057148e+1	-1.733302e+1
8.057743e+1	-1.733304e+1
8.056437e+1	-1.733332e+1
8.059243e+1	-1.733305e+1
8.055153e+1	-1.733321e+1
8.056360e+1	-1.733303e+1
8.054008e+1	-1.733297e+1
8.055685e+1	-1.733310e+1
8.055246e+1	-1.733301e+1
8.056145e+1	-1.733301e+1
8.053029e+1	-1.733311e+1
8.053260e+1	-1.733309e+1
8.053174e+1	-1.733305e+1
8.054912e+1	-1.733315e+1
8.051949e+1	-1.733298e+1
8.051556e+1	-1.733292e+1
8.051044e+1	-1.733312e+1
8.051122e+1	-1.733315e+1
8.051863e+1	-1.733318e+1
8.052059e+1	-1.733300e+1
8.050172e+1	-1.733286e+1
8.049845e+1	-1.733303e+1
8.050196e+1	-1.733303e+1
8.050439e+1	-1.733310e+1
8.049399e+1	-1.733292e+1
8.049300e+1	-1.733322e+1
8.049555e+1	-1.733317e+1
8.048375e+1	-1.733290e+1
8.048720e+1	-1.733281e+1
8.049069e+1	-1.733310e+1
8.047714e+1	-1.733304e+1
8.046334e+1	-1.733300e+1
8.046816e+1	-1.733298e+1
8.046323e+1	-1.733308e+1
8.047927e+1	-1.733314e+1
8.046279e+1	-1.733318e+1
8.045577e+1	-1.733290e+1
8.043962e+1	-1.733294e+1
8.046468e+1	-1.733306e+1
8.045317e+1	-1.733288e+1
8.045533e+1	-1.733311e+1
8.044630e+1	-1.733299e+1
8.042616e+1	-1.733303e+1
8.045899e+1	-1.733298e+1
8.042300e+1	-1.733304e+1
8.043428e+1	-1.733309e+1
8.040053e+1	-1.733299e+1
8.042334e+1	-1.733307e+1
8.040451e+1	-1.733294e+1
8.041558e+1	-1.733284e+1
8.039457e+1	-1.733289e+1
8.040972e+1	-1.733296e+1
8.038158e+1	-1.733301e+1
8.041655e+1	-1.733311e+1
8.038729e+1	-1.733302e+1
8.040759e+1	-1.733279e+1
8.035780e+1	-1.733307e+1
8.039869e+1	-1.733307e+1
8.036456e+1	-1.733299e+1
8.039813e+1	-1.733298e+1
8.036458e+1	-1.733282e+1
8.039236e+1	-1.733293e+1
8.034461e+1	-1.733297e+1
8.039602e+1	-1.733307e+1
8.035633e+1	-1.733286e+1
8.036954e+1	-1.733281e+1
8.033538e+1	-1.733308e+1
8.038850e+1	-1.733302e+1
8.032756e+1	-1.733265e+1
8.038430e+1	-1.733293e+1
8.033906e+1	-1.733313e+1
8.035921e+1	-1.733283e+1
8.031562e+1	-1.733286e+1
8.037137e+1	-1.733297e+1
8.031608e+1	-1.733300e+1
8.036979e+1	-1.733284e+1
8.031679e+1	-1.733274e+1
8.036041e+1	-1.733300e+1
8.030472e+1	-1.733272e+1
8.035293e+1	-1.733290e+1
8.030859e+1	-1.733295e+1
8.034708e+1	-1.733291e+1
8.028209e+1	-1.733282e+1
8.033927e+1	-1.733271e+1
8.028187e+1	-1.733318e+1
8.033639e+1	-1.733305e+1
8.028576e+1	-1.733303e+1
8.032781e+1	-1.733280e+1
8.026336e+1	-1.733306e+1
8.032238e+1	-1.733252e+1
8.026759e+1	-1.733278e+1
8.031189e+1	-1.733294e+1
8.025523e+1	-1.733283e+1
8.031205e+1	-1.733291e+1
8.024797e+1	-1.733304e+1
8.030849e+1	-1.733279e+1
8.024701e+1	-1.733289e+1
8.030242e+1	-1.733294e+1
8.022616e+1	-1.733283e+1
8.029808e+1	-1.733274e+1
8.022506e+1	-1.733263e+1
8.028859e+1	-1.733267e+1
8.022829e+1	-1.733271e+1
8.028909e+1	-1.733280e+1
8.021369e+1	-1.733272e+1
8.028362e+1	-1.733271e+1
8.022274e+1	-1.733292e+1
8.027712e+1	-1.733268e+1
8.020528e+1	-1.733275e+1
8.027303e+1	-1.733286e+1
8.019900e+1	-1.733289e+1
8.027237e+1	-1.733279e+1
8.020484e+1	-1.733295e+1
8.026326e+1	-1.733260e+1
8.018762e+1	-1.733276e+1
8.025386e+1	-1.733265e+1
8.018781e+1	-1.733286e+1
8.025226e+1	-1.733284e+1
8.018787e+1	-1.733284e+1
8.024355e+1	-1.733271e+1
8.017592e+1	-1.733295e+1
8.024684e+1	-1.733285e+1
8.018361e+1	-1.733263e+1
8.023717e+1	-1.733270e+1
8.016437e+1	-1.733282e+1
8.023375e+1	-1.733283e+1
8.016314e+1	-1.733282e+1
8.022487e+1	-1.733276e+1
8.016471e+1	-1.733267e+1
8.022047e+1	-1.733287e+1
8.014999e+1	-1.733280e+1
8.021819e+1	-1.733261e+1
8.015206e+1	-1.733269e+1
8.020657e+1	-1.733266e+1
8.014311e+1	-1.733275e+1
8.019644e+1	-1.733281e+1
8.013416e+1	-1.733252e+1
8.020949e+1	-1.733264e+1
8.013985e+1	-1.733272e+1
8.018637e+1	-1.733268e+1
8.012267e+1	-1.733258e+1
8.018580e+1	-1.733273e+1
8.011851e+1	-1.733269e+1
8.017943e+1	-1.733292e+1
8.012398e+1	-1.733274e+1
8.016786e+1	-1.733259e+1
8.011074e+1	-1.733300e+1
8.018442e+1	-1.733294e+1
8.011864e+1	-1.733257e+1
8.016393e+1	-1.733270e+1
8.009999e+1	-1.733271e+1
8.016160e+1	-1.733264e+1
8.009996e+1	-1.733239e+1
8.015320e+1	-1.733279e+1
8.010404e+1	-1.733283e+1
8.009051e+1	-1.733283e+1
8.015355e+1	-1.733250e+1
8.009299e+1	-1.733274e+1
8.013199e+1	-1.733272e+1
8.007868e+1	-1.733258e+1
8.013121e+1	-1.733266e+1
8.007632e+1	-1.733269e+1
8.012786e+1	-1.733262e+1
8.008778e+1	-1.733232e+1
8.011564e+1	-1.733261e+1
8.007091e+1	-1.733272e+1
8.013073e+1	-1.733256e+1
8.007217e+1	-1.733280e+1
8.011535e+1	-1.733259e+1
8.007312e+1	-1.733253e+1
8.010658e+1	-1.733270e+1
8.006157e+1	-1.733262e+1
8.012090e+1	-1.733244e+1
8.007141e+1	-1.733243e+1
8.010119e+1	-1.733236e+1
8.004995e+1	-1.733263e+1
8.009938e+1	-1.733256e+1
8.005749e+1	-1.733243e+1
8.008996e+1	-1.733250e+1
8.005988e+1	-1.733245e+1
8.007901e+1	-1.733254e+1
8.004713e+1	-1.733236e+1
8.009545e+1	-1.733232e+1
8.004882e+1	-1.733247e+1
8.007095e+1	-1.733259e+1
8.003559e+1	-1.733254e+1
8.007751e+1	-1.733279e+1
8.004840e+1	-1.733263e+1
8.007075e+1	-1.733248e+1
8.004473e+1	-1.733252e+1
8.006730e+1	-1.733230e+1
8.002811e+1	-1.733248e+1
8.007153e+1	-1.733254e+1
8.003514e+1	-1.733216e+1
8.005645e+1	-1.733261e+1
8.002908e+1	-1.733261e+1
8.006034e+1	-1.733275e+1
8.002778e+1	-1.733268e+1
8.006484e+1	-1.733273e+1
8.003571e+1	-1.733261e+1
8.003841e+1	-1.733268e+1
8.001859e+1	-1.733268e+1
8.005869e+1	-1.733284e+1
8.002133e+1	-1.733263e+1
8.004664e+1	-1.733273e+1
8.002309e+1	-1.733231e+1
8.002755e+1	-1.733255e+1
8.001763e+1	-1.733268e+1
8.004583e+1	-1.733269e+1
8.001106e+1	-1.733249e+1
8.002178e+1	-1.733247e+1
8.000546e+1	-1.733254e+1
8.001810e+1	-1.733240e+1
8.002092e+1	-1.733254e+1
8.002797e+1	-1.733243e+1
8.000423e+1	-1.733260e+1
8.001044e+1	-1.733249e+1
7.999896e+1	-1.733251e+1
8.002082e+1	-1.733260e+1
8.001021e+1	-1.733254e+1
8.000797e+1	-1.733259e+1
7.999761e+1	-1.733250e+1
8.000168e+1	-1.733240e+1
8.000691e+1	-1.733246e+1
8.001763e+1	-1.733225e+1
8.000493e+1	-1.733259e+1
7.998848e+1	-1.733244e+1
7.999679e+1	-1.733256e+1
8.000056e+1	-1.733252e+1
8.000033e+1	-1.733228e+1
8.000630e+1	-1.733259e+1
8.000746e+1	-1.733253e+1
7.998306e+1	-1.733240e+1
7.999418e+1	-1.733224e+1
7.999889e+1	-1.733251e+1
7.999646e+1	-1.733247e+1
7.998241e+1	-1.733224e+1
7.999319e+1	-1.733245e+1
7.997414e+1	-1.733236e+1
8.000540e+1	-1.733230e+1
7.998889e+1	-1.733227e+1
7.998002e+1	-1.733223e+1
7.996722e+1	-1.733236e+1
7.998158e+1	-1.733239e+1
7.996589e+1	-1.733247e+1
7.999364e+1	-1.733234e+1
7.997740e+1	-1.733220e+1
7.998168e+1	-1.733246e+1
7.996011e+1	-1.733231e+1
7.998576e+1	-1.733213e+1
7.997449e+1	-1.733257e+1
7.997829e+1	-1.733228e+1
7.994873e+1	-1.733221e+1
7.997856e+1	-1.733213e+1
7.995808e+1	-1.733214e+1
7.999809e+1	-1.733218e+1
7.996096e+1	-1.733210e+1
7.997613e+1	-1.733224e+1
7.993981e+1	-1.733237e+1
7.998451e+1	-1.733216e+1
7.995124e+1	-1.733232e+1
7.998011e+1	-1.733211e+1
7.993746e+1	-1.733220e+1
7.997637e+1	-1.733218e+1
7.993528e+1	-1.733193e+1
7.997363e+1	-1.733206e+1
7.994550e+1	-1.733208e+1
7.996792e+1	-1.733213e+1
7.991890e+1	-1.733197e+1
7.996715e+1	-1.733219e+1
7.992733e+1	-1.733196e+1
7.996485e+1	-1.733216e+1
7.993048e+1	-1.733223e+1
