1.042687e+2	-3.214029e+0
1.042244e+2	-3.213850e+0
1.040762e+2	-3.213740e+0
1.040292e+2	-3.213161e+0
1.038804e+2	-3.213227e+0
1.038334e+2	-3.212878e+0
1.036833e+2	-3.212836e+0
1.036399e+2	-3.212497e+0
1.034919e+2	-3.212276e+0
1.034526e+2	-3.212141e+0
1.033019e+2	-3.211341e+0
1.032618e+2	-3.211687e+0
1.031161e+2	-3.211361e+0
1.030799e+2	-3.210991e+0
1.029360e+2	-3.210781e+0
1.028961e+2	-3.210349e+0
1.027486e+2	-3.210550e+0
1.027111e+2	-3.210066e+0
1.025658e+2	-3.209462e+0
1.025392e+2	-3.209579e+0
1.023982e+2	-3.209234e+0
1.023624e+2	-3.209169e+0
1.022183e+2	-3.208909e+0
1.021818e+2	-3.208655e+0
1.020441e+2	-3.208424e+0
1.020186e+2	-3.208045e+0
1.018767e+2	-3.207477e+0
1.018421e+2	-3.207860e+0
1.017023e+2	-3.207323e+0
1.016837e+2	-3.206689e+0
1.015481e+2	-3.206598e+0
1.015181e+2	-3.206574e+0
1.013709e+2	-3.206350e+0
1.013480e+2	-3.206102e+0
1.012104e+2	-3.205650e+0
1.011981e+2	-3.205679e+0
1.010593e+2	-3.205518e+0
1.010213e+2	-3.204750e+0
1.008886e+2	-3.204592e+0
1.008654e+2	-3.204797e+0
1.007280e+2	-3.204262e+0
1.007095e+2	-3.204379e+0
1.005751e+2	-3.204022e+0
1.005441e+2	-3.203884e+0
1.004144e+2	-3.203606e+0
1.004025e+2	-3.203160e+0
1.002655e+2	-3.202922e+0
1.002393e+2	-3.202618e+0
1.001063e+2	-3.202332e+0
1.000901e+2	-3.201958e+0
9.995682e+1	-3.202113e+0
9.994549e+1	-3.201945e+0
9.982013e+1	-3.201280e+0
9.979142e+1	-3.201365e+0
9.966282e+1	-3.201000e+0
9.964218e+1	-3.200986e+0
9.951161e+1	-3.200493e+0
9.949161e+1	-3.200509e+0
9.937756e+1	-3.200064e+0
9.935012e+1	-3.199808e+0
9.922461e+1	-3.200095e+0
9.920722e+1	-3.199735e+0
9.908456e+1	-3.199168e+0
9.906253e+1	-3.199362e+0
9.894623e+1	-3.198983e+0
9.892469e+1	-3.198828e+0
9.879943e+1	-3.198599e+0
9.879352e+1	-3.198059e+0
9.867403e+1	-3.197760e+0
9.864983e+1	-3.197618e+0
9.852596e+1	-3.197223e+0
9.851220e+1	-3.197021e+0
9.839171e+1	-3.196952e+0
9.837536e+1	-3.196632e+0
9.826704e+1	-3.196603e+0
9.823355e+1	-3.196017e+0
9.812470e+1	-3.195982e+0
9.811866e+1	-3.195674e+0
9.799617e+1	-3.195358e+0
9.796317e+1	-3.195369e+0
9.786016e+1	-3.195035e+0
9.783711e+1	-3.194806e+0
9.772706e+1	-3.194641e+0
9.772097e+1	-3.194277e+0
9.760534e+1	-3.194072e+0
9.757089e+1	-3.193860e+0
9.746146e+1	-3.193832e+0
9.745917e+1	-3.193529e+0
9.733935e+1	-3.193409e+0
9.733036e+1	-3.193371e+0
9.722226e+1	-3.193210e+0
9.718604e+1	-3.193106e+0
9.708805e+1	-3.192830e+0
9.707873e+1	-3.192788e+0
9.696130e+1	-3.192876e+0
9.693214e+1	-3.192525e+0
9.684628e+1	-3.192255e+0
9.681768e+1	-3.192283e+0
9.672412e+1	-3.191808e+0
9.670407e+1	-3.191894e+0
9.660753e+1	-3.191847e+0
9.657332e+1	-3.191647e+0
9.647023e+1	-3.191547e+0
9.645590e+1	-3.191344e+0
9.636691e+1	-3.191067e+0
9.633735e+1	-3.191060e+0
9.625028e+1	-3.190609e+0
9.621726e+1	-3.190481e+0
9.613504e+1	-3.190405e+0
9.610504e+1	-3.190355e+0
9.601283e+1	-3.190157e+0
9.597674e+1	-3.189931e+0
9.589450e+1	-3.189945e+0
9.585856e+1	-3.189859e+0
9.578302e+1	-3.189592e+0
9.575177e+1	-3.189202e+0
9.566208e+1	-3.189271e+0
9.561535e+1	-3.189510e+0
9.554704e+1	-3.188864e+0
9.552127e+1	-3.188816e+0
9.544858e+1	-3.188605e+0
9.539363e+1	-3.188664e+0
9.532404e+1	-3.188565e+0
9.527856e+1	-3.188006e+0
9.521355e+1	-3.188198e+0
9.518897e+1	-3.188087e+0
9.510264e+1	-3.187549e+0
9.505989e+1	-3.187336e+0
9.499578e+1	-3.187613e+0
9.495399e+1	-3.187554e+0
9.490434e+1	-3.187146e+0
9.485913e+1	-3.186907e+0
9.478367e+1	-3.186621e+0
9.473550e+1	-3.186863e+0
9.467220e+1	-3.186511e+0
9.463822e+1	-3.186264e+0
9.458092e+1	-3.186248e+0
9.452812e+1	-3.185814e+0
9.446793e+1	-3.185695e+0
9.441802e+1	-3.185654e+0
9.437679e+1	-3.185660e+0
9.432957e+1	-3.185333e+0
9.425355e+1	-3.185156e+0
9.420007e+1	-3.185012e+0
9.415991e+1	-3.185070e+0
9.411062e+1	-3.184909e+0
9.406091e+1	-3.184864e+0
9.400907e+1	-3.184414e+0
9.396071e+1	-3.184054e+0
9.389597e+1	-3.183840e+0
9.385528e+1	-3.184001e+0
9.381304e+1	-3.183626e+0
9.376157e+1	-3.183637e+0
9.369920e+1	-3.183374e+0
9.365852e+1	-3.182982e+0
9.360045e+1	-3.182931e+0
9.357433e+1	-3.182873e+0
9.350466e+1	-3.182436e+0
9.345388e+1	-3.182617e+0
9.339049e+1	-3.182391e+0
9.337502e+1	-3.181951e+0
9.329503e+1	-3.182134e+0
9.327545e+1	-3.182149e+0
9.320520e+1	-3.181736e+0
9.316662e+1	-3.181707e+0
9.309392e+1	-3.181838e+0
9.308154e+1	-3.181618e+0
9.301324e+1	-3.181288e+0
9.297226e+1	-3.181397e+0
9.290740e+1	-3.181095e+0
9.289540e+1	-3.180855e+0
9.282023e+1	-3.180747e+0
9.280156e+1	-3.180446e+0
9.273283e+1	-3.180472e+0
9.270423e+1	-3.180314e+0
9.262438e+1	-3.179985e+0
9.261959e+1	-3.179716e+0
9.254255e+1	-3.179850e+0
9.252260e+1	-3.179486e+0
9.243751e+1	-3.179325e+0
9.242557e+1	-3.179382e+0
9.234097e+1	-3.178999e+0
9.235204e+1	-3.179146e+0
9.226902e+1	-3.178787e+0
9.225905e+1	-3.178609e+0
9.216584e+1	-3.178398e+0
9.216297e+1	-3.178452e+0
9.208300e+1	-3.178257e+0
9.206659e+1	-3.177870e+0
9.197860e+1	-3.177898e+0
9.199149e+1	-3.177711e+0
9.190327e+1	-3.177449e+0
9.190774e+1	-3.177425e+0
9.182053e+1	-3.177181e+0
9.181511e+1	-3.177178e+0
9.171744e+1	-3.177094e+0
9.172836e+1	-3.176982e+0
9.164641e+1	-3.176652e+0
9.164858e+1	-3.176652e+0
9.154321e+1	-3.176153e+0
9.155603e+1	-3.175968e+0
9.145465e+1	-3.176121e+0
9.147519e+1	-3.175720e+0
9.137900e+1	-3.175766e+0
9.139307e+1	-3.175692e+0
9.129666e+1	-3.175432e+0
9.131084e+1	-3.175357e+0
9.121910e+1	-3.175015e+0
9.122063e+1	-3.175178e+0
9.112266e+1	-3.175062e+0
9.114409e+1	-3.174746e+0
9.104721e+1	-3.174632e+0
9.106775e+1	-3.174525e+0
9.096557e+1	-3.174397e+0
9.097879e+1	-3.174081e+0
9.087261e+1	-3.174396e+0
9.090029e+1	-3.173836e+0
9.080845e+1	-3.173925e+0
9.081779e+1	-3.173862e+0
9.071521e+1	-3.173721e+0
9.073861e+1	-3.173756e+0
9.063014e+1	-3.173668e+0
9.066041e+1	-3.173270e+0
9.056426e+1	-3.172948e+0
9.058028e+1	-3.172831e+0
9.047461e+1	-3.172575e+0
9.050066e+1	-3.172565e+0
9.040533e+1	-3.172581e+0
9.042615e+1	-3.172518e+0
9.031001e+1	-3.172117e+0
9.034728e+1	-3.172234e+0
9.024338e+1	-3.171986e+0
9.026566e+1	-3.171976e+0
9.017455e+1	-3.171849e+0
9.019907e+1	-3.171614e+0
9.009224e+1	-3.171640e+0
9.012280e+1	-3.171619e+0
9.002507e+1	-3.171373e+0
9.003597e+1	-3.171344e+0
8.992889e+1	-3.171145e+0
8.995629e+1	-3.170827e+0
8.986083e+1	-3.170603e+0
8.989138e+1	-3.170283e+0
8.979587e+1	-3.169768e+0
8.981229e+1	-3.169631e+0
8.971355e+1	-3.168817e+0
8.974654e+1	-3.168540e+0
8.964965e+1	-3.168085e+0
8.966648e+1	-3.167451e+0
8.955549e+1	-3.166107e+0
8.958740e+1	-3.165257e+0
8.949186e+1	-3.164045e+0
8.951140e+1	-3.162690e+0
8.943178e+1	-3.160893e+0
8.944077e+1	-3.158957e+0
8.935212e+1	-3.157155e+0
8.939422e+1	-3.154681e+0
8.929321e+1	-3.152330e+0
8.930738e+1	-3.149126e+0
8.921299e+1	-3.146008e+0
8.924034e+1	-3.142342e+0
8.914185e+1	-3.138459e+0
8.916582e+1	-3.134113e+0
8.907554e+1	-3.129617e+0
8.908774e+1	-3.124554e+0
8.899922e+1	-3.119057e+0
8.903667e+1	-3.113199e+0
8.894292e+1	-3.107145e+0
8.894969e+1	-3.101030e+0
8.886266e+1	-3.094682e+0
8.889050e+1	-3.088023e+0
8.880099e+1	-3.080644e+0
8.882378e+1	-3.073264e+0
8.874632e+1	-3.066084e+0
8.875539e+1	-3.058368e+0
8.866679e+1	-3.050559e+0
8.868768e+1	-3.042463e+0
8.860176e+1	-3.033885e+0
8.862273e+1	-3.025864e+0
8.854580e+1	-3.016856e+0
8.855132e+1	-3.008324e+0
8.847207e+1	-2.998939e+0
8.850434e+1	-2.989718e+0
8.841346e+1	-2.980175e+0
8.841613e+1	-2.970090e+0
8.833542e+1	-2.960184e+0
8.835802e+1	-2.950634e+0
8.827224e+1	-2.939966e+0
8.829198e+1	-2.929785e+0
8.822482e+1	-2.919362e+0
8.822698e+1	-2.908034e+0
8.815416e+1	-2.897105e+0
8.818613e+1	-2.886016e+0
8.810626e+1	-2.874524e+0
8.810637e+1	-2.862973e+0
8.802600e+1	-2.851779e+0
8.804793e+1	-2.839575e+0
8.797332e+1	-2.827800e+0
8.798087e+1	-2.816012e+0
8.791772e+1	-2.803292e+0
8.791525e+1	-2.790993e+0
8.784915e+1	-2.778755e+0
8.786977e+1	-2.765915e+0
8.779345e+1	-2.753194e+0
8.778902e+1	-2.740274e+0
8.772553e+1	-2.727341e+0
8.774217e+1	-2.714344e+0
8.767794e+1	-2.701075e+0
8.767892e+1	-2.687027e+0
8.761962e+1	-2.673597e+0
8.760277e+1	-2.660394e+0
8.755651e+1	-2.645180e+0
8.757037e+1	-2.631276e+0
8.750042e+1	-2.617556e+0
8.749084e+1	-2.603250e+0
8.744112e+1	-2.588840e+0
8.744337e+1	-2.573714e+0
8.739474e+1	-2.559431e+0
8.738934e+1	-2.543767e+0
8.733201e+1	-2.528823e+0
8.731792e+1	-2.513027e+0
8.728179e+1	-2.496974e+0
8.728825e+1	-2.481020e+0
8.722431e+1	-2.465062e+0
8.720690e+1	-2.447486e+0
8.716292e+1	-2.431234e+0
8.715469e+1	-2.414198e+0
8.712699e+1	-2.396585e+0
8.711574e+1	-2.378064e+0
8.706010e+1	-2.360474e+0
8.703631e+1	-2.342595e+0
8.701489e+1	-2.323236e+0
8.700845e+1	-2.304116e+0
8.695539e+1	-2.284213e+0
8.693272e+1	-2.263898e+0
8.690227e+1	-2.244064e+0
8.688434e+1	-2.223591e+0
8.686357e+1	-2.201782e+0
8.684484e+1	-2.179533e+0
8.679968e+1	-2.157991e+0
8.676810e+1	-2.135037e+0
8.675579e+1	-2.112430e+0
8.674353e+1	-2.089217e+0
8.670745e+1	-2.065076e+0
8.668485e+1	-2.040403e+0
8.665225e+1	-2.015062e+0
8.662914e+1	-1.991409e+0
8.660758e+1	-1.965592e+0
8.659272e+1	-1.940156e+0
8.655463e+1	-1.914968e+0
8.652141e+1	-1.888069e+0
8.650212e+1	-1.862374e+0
8.647603e+1	-1.836625e+0
8.646607e+1	-1.809449e+0
8.643005e+1	-1.783543e+0
8.640172e+1	-1.757989e+0
8.636460e+1	-1.731008e+0
8.636462e+1	-1.705715e+0
8.633443e+1	-1.681027e+0
8.630895e+1	-1.655241e+0
8.626095e+1	-1.630728e+0
8.626202e+1	-1.606787e+0
8.622868e+1	-1.582755e+0
8.621857e+1	-1.560492e+0
8.619164e+1	-1.538890e+0
8.617532e+1	-1.516615e+0
8.612330e+1	-1.495257e+0
8.612515e+1	-1.475569e+0
8.608990e+1	-1.455516e+0
8.607584e+1	-1.436550e+0
8.603667e+1	-1.418829e+0
8.603048e+1	-1.401538e+0
8.598534e+1	-1.383961e+0
8.599912e+1	-1.366918e+0
8.595438e+1	-1.351467e+0
8.593430e+1	-1.335646e+0
8.588444e+1	-1.320976e+0
8.589989e+1	-1.306629e+0
8.585066e+1	-1.292802e+0
8.586183e+1	-1.278970e+0
8.580920e+1	-1.266215e+0
8.581404e+1	-1.253143e+0
8.574925e+1	-1.240961e+0
8.577898e+1	-1.229301e+0
8.572223e+1	-1.218223e+0
8.571066e+1	-1.206860e+0
8.564907e+1	-1.195812e+0
8.568655e+1	-1.185615e+0
8.561804e+1	-1.175632e+0
8.564215e+1	-1.165993e+0
8.558885e+1	-1.156413e+0
8.560332e+1	-1.147060e+0
8.553292e+1	-1.138139e+0
8.555815e+1	-1.129756e+0
8.549701e+1	-1.121050e+0
8.551448e+1	-1.112841e+0
8.545266e+1	-1.105159e+0
8.547697e+1	-1.097660e+0
8.540708e+1	-1.090291e+0
8.544354e+1	-1.083009e+0
8.537551e+1	-1.076194e+0
8.538619e+1	-1.069121e+0
8.531613e+1	-1.062878e+0
8.535688e+1	-1.056477e+0
8.528517e+1	-1.050422e+0
8.532345e+1	-1.044376e+0
8.524948e+1	-1.038611e+0
8.527784e+1	-1.033005e+0
8.519189e+1	-1.027388e+0
8.523800e+1	-1.022097e+0
8.515717e+1	-1.016871e+0
8.518777e+1	-1.011744e+0
8.511498e+1	-1.006619e+0
8.515963e+1	-1.001993e+0
8.507407e+1	-9.974592e-1
8.511732e+1	-9.927102e-1
8.504612e+1	-9.886786e-1
8.507515e+1	-9.843366e-1
8.499500e+1	-9.796808e-1
8.504056e+1	-9.757720e-1
8.496015e+1	-9.717270e-1
8.501105e+1	-9.679255e-1
8.492945e+1	-9.641351e-1
8.496865e+1	-9.605009e-1
8.488299e+1	-9.568104e-1
8.493224e+1	-9.528927e-1
8.485504e+1	-9.497525e-1
8.489453e+1	-9.464878e-1
8.481123e+1	-9.431951e-1
8.485595e+1	-9.399120e-1
8.476903e+1	-9.368022e-1
8.482169e+1	-9.336279e-1
8.474462e+1	-9.308535e-1
8.478538e+1	-9.279762e-1
8.468683e+1	-9.250681e-1
8.474215e+1	-9.223094e-1
8.465476e+1	-9.196788e-1
8.470718e+1	-9.168662e-1
8.462435e+1	-9.142425e-1
8.465957e+1	-9.122786e-1
8.457676e+1	-9.094753e-1
8.462731e+1	-9.069165e-1
8.454518e+1	-9.046606e-1
8.458427e+1	-9.022670e-1
8.451235e+1	-9.001440e-1
8.455481e+1	-8.978999e-1
8.447103e+1	-8.956559e-1
8.453157e+1	-8.935176e-1
8.444790e+1	-8.912754e-1
8.448847e+1	-8.894142e-1
8.439867e+1	-8.874782e-1
8.444579e+1	-8.851454e-1
8.436770e+1	-8.833193e-1
8.441652e+1	-8.813120e-1
8.434369e+1	-8.795062e-1
8.437776e+1	-8.776755e-1
8.430041e+1	-8.762946e-1
8.434788e+1	-8.742083e-1
8.427701e+1	-8.723923e-1
8.431222e+1	-8.706833e-1
8.422766e+1	-8.691809e-1
8.426958e+1	-8.676403e-1
8.419763e+1	-8.661044e-1
8.424755e+1	-8.640948e-1
8.417365e+1	-8.628642e-1
8.421050e+1	-8.613919e-1
8.413040e+1	-8.601313e-1
8.418523e+1	-8.583350e-1
8.410352e+1	-8.569826e-1
8.414716e+1	-8.557813e-1
8.407379e+1	-8.543278e-1
8.411085e+1	-8.529472e-1
8.403434e+1	-8.513834e-1
8.409088e+1	-8.505393e-1
8.401426e+1	-8.487118e-1
8.404499e+1	-8.476165e-1
8.396802e+1	-8.464313e-1
8.401655e+1	-8.452484e-1
8.394230e+1	-8.439036e-1
8.397924e+1	-8.426386e-1
8.391832e+1	-8.413856e-1
8.394263e+1	-8.405733e-1
8.387656e+1	-8.393211e-1
8.392685e+1	-8.380823e-1
8.385442e+1	-8.371244e-1
8.388100e+1	-8.359682e-1
8.381651e+1	-8.349332e-1
8.385753e+1	-8.337568e-1
8.379035e+1	-8.325408e-1
8.383463e+1	-8.317779e-1
8.377443e+1	-8.309158e-1
8.380333e+1	-8.297701e-1
8.373521e+1	-8.287256e-1
8.377824e+1	-8.280529e-1
8.371064e+1	-8.266800e-1
8.374534e+1	-8.258519e-1
8.368955e+1	-8.249803e-1
8.370575e+1	-8.245105e-1
8.365184e+1	-8.235052e-1
8.369748e+1	-8.226322e-1
8.363795e+1	-8.216570e-1
8.365536e+1	-8.204741e-1
8.359607e+1	-8.200333e-1
8.363539e+1	-8.190920e-1
8.358266e+1	-8.180259e-1
8.360464e+1	-8.174786e-1
8.355789e+1	-8.166649e-1
8.356167e+1	-8.162990e-1
8.353134e+1	-8.148977e-1
8.356136e+1	-8.143884e-1
8.350292e+1	-8.135240e-1
8.351063e+1	-8.128374e-1
8.346641e+1	-8.120362e-1
8.349240e+1	-8.115983e-1
8.345287e+1	-8.105757e-1
8.346574e+1	-8.100867e-1
8.342344e+1	-8.092688e-1
8.342197e+1	-8.085416e-1
8.339435e+1	-8.079346e-1
8.342335e+1	-8.070320e-1
8.337166e+1	-8.065351e-1
8.338173e+1	-8.060320e-1
8.334264e+1	-8.052211e-1
8.336686e+1	-8.047876e-1
8.332218e+1	-8.036746e-1
8.334394e+1	-8.034331e-1
8.329806e+1	-8.027892e-1
8.329656e+1	-8.022339e-1
8.326591e+1	-8.011985e-1
8.329562e+1	-8.008560e-1
8.326180e+1	-8.002722e-1
8.324741e+1	-8.000007e-1
8.321957e+1	-7.992261e-1
8.322046e+1	-7.988027e-1
8.320876e+1	-7.982066e-1
8.321460e+1	-7.973302e-1
8.318074e+1	-7.969710e-1
8.316472e+1	-7.963402e-1
8.314775e+1	-7.959240e-1
8.316022e+1	-7.952342e-1
8.312757e+1	-7.946692e-1
8.313583e+1	-7.942657e-1
8.310858e+1	-7.941037e-1
8.309283e+1	-7.935456e-1
8.308319e+1	-7.929982e-1
8.309281e+1	-7.925119e-1
8.305557e+1	-7.918262e-1
8.304738e+1	-7.915080e-1
8.303442e+1	-7.908476e-1
8.302479e+1	-7.905965e-1
8.302940e+1	-7.901433e-1
8.301679e+1	-7.896194e-1
8.299496e+1	-7.893282e-1
8.297434e+1	-7.887414e-1
8.297432e+1	-7.882205e-1
8.296923e+1	-7.876376e-1
8.295005e+1	-7.874788e-1
8.292783e+1	-7.870711e-1
8.292786e+1	-7.863863e-1
8.290423e+1	-7.857976e-1
8.292384e+1	-7.855779e-1
8.289993e+1	-7.849215e-1
8.287892e+1	-7.846508e-1
8.285139e+1	-7.843583e-1
8.287398e+1	-7.838417e-1
8.284772e+1	-7.837155e-1
8.285208e+1	-7.830665e-1
8.283249e+1	-7.825854e-1
8.283259e+1	-7.824638e-1
8.279573e+1	-7.820864e-1
8.280302e+1	-7.815929e-1
8.278378e+1	-7.814101e-1
8.277609e+1	-7.808324e-1
8.274502e+1	-7.805040e-1
8.276192e+1	-7.801992e-1
8.272729e+1	-7.796073e-1
8.275396e+1	-7.795265e-1
8.271792e+1	-7.788728e-1
8.271994e+1	-7.784492e-1
8.268328e+1	-7.781744e-1
8.270345e+1	-7.777825e-1
8.267554e+1	-7.774841e-1
8.268736e+1	-7.771760e-1
8.263820e+1	-7.768646e-1
8.266485e+1	-7.768064e-1
8.262106e+1	-7.762911e-1
8.265005e+1	-7.759754e-1
8.261286e+1	-7.754614e-1
8.262481e+1	-7.754698e-1
8.257084e+1	-7.749252e-1
8.260777e+1	-7.748292e-1
8.256005e+1	-7.743465e-1
8.259075e+1	-7.740180e-1
8.254844e+1	-7.739495e-1
8.257462e+1	-7.735928e-1
8.251207e+1	-7.733286e-1
8.255013e+1	-7.731193e-1
8.250114e+1	-7.722578e-1
8.252902e+1	-7.721442e-1
8.247704e+1	-7.720282e-1
8.251897e+1	-7.717779e-1
8.245770e+1	-7.713575e-1
8.250628e+1	-7.712593e-1
8.244636e+1	-7.709409e-1
8.246977e+1	-7.706456e-1
8.241068e+1	-7.704664e-1
8.246196e+1	-7.702016e-1
8.240074e+1	-7.698154e-1
8.244436e+1	-7.694368e-1
8.239855e+1	-7.693351e-1
8.243383e+1	-7.688509e-1
8.236309e+1	-7.686111e-1
8.242399e+1	-7.683584e-1
8.235979e+1	-7.680049e-1
8.240045e+1	-7.677479e-1
8.233875e+1	-7.676389e-1
8.239032e+1	-7.672753e-1
8.232293e+1	-7.670892e-1
8.237890e+1	-7.670140e-1
8.231154e+1	-7.666348e-1
8.235844e+1	-7.663448e-1
8.227782e+1	-7.660762e-1
8.234144e+1	-7.658058e-1
8.226299e+1	-7.657063e-1
8.231841e+1	-7.654987e-1
8.225693e+1	-7.651262e-1
8.230511e+1	-7.651768e-1
8.222571e+1	-7.653546e-1
8.228841e+1	-7.645668e-1
8.222015e+1	-7.640820e-1
8.226725e+1	-7.640921e-1
8.219317e+1	-7.636257e-1
8.225197e+1	-7.634365e-1
8.217413e+1	-7.632653e-1
8.224289e+1	-7.630495e-1
8.216855e+1	-7.630607e-1
8.222125e+1	-7.628334e-1
8.214352e+1	-7.625737e-1
8.219961e+1	-7.620839e-1
8.213127e+1	-7.620869e-1
8.219283e+1	-7.617374e-1
8.212038e+1	-7.618717e-1
8.217647e+1	-7.616015e-1
8.209618e+1	-7.614389e-1
8.216119e+1	-7.609014e-1
8.209056e+1	-7.607618e-1
8.213234e+1	-7.604552e-1
8.205410e+1	-7.603651e-1
8.212304e+1	-7.602920e-1
8.204749e+1	-7.600989e-1
8.211478e+1	-7.597545e-1
8.203919e+1	-7.596949e-1
8.208989e+1	-7.593806e-1
8.201363e+1	-7.592464e-1
8.207523e+1	-7.590769e-1
8.200509e+1	-7.589086e-1
8.205956e+1	-7.585724e-1
8.199115e+1	-7.585813e-1
8.203928e+1	-7.582512e-1
8.197076e+1	-7.580400e-1
8.204047e+1	-7.580331e-1
8.196502e+1	-7.579840e-1
8.200430e+1	-7.579672e-1
8.193525e+1	-7.575930e-1
8.199563e+1	-7.574189e-1
8.192180e+1	-7.574305e-1
8.197307e+1	-7.568253e-1
8.191810e+1	-7.568602e-1
8.196579e+1	-7.567135e-1
8.189518e+1	-7.561837e-1
8.195449e+1	-7.561675e-1
8.189123e+1	-7.562699e-1
8.193352e+1	-7.561996e-1
8.185561e+1	-7.556783e-1
8.191517e+1	-7.555007e-1
8.185044e+1	-7.552883e-1
8.191023e+1	-7.553374e-1
8.184971e+1	-7.551112e-1
8.188997e+1	-7.549569e-1
8.182469e+1	-7.546391e-1
8.187935e+1	-7.546526e-1
8.181786e+1	-7.545016e-1
8.186203e+1	-7.540505e-1
8.180725e+1	-7.539753e-1
8.184122e+1	-7.539745e-1
8.178879e+1	-7.539431e-1
8.184784e+1	-7.538052e-1
8.178504e+1	-7.534451e-1
8.181691e+1	-7.532898e-1
8.175918e+1	-7.530776e-1
8.180962e+1	-7.527056e-1
8.174757e+1	-7.528582e-1
8.179264e+1	-7.525278e-1
8.174466e+1	-7.526996e-1
8.178058e+1	-7.524942e-1
8.172152e+1	-7.521535e-1
8.176729e+1	-7.522381e-1
8.171784e+1	-7.519275e-1
8.175049e+1	-7.515866e-1
8.169423e+1	-7.516586e-1
8.174256e+1	-7.515913e-1
8.168117e+1	-7.514214e-1
8.173227e+1	-7.514447e-1
8.167844e+1	-7.513617e-1
8.165320e+1	-7.507225e-1
8.170426e+1	-7.506773e-1
8.165435e+1	-7.508695e-1
8.167137e+1	-7.507849e-1
8.163558e+1	-7.504026e-1
8.166652e+1	-7.507421e-1
8.161772e+1	-7.503247e-1
8.165699e+1	-7.499947e-1
8.161756e+1	-7.499998e-1
8.163988e+1	-7.500147e-1
8.158886e+1	-7.498217e-1
8.163779e+1	-7.498337e-1
8.159087e+1	-7.496261e-1
8.161935e+1	-7.494270e-1
8.158433e+1	-7.493179e-1
8.159139e+1	-7.489739e-1
8.156942e+1	-7.492057e-1
8.160651e+1	-7.489931e-1
8.155979e+1	-7.488127e-1
8.157825e+1	-7.488462e-1
8.155122e+1	-7.488131e-1
8.157702e+1	-7.486555e-1
8.153752e+1	-7.484754e-1
8.156935e+1	-7.483772e-1
8.153012e+1	-7.483640e-1
8.153620e+1	-7.480326e-1
8.151175e+1	-7.479554e-1
8.154827e+1	-7.477914e-1
8.152091e+1	-7.479318e-1
8.151480e+1	-7.474984e-1
8.149491e+1	-7.475062e-1
8.150382e+1	-7.474961e-1
8.149912e+1	-7.473578e-1
8.151084e+1	-7.471127e-1
8.148502e+1	-7.470663e-1
8.147649e+1	-7.468571e-1
8.146615e+1	-7.469496e-1
8.148380e+1	-7.469940e-1
8.145911e+1	-7.466201e-1
8.147441e+1	-7.464304e-1
8.145300e+1	-7.464398e-1
8.144283e+1	-7.463809e-1
8.143809e+1	-7.465189e-1
8.145368e+1	-7.458921e-1
8.142970e+1	-7.460158e-1
8.141798e+1	-7.459226e-1
8.141904e+1	-7.455197e-1
8.141380e+1	-7.456138e-1
8.142465e+1	-7.455169e-1
8.141767e+1	-7.457225e-1
8.140118e+1	-7.455190e-1
8.138610e+1	-7.452722e-1
8.140193e+1	-7.452391e-1
8.139883e+1	-7.451140e-1
8.139161e+1	-7.451774e-1
8.138682e+1	-7.449019e-1
8.137824e+1	-7.450475e-1
8.136380e+1	-7.443992e-1
8.138347e+1	-7.445126e-1
8.137285e+1	-7.443997e-1
8.137057e+1	-7.444756e-1
8.134080e+1	-7.440777e-1
8.136050e+1	-7.442452e-1
8.134355e+1	-7.439887e-1
8.135244e+1	-7.438383e-1
8.134153e+1	-7.439810e-1
8.134255e+1	-7.437626e-1
8.130789e+1	-7.437249e-1
8.132922e+1	-7.437870e-1
8.131507e+1	-7.435370e-1
8.132536e+1	-7.434236e-1
8.130015e+1	-7.434731e-1
8.131643e+1	-7.430973e-1
8.128173e+1	-7.433018e-1
8.132469e+1	-7.430666e-1
8.129070e+1	-7.428588e-1
8.128750e+1	-7.430221e-1
8.125492e+1	-7.430127e-1
8.130306e+1	-7.427263e-1
8.125877e+1	-7.428911e-1
8.129076e+1	-7.427128e-1
8.125923e+1	-7.424228e-1
8.128600e+1	-7.424343e-1
8.124084e+1	-7.423633e-1
8.126925e+1	-7.423420e-1
8.124409e+1	-7.420807e-1
8.126330e+1	-7.421018e-1
8.122116e+1	-7.422741e-1
8.125674e+1	-7.419438e-1
8.121699e+1	-7.418363e-1
8.126635e+1	-7.420764e-1
8.121842e+1	-7.417870e-1
8.123943e+1	-7.416103e-1
8.119325e+1	-7.415349e-1
8.124439e+1	-7.418586e-1
8.118861e+1	-7.416263e-1
8.123833e+1	-7.413402e-1
8.118133e+1	-7.412055e-1
8.122479e+1	-7.412513e-1
8.117097e+1	-7.413748e-1
8.121734e+1	-7.409294e-1
8.117177e+1	-7.411951e-1
8.120804e+1	-7.409802e-1
8.114419e+1	-7.408081e-1
8.120453e+1	-7.408313e-1
8.115004e+1	-7.404215e-1
8.120492e+1	-7.408526e-1
8.114753e+1	-7.406423e-1
8.119058e+1	-7.405127e-1
8.112298e+1	-7.404092e-1
8.118647e+1	-7.400362e-1
8.112738e+1	-7.401562e-1
8.117101e+1	-7.402071e-1
8.112224e+1	-7.402188e-1
8.117440e+1	-7.400430e-1
8.109890e+1	-7.400409e-1
8.116124e+1	-7.398938e-1
8.110229e+1	-7.398935e-1
8.114282e+1	-7.399569e-1
8.107390e+1	-7.400502e-1
8.113933e+1	-7.394498e-1
8.107220e+1	-7.398388e-1
8.113581e+1	-7.398614e-1
8.106368e+1	-7.393595e-1
8.111566e+1	-7.395159e-1
8.104288e+1	-7.393474e-1
8.110487e+1	-7.395067e-1
8.103626e+1	-7.394197e-1
8.108954e+1	-7.391904e-1
8.101419e+1	-7.392771e-1
8.107191e+1	-7.392812e-1
8.099276e+1	-7.390476e-1
8.106394e+1	-7.390787e-1
8.098660e+1	-7.389132e-1
8.104090e+1	-7.389122e-1
8.096293e+1	-7.387742e-1
8.103395e+1	-7.387199e-1
8.096218e+1	-7.386441e-1
8.102672e+1	-7.386581e-1
8.096194e+1	-7.384810e-1
8.102139e+1	-7.381159e-1
8.094436e+1	-7.384024e-1
8.101076e+1	-7.383609e-1
8.094790e+1	-7.381401e-1
8.100392e+1	-7.381972e-1
8.091861e+1	-7.383641e-1
8.099158e+1	-7.380005e-1
8.091794e+1	-7.378036e-1
8.098303e+1	-7.381263e-1
8.091898e+1	-7.377508e-1
8.097275e+1	-7.376129e-1
8.090221e+1	-7.378003e-1
8.096505e+1	-7.378162e-1
8.089740e+1	-7.378463e-1
8.095389e+1	-7.375868e-1
8.088822e+1	-7.376006e-1
8.094211e+1	-7.372407e-1
8.087524e+1	-7.373400e-1
8.095032e+1	-7.372567e-1
8.087763e+1	-7.372652e-1
8.091797e+1	-7.371251e-1
8.085202e+1	-7.368715e-1
8.091708e+1	-7.372029e-1
8.084897e+1	-7.368850e-1
8.091041e+1	-7.369010e-1
8.085218e+1	-7.369422e-1
8.089762e+1	-7.369510e-1
8.083546e+1	-7.366884e-1
8.089609e+1	-7.364023e-1
8.083697e+1	-7.363373e-1
8.088476e+1	-7.366046e-1
8.089071e+1	-7.363993e-1
8.087035e+1	-7.361733e-1
8.081349e+1	-7.365251e-1
8.088084e+1	-7.362916e-1
8.081900e+1	-7.361869e-1
8.085994e+1	-7.362330e-1
8.080091e+1	-7.358678e-1
8.085885e+1	-7.359726e-1
8.079889e+1	-7.358623e-1
8.084775e+1	-7.358763e-1
8.079454e+1	-7.357803e-1
8.083276e+1	-7.355787e-1
8.078286e+1	-7.354920e-1
8.084617e+1	-7.355915e-1
8.079086e+1	-7.354946e-1
8.083150e+1	-7.354507e-1
8.076721e+1	-7.355152e-1
8.083553e+1	-7.355236e-1
8.076668e+1	-7.353731e-1
8.081990e+1	-7.351178e-1
8.076862e+1	-7.352030e-1
8.081259e+1	-7.350028e-1
8.075372e+1	-7.353964e-1
8.081502e+1	-7.351675e-1
8.075580e+1	-7.349115e-1
8.079207e+1	-7.347168e-1
8.073671e+1	-7.348542e-1
8.078745e+1	-7.348955e-1
8.073128e+1	-7.348143e-1
8.078858e+1	-7.347590e-1
8.073726e+1	-7.348281e-1
8.076271e+1	-7.348053e-1
8.071964e+1	-7.349560e-1
8.077511e+1	-7.345857e-1
8.072387e+1	-7.343484e-1
8.075260e+1	-7.342928e-1
8.071259e+1	-7.346364e-1
8.074863e+1	-7.344589e-1
8.070897e+1	-7.343823e-1
8.075431e+1	-7.342848e-1
8.070761e+1	-7.341406e-1
8.072297e+1	-7.341246e-1
8.069185e+1	-7.341595e-1
8.074002e+1	-7.342486e-1
8.068324e+1	-7.338522e-1
8.070280e+1	-7.338445e-1
8.068325e+1	-7.340950e-1
8.070387e+1	-7.337796e-1
8.067756e+1	-7.336100e-1
8.072149e+1	-7.335848e-1
8.067455e+1	-7.339126e-1
8.069726e+1	-7.339040e-1
8.066705e+1	-7.335038e-1
8.070152e+1	-7.334775e-1
8.066299e+1	-7.336380e-1
8.068744e+1	-7.335390e-1
8.066030e+1	-7.334649e-1
8.066808e+1	-7.333864e-1
8.064346e+1	-7.333057e-1
8.067630e+1	-7.332531e-1
8.065593e+1	-7.331576e-1
8.065604e+1	-7.331104e-1
8.063795e+1	-7.331116e-1
8.065205e+1	-7.331439e-1
8.064913e+1	-7.332464e-1
8.066340e+1	-7.329806e-1
8.064175e+1	-7.331280e-1
8.063416e+1	-7.328132e-1
8.062595e+1	-7.327839e-1
8.064852e+1	-7.329869e-1
8.063635e+1	-7.327717e-1
8.063098e+1	-7.326782e-1
8.061646e+1	-7.327593e-1
8.062158e+1	-7.327457e-1
8.062729e+1	-7.324476e-1
8.063216e+1	-7.328272e-1
8.061560e+1	-7.326516e-1
8.060241e+1	-7.321232e-1
8.060475e+1	-7.323763e-1
8.061194e+1	-7.323504e-1
8.062282e+1	-7.322804e-1
8.060710e+1	-7.321400e-1
8.059812e+1	-7.321929e-1
8.058816e+1	-7.322872e-1
8.058926e+1	-7.319447e-1
8.059734e+1	-7.321818e-1
8.057507e+1	-7.319556e-1
8.057331e+1	-7.319907e-1
8.059715e+1	-7.320572e-1
8.057233e+1	-7.318656e-1
8.058406e+1	-7.320903e-1
8.058068e+1	-7.316740e-1
8.058174e+1	-7.320391e-1
8.055425e+1	-7.317935e-1
8.056864e+1	-7.315501e-1
8.056780e+1	-7.319951e-1
8.057130e+1	-7.315551e-1
8.055304e+1	-7.315442e-1
8.056702e+1	-7.315762e-1
8.053995e+1	-7.315649e-1
8.057723e+1	-7.317360e-1
8.055129e+1	-7.314379e-1
8.054611e+1	-7.312584e-1
8.052874e+1	-7.312178e-1
8.057017e+1	-7.315230e-1
8.052606e+1	-7.311791e-1
8.056153e+1	-7.312738e-1
8.053198e+1	-7.313851e-1
8.054383e+1	-7.313758e-1
8.051053e+1	-7.311545e-1
8.055165e+1	-7.313322e-1
8.052035e+1	-7.312935e-1
8.054427e+1	-7.309738e-1
8.050211e+1	-7.312043e-1
8.053703e+1	-7.310400e-1
8.050243e+1	-7.307893e-1
8.055288e+1	-7.309945e-1
8.050771e+1	-7.310304e-1
8.052334e+1	-7.307737e-1
8.048507e+1	-7.309033e-1
8.053582e+1	-7.307777e-1
8.048959e+1	-7.306916e-1
8.053033e+1	-7.305681e-1
8.048024e+1	-7.307487e-1
8.052419e+1	-7.305043e-1
8.047576e+1	-7.306651e-1
8.051958e+1	-7.305719e-1
8.048408e+1	-7.304309e-1
8.051202e+1	-7.304344e-1
8.045385e+1	-7.306551e-1
8.051121e+1	-7.305464e-1
8.046186e+1	-7.303314e-1
8.051572e+1	-7.303328e-1
8.046519e+1	-7.304355e-1
8.050765e+1	-7.302934e-1
8.044557e+1	-7.301846e-1
8.050816e+1	-7.300132e-1
8.045566e+1	-7.301706e-1
8.049059e+1	-7.301402e-1
8.043957e+1	-7.299359e-1
8.049874e+1	-7.301728e-1
8.043468e+1	-7.300784e-1
8.049640e+1	-7.299979e-1
8.043393e+1	-7.300031e-1
8.048982e+1	-7.300646e-1
8.042448e+1	-7.298348e-1
8.048414e+1	-7.300332e-1
8.042377e+1	-7.299130e-1
8.048410e+1	-7.301043e-1
8.042398e+1	-7.299352e-1
8.047419e+1	-7.297956e-1
8.040555e+1	-7.298447e-1
8.047635e+1	-7.297401e-1
8.041532e+1	-7.299511e-1
8.046658e+1	-7.295256e-1
8.040122e+1	-7.296790e-1
8.046579e+1	-7.297382e-1
8.039135e+1	-7.294100e-1
8.046621e+1	-7.294870e-1
8.039801e+1	-7.294669e-1
8.045443e+1	-7.293514e-1
8.038153e+1	-7.290490e-1
8.044758e+1	-7.293505e-1
8.038100e+1	-7.293939e-1
8.044365e+1	-7.294607e-1
8.038217e+1	-7.294681e-1
8.044442e+1	-7.292808e-1
8.036976e+1	-7.293910e-1
8.044070e+1	-7.293879e-1
8.037913e+1	-7.295136e-1
8.043696e+1	-7.294067e-1
8.035591e+1	-7.291157e-1
8.043204e+1	-7.292486e-1
8.035994e+1	-7.293755e-1
8.042371e+1	-7.292743e-1
8.036304e+1	-7.291474e-1
8.042233e+1	-7.290714e-1
8.035132e+1	-7.290420e-1
8.041850e+1	-7.291934e-1
8.035353e+1	-7.288619e-1
8.041312e+1	-7.287574e-1
8.034418e+1	-7.289381e-1
8.040810e+1	-7.287749e-1
8.034098e+1	-7.289882e-1
8.041646e+1	-7.287935e-1
8.034704e+1	-7.287844e-1
8.040339e+1	-7.286056e-1
8.032979e+1	-7.287282e-1
8.039609e+1	-7.286901e-1
8.032823e+1	-7.286636e-1
8.039298e+1	-7.289191e-1
8.033556e+1	-7.286252e-1
8.038550e+1	-7.284847e-1
