2.786451e+2	6.153637e+0
2.780915e+2	6.156505e+0
2.775104e+2	6.159435e+0
2.769545e+2	6.162337e+0
2.763749e+2	6.165558e+0
2.758044e+2	6.168649e+0
2.752519e+2	6.171640e+0
2.746877e+2	6.174433e+0
2.741374e+2	6.177511e+0
2.736182e+2	6.179670e+0
2.730744e+2	6.182348e+0
2.725648e+2	6.185294e+0
2.720421e+2	6.188166e+0
2.715460e+2	6.191438e+0
2.710278e+2	6.194481e+0
2.705215e+2	6.197396e+0
2.700383e+2	6.200412e+0
2.695590e+2	6.203325e+0
2.690357e+2	6.206386e+0
2.685545e+2	6.209011e+0
2.680667e+2	6.211960e+0
2.675568e+2	6.215264e+0
2.670557e+2	6.217860e+0
2.665667e+2	6.220741e+0
2.660568e+2	6.223395e+0
2.655422e+2	6.226502e+0
2.650587e+2	6.229146e+0
2.645732e+2	6.232248e+0
2.640469e+2	6.234875e+0
2.635549e+2	6.238114e+0
2.630679e+2	6.240632e+0
2.625633e+2	6.243379e+0
2.620715e+2	6.246201e+0
2.615633e+2	6.248883e+0
2.610974e+2	6.251929e+0
2.606010e+2	6.254558e+0
2.601357e+2	6.257179e+0
2.596498e+2	6.260390e+0
2.591740e+2	6.262855e+0
2.587087e+2	6.265646e+0
2.582335e+2	6.268453e+0
2.577734e+2	6.271375e+0
2.573133e+2	6.273758e+0
2.568549e+2	6.276846e+0
2.563923e+2	6.279074e+0
2.559204e+2	6.281324e+0
2.554847e+2	6.284752e+0
2.550363e+2	6.287529e+0
2.545776e+2	6.289940e+0
2.541099e+2	6.292846e+0
2.536801e+2	6.295380e+0
2.532173e+2	6.298142e+0
2.527906e+2	6.300801e+0
2.523278e+2	6.303488e+0
2.519142e+2	6.306135e+0
2.514646e+2	6.308781e+0
2.510467e+2	6.311208e+0
2.505968e+2	6.313912e+0
2.501780e+2	6.316335e+0
2.497511e+2	6.319061e+0
2.493438e+2	6.321451e+0
2.489015e+2	6.324368e+0
2.484841e+2	6.326937e+0
2.480621e+2	6.329716e+0
2.476506e+2	6.332166e+0
2.472266e+2	6.334779e+0
2.468106e+2	6.337285e+0
2.463932e+2	6.339609e+0
2.459895e+2	6.341981e+0
2.455725e+2	6.344552e+0
2.451733e+2	6.347019e+0
2.447444e+2	6.349588e+0
2.443612e+2	6.352032e+0
2.439545e+2	6.354646e+0
2.435402e+2	6.356979e+0
2.431352e+2	6.359381e+0
2.427605e+2	6.361586e+0
2.423438e+2	6.364255e+0
2.419577e+2	6.366596e+0
2.415573e+2	6.369148e+0
2.411761e+2	6.371240e+0
2.407631e+2	6.373861e+0
2.403985e+2	6.376407e+0
2.400056e+2	6.379037e+0
2.396267e+2	6.381428e+0
2.392152e+2	6.383989e+0
2.388558e+2	6.386837e+0
2.384465e+2	6.389639e+0
2.380833e+2	6.392576e+0
2.376900e+2	6.396944e+0
2.373186e+2	6.402306e+0
2.369137e+2	6.408863e+0
2.365556e+2	6.418518e+0
2.361451e+2	6.431209e+0
2.357822e+2	6.448799e+0
2.353938e+2	6.468257e+0
2.350489e+2	6.492183e+0
2.346214e+2	6.515732e+0
2.342248e+2	6.537335e+0
2.335629e+2	6.553622e+0
2.325537e+2	6.564367e+0
2.312794e+2	6.571341e+0
2.300424e+2	6.578049e+0
2.288077e+2	6.580932e+0
2.275711e+2	6.574670e+0
2.264968e+2	6.563828e+0
2.255670e+2	6.554602e+0
2.245953e+2	6.546879e+0
2.238413e+2	6.537622e+0
2.231211e+2	6.539450e+0
2.224896e+2	6.538264e+0
2.218863e+2	6.538085e+0
2.213825e+2	6.538167e+0
2.208615e+2	6.538706e+0
2.204145e+2	6.539354e+0
2.199694e+2	6.540032e+0
2.195806e+2	6.540974e+0
2.191637e+2	6.541733e+0
2.188229e+2	6.542567e+0
2.184539e+2	6.543907e+0
2.181220e+2	6.544766e+0
2.177569e+2	6.545560e+0
2.174632e+2	6.546711e+0
2.171167e+2	6.547729e+0
2.168251e+2	6.548477e+0
2.164964e+2	6.549329e+0
2.162074e+2	6.550569e+0
2.158713e+2	6.551704e+0
2.155984e+2	6.552428e+0
2.152744e+2	6.553892e+0
2.149934e+2	6.554915e+0
2.146859e+2	6.555719e+0
2.144328e+2	6.556807e+0
2.140962e+2	6.557989e+0
2.138359e+2	6.558589e+0
2.135365e+2	6.560020e+0
2.132726e+2	6.560594e+0
2.129634e+2	6.561978e+0
2.127110e+2	6.562664e+0
2.124080e+2	6.563837e+0
2.121442e+2	6.564947e+0
2.118547e+2	6.565633e+0
2.116188e+2	6.566628e+0
2.113008e+2	6.567472e+0
2.110605e+2	6.568441e+0
2.107802e+2	6.569622e+0
2.105340e+2	6.570413e+0
2.102440e+2	6.571556e+0
2.100074e+2	6.572689e+0
2.097360e+2	6.573262e+0
2.094722e+2	6.574458e+0
2.092003e+2	6.575294e+0
2.089746e+2	6.576124e+0
2.086866e+2	6.576906e+0
2.084402e+2	6.578027e+0
2.081727e+2	6.578843e+0
2.079316e+2	6.579644e+0
2.076608e+2	6.580694e+0
2.074257e+2	6.581319e+0
2.071608e+2	6.582278e+0
2.069199e+2	6.583271e+0
2.066536e+2	6.584054e+0
2.064231e+2	6.584698e+0
2.061529e+2	6.585959e+0
2.059355e+2	6.586721e+0
2.056847e+2	6.587271e+0
2.054518e+2	6.588391e+0
2.051880e+2	6.589302e+0
2.049771e+2	6.589906e+0
2.047128e+2	6.590786e+0
2.044834e+2	6.591888e+0
2.042339e+2	6.592813e+0
2.040286e+2	6.593409e+0
2.037605e+2	6.594117e+0
2.035472e+2	6.595269e+0
2.033037e+2	6.595838e+0
2.030805e+2	6.596559e+0
2.028295e+2	6.597373e+0
2.026225e+2	6.598062e+0
2.023669e+2	6.599258e+0
2.021545e+2	6.600101e+0
2.019147e+2	6.601191e+0
2.017004e+2	6.602037e+0
2.014541e+2	6.602465e+0
2.012530e+2	6.603544e+0
2.010052e+2	6.603976e+0
2.007862e+2	6.604849e+0
2.005567e+2	6.605759e+0
2.003585e+2	6.606360e+0
2.001114e+2	6.607284e+0
1.998994e+2	6.607874e+0
1.996750e+2	6.608875e+0
1.994647e+2	6.609338e+0
1.992362e+2	6.610315e+0
1.990404e+2	6.611168e+0
1.988000e+2	6.612097e+0
1.985909e+2	6.612812e+0
1.983646e+2	6.613746e+0
1.981564e+2	6.614649e+0
1.979278e+2	6.615120e+0
1.977276e+2	6.615896e+0
1.975028e+2	6.616694e+0
1.972948e+2	6.617312e+0
1.970744e+2	6.618220e+0
1.968776e+2	6.619023e+0
1.966479e+2	6.619783e+0
1.964386e+2	6.620616e+0
1.962275e+2	6.621354e+0
1.960346e+2	6.621619e+0
1.958064e+2	6.622478e+0
1.956100e+2	6.623374e+0
1.953942e+2	6.624001e+0
1.951879e+2	6.624844e+0
1.949746e+2	6.625396e+0
1.947781e+2	6.626350e+0
1.945608e+2	6.626917e+0
1.943633e+2	6.627544e+0
1.941541e+2	6.628202e+0
1.939491e+2	6.628913e+0
1.937428e+2	6.629832e+0
1.935489e+2	6.630622e+0
1.933348e+2	6.631072e+0
1.931262e+2	6.632074e+0
1.929294e+2	6.632545e+0
1.927375e+2	6.633346e+0
1.925265e+2	6.634093e+0
1.923251e+2	6.634833e+0
1.921232e+2	6.635726e+0
1.919140e+2	6.636205e+0
1.917168e+2	6.636906e+0
1.915241e+2	6.637616e+0
1.913151e+2	6.637948e+0
1.911125e+2	6.638984e+0
1.909213e+2	6.639699e+0
1.907316e+2	6.640208e+0
1.905308e+2	6.640939e+0
1.903356e+2	6.641430e+0
1.901417e+2	6.642351e+0
1.899422e+2	6.642985e+0
1.897532e+2	6.643565e+0
1.895560e+2	6.644367e+0
1.893674e+2	6.645123e+0
1.891760e+2	6.645701e+0
1.889865e+2	6.646364e+0
1.887836e+2	6.647114e+0
1.886018e+2	6.647503e+0
1.884077e+2	6.648081e+0
1.882207e+2	6.648564e+0
1.880160e+2	6.649243e+0
1.878466e+2	6.650137e+0
1.876539e+2	6.650481e+0
1.874723e+2	6.651462e+0
1.872733e+2	6.652004e+0
1.870938e+2	6.652928e+0
1.868872e+2	6.653258e+0
1.867184e+2	6.654102e+0
1.865289e+2	6.654420e+0
1.863527e+2	6.655441e+0
1.861570e+2	6.656024e+0
1.859875e+2	6.656793e+0
1.857846e+2	6.657402e+0
1.856218e+2	6.657734e+0
1.854293e+2	6.658284e+0
1.852560e+2	6.659114e+0
1.850677e+2	6.659875e+0
1.849306e+2	6.660588e+0
1.847485e+2	6.660933e+0
1.845961e+2	6.661646e+0
1.844032e+2	6.662296e+0
1.842468e+2	6.662970e+0
1.840590e+2	6.663646e+0
1.838914e+2	6.664225e+0
1.836978e+2	6.664698e+0
1.835350e+2	6.665375e+0
1.833396e+2	6.666105e+0
1.831785e+2	6.666631e+0
1.829841e+2	6.667243e+0
1.828272e+2	6.668034e+0
1.826349e+2	6.668541e+0
1.824728e+2	6.668968e+0
1.822772e+2	6.669569e+0
1.821214e+2	6.670071e+0
1.819275e+2	6.671004e+0
1.817749e+2	6.671700e+0
1.816420e+2	6.672025e+0
1.815202e+2	6.673045e+0
1.813405e+2	6.673461e+0
1.811961e+2	6.673741e+0
1.810018e+2	6.674403e+0
1.808613e+2	6.675100e+0
1.806628e+2	6.674823e+0
1.805191e+2	6.676352e+0
1.803233e+2	6.676778e+0
1.801731e+2	6.677283e+0
1.799709e+2	6.677930e+0
1.798278e+2	6.678359e+0
1.796246e+2	6.679049e+0
1.794822e+2	6.679434e+0
1.792885e+2	6.680169e+0
1.791523e+2	6.680707e+0
1.789593e+2	6.681341e+0
1.788128e+2	6.681842e+0
1.786215e+2	6.682442e+0
1.784840e+2	6.683047e+0
1.782902e+2	6.683716e+0
1.781480e+2	6.684250e+0
1.779489e+2	6.685012e+0
1.778044e+2	6.685461e+0
1.776096e+2	6.685570e+0
1.774737e+2	6.686467e+0
1.772690e+2	6.687305e+0
1.771296e+2	6.687925e+0
1.769377e+2	6.688321e+0
1.768006e+2	6.688421e+0
1.765977e+2	6.689770e+0
1.764688e+2	6.690263e+0
1.762724e+2	6.690895e+0
1.761362e+2	6.691611e+0
1.759423e+2	6.691973e+0
1.758072e+2	6.692839e+0
1.756076e+2	6.693191e+0
1.754727e+2	6.693931e+0
1.752705e+2	6.694607e+0
1.751354e+2	6.695166e+0
1.749485e+2	6.695493e+0
1.748327e+2	6.695911e+0
1.746393e+2	6.696600e+0
1.744992e+2	6.697408e+0
1.743107e+2	6.697692e+0
1.741787e+2	6.698360e+0
1.739894e+2	6.699029e+0
1.738654e+2	6.699358e+0
1.736728e+2	6.699948e+0
1.735381e+2	6.700775e+0
1.733528e+2	6.701556e+0
1.732264e+2	6.701636e+0
1.730360e+2	6.702251e+0
1.729091e+2	6.702657e+0
1.727254e+2	6.703339e+0
1.725989e+2	6.704209e+0
1.724091e+2	6.704548e+0
1.722929e+2	6.705186e+0
1.721002e+2	6.705735e+0
1.719727e+2	6.706094e+0
1.717883e+2	6.706849e+0
1.716598e+2	6.707254e+0
1.714718e+2	6.707828e+0
1.713535e+2	6.708645e+0
1.711749e+2	6.709054e+0
1.710472e+2	6.709784e+0
1.708726e+2	6.710116e+0
1.707647e+2	6.710905e+0
1.705695e+2	6.711463e+0
1.704425e+2	6.712118e+0
1.702631e+2	6.712542e+0
1.701337e+2	6.713160e+0
1.700043e+2	6.713607e+0
1.698781e+2	6.714066e+0
1.697055e+2	6.714479e+0
1.695619e+2	6.715252e+0
1.693892e+2	6.715605e+0
1.692714e+2	6.716355e+0
1.690783e+2	6.716695e+0
1.689490e+2	6.717334e+0
1.687736e+2	6.717810e+0
1.686423e+2	6.718284e+0
1.684607e+2	6.718711e+0
1.683454e+2	6.719427e+0
1.681586e+2	6.719967e+0
1.680267e+2	6.720659e+0
1.678517e+2	6.720882e+0
1.677241e+2	6.721342e+0
1.675434e+2	6.721965e+0
1.674246e+2	6.722721e+0
1.672619e+2	6.722904e+0
1.671344e+2	6.723523e+0
1.669599e+2	6.723802e+0
1.668490e+2	6.724651e+0
1.666737e+2	6.725041e+0
1.665492e+2	6.725646e+0
1.663818e+2	6.726116e+0
1.662565e+2	6.726759e+0
1.660851e+2	6.727151e+0
1.659696e+2	6.727754e+0
1.658006e+2	6.728349e+0
1.656608e+2	6.728986e+0
1.655014e+2	6.729805e+0
1.653857e+2	6.730135e+0
1.652092e+2	6.730439e+0
1.650905e+2	6.731005e+0
1.649230e+2	6.731161e+0
1.647892e+2	6.731918e+0
1.646276e+2	6.732311e+0
1.645102e+2	6.733080e+0
1.643342e+2	6.733372e+0
1.642004e+2	6.733984e+0
1.640389e+2	6.734714e+0
1.639241e+2	6.735250e+0
1.637491e+2	6.735735e+0
1.636212e+2	6.736466e+0
1.634596e+2	6.736902e+0
1.633287e+2	6.737506e+0
1.631697e+2	6.738098e+0
1.630446e+2	6.738383e+0
1.628805e+2	6.738719e+0
1.627516e+2	6.739044e+0
1.625933e+2	6.739997e+0
1.624660e+2	6.740401e+0
1.623062e+2	6.740992e+0
1.621837e+2	6.741275e+0
1.620227e+2	6.741810e+0
1.618860e+2	6.742226e+0
1.617428e+2	6.743009e+0
1.616252e+2	6.743444e+0
1.614662e+2	6.743777e+0
1.613368e+2	6.744422e+0
1.611904e+2	6.744796e+0
1.610568e+2	6.745420e+0
1.609146e+2	6.746157e+0
1.607939e+2	6.746334e+0
1.606364e+2	6.746925e+0
1.604995e+2	6.747360e+0
1.603600e+2	6.747920e+0
1.602414e+2	6.748650e+0
1.600926e+2	6.749282e+0
1.599610e+2	6.749344e+0
1.598124e+2	6.749882e+0
1.596755e+2	6.749965e+0
1.595336e+2	6.750783e+0
1.594016e+2	6.751497e+0
1.592525e+2	6.752067e+0
1.591215e+2	6.752290e+0
1.589796e+2	6.752681e+0
1.588464e+2	6.753419e+0
1.587168e+2	6.753857e+0
1.585854e+2	6.754281e+0
1.584369e+2	6.754735e+0
1.582951e+2	6.755301e+0
1.581682e+2	6.755620e+0
1.580343e+2	6.756611e+0
1.578960e+2	6.757000e+0
1.577564e+2	6.757312e+0
1.576228e+2	6.757834e+0
1.574794e+2	6.758475e+0
1.573547e+2	6.758916e+0
1.572160e+2	6.759636e+0
1.570724e+2	6.759879e+0
1.569316e+2	6.760367e+0
1.568002e+2	6.760950e+0
1.566582e+2	6.761602e+0
1.565325e+2	6.762118e+0
1.563940e+2	6.762722e+0
1.562567e+2	6.763408e+0
1.561156e+2	6.763670e+0
1.559953e+2	6.764289e+0
1.558525e+2	6.764893e+0
1.557296e+2	6.765259e+0
1.555928e+2	6.765662e+0
1.554644e+2	6.766179e+0
1.553214e+2	6.766634e+0
1.552023e+2	6.766888e+0
1.550629e+2	6.767466e+0
1.549345e+2	6.768138e+0
1.547832e+2	6.768057e+0
1.546719e+2	6.768973e+0
1.545317e+2	6.769178e+0
1.544127e+2	6.769266e+0
1.542655e+2	6.770039e+0
1.541462e+2	6.770446e+0
1.539976e+2	6.770913e+0
1.539001e+2	6.771936e+0
1.537485e+2	6.772113e+0
1.536479e+2	6.772680e+0
1.535042e+2	6.773168e+0
1.533942e+2	6.773726e+0
1.532389e+2	6.773940e+0
1.531400e+2	6.774510e+0
1.529948e+2	6.775083e+0
1.528819e+2	6.775464e+0
1.527375e+2	6.775951e+0
1.526373e+2	6.776098e+0
1.524869e+2	6.776612e+0
1.523908e+2	6.777206e+0
1.522440e+2	6.777774e+0
1.521330e+2	6.778359e+0
1.519807e+2	6.779062e+0
1.518859e+2	6.779849e+0
1.517353e+2	6.779883e+0
1.516369e+2	6.780390e+0
1.514870e+2	6.780728e+0
1.513944e+2	6.781266e+0
1.512450e+2	6.781415e+0
1.511504e+2	6.781796e+0
1.509941e+2	6.782396e+0
1.508986e+2	6.782533e+0
1.507387e+2	6.783096e+0
1.506515e+2	6.783928e+0
1.505023e+2	6.784189e+0
1.504057e+2	6.784671e+0
1.502499e+2	6.785135e+0
1.501542e+2	6.785560e+0
1.499916e+2	6.785975e+0
1.499067e+2	6.787012e+0
1.497491e+2	6.787302e+0
1.496605e+2	6.787563e+0
1.495066e+2	6.788358e+0
1.494144e+2	6.788396e+0
1.492566e+2	6.788181e+0
1.491717e+2	6.772900e+0
1.490193e+2	6.772437e+0
1.489303e+2	6.758010e+0
1.487707e+2	6.731201e+0
1.486765e+2	6.729821e+0
1.485110e+2	6.725254e+0
1.484262e+2	6.713256e+0
1.481808e+2	6.653252e+0
1.480259e+2	6.653483e+0
1.479403e+2	6.642183e+0
1.477773e+2	6.595379e+0
1.477026e+2	6.518044e+0
1.475455e+2	6.475402e+0
1.474681e+2	6.378970e+0
1.473142e+2	6.313945e+0
1.472375e+2	6.305758e+0
1.470795e+2	6.254160e+0
1.470019e+2	6.160297e+0
1.468527e+2	6.140799e+0
1.467646e+2	6.075445e+0
1.466122e+2	5.960681e+0
1.465451e+2	5.883235e+0
1.463885e+2	5.851654e+0
1.463039e+2	5.739177e+0
1.461522e+2	5.661494e+0
1.460745e+2	5.532541e+0
1.459192e+2	5.495753e+0
1.458484e+2	5.422299e+0
1.456934e+2	5.386236e+0
1.456093e+2	5.327572e+0
1.454527e+2	5.261551e+0
1.453773e+2	5.230673e+0
1.452231e+2	4.979844e+0
1.451427e+2	4.914395e+0
1.449895e+2	4.790878e+0
1.449141e+2	4.698159e+0
1.447567e+2	4.635581e+0
1.446869e+2	4.525881e+0
1.445354e+2	4.441286e+0
1.444547e+2	4.376769e+0
1.442997e+2	4.304636e+0
1.442214e+2	4.248760e+0
1.440660e+2	4.097193e+0
1.439920e+2	3.955014e+0
1.438427e+2	3.852413e+0
1.437598e+2	3.803360e+0
1.436160e+2	3.711279e+0
1.435570e+2	3.639427e+0
1.433983e+2	3.463806e+0
1.433108e+2	3.426703e+0
1.431656e+2	3.338908e+0
1.430927e+2	3.269623e+0
1.429486e+2	3.216365e+0
1.428834e+2	2.990501e+0
1.427332e+2	2.969223e+0
1.426487e+2	2.887262e+0
1.425079e+2	2.882419e+0
1.424426e+2	2.882788e+0
1.422824e+2	2.785224e+0
1.422061e+2	2.659295e+0
1.420687e+2	2.645874e+0
1.419741e+2	2.513225e+0
1.418369e+2	2.504694e+0
1.417727e+2	2.487676e+0
1.416268e+2	2.404567e+0
1.415482e+2	2.358289e+0
1.414071e+2	2.328537e+0
1.413351e+2	2.263041e+0
1.411912e+2	2.243187e+0
1.411224e+2	2.075585e+0
1.409824e+2	1.993648e+0
1.408913e+2	1.778229e+0
1.407561e+2	1.698301e+0
1.406898e+2	1.580378e+0
1.405401e+2	1.507823e+0
1.404582e+2	1.403635e+0
1.403268e+2	1.366892e+0
1.402471e+2	1.238428e+0
1.401117e+2	1.198885e+0
1.400469e+2	1.040467e+0
1.399121e+2	9.664792e-1
1.398198e+2	7.959887e-1
1.396948e+2	7.656399e-1
1.396266e+2	6.836739e-1
1.394816e+2	6.296696e-1
1.394002e+2	5.842574e-1
1.392769e+2	5.124355e-1
1.391941e+2	4.873027e-1
1.390644e+2	4.173742e-1
1.389875e+2	3.820636e-1
1.388591e+2	2.134957e-1
1.387734e+2	1.661625e-1
1.386408e+2	1.232537e-1
1.385624e+2	5.688099e-2
1.384346e+2	4.583596e-2
1.383583e+2	4.021224e-2
1.382361e+2	3.955345e-2
1.381402e+2	2.925312e-2
1.380356e+2	1.193043e-2
1.379597e+2	1.109153e-2
1.378384e+2	8.915515e-3
1.377584e+2	3.537273e-3
1.376395e+2	1.289216e-3
1.375539e+2	-2.141421e-3
1.374394e+2	-1.002022e-3
1.373588e+2	1.871001e-3
1.372325e+2	2.017742e-3
1.371367e+2	2.045649e-3
1.370318e+2	1.626391e-3
1.369551e+2	1.768931e-3
1.368284e+2	1.910269e-3
1.367354e+2	1.696648e-3
1.366234e+2	1.477528e-3
1.365272e+2	1.465613e-3
1.364230e+2	-5.803841e-4
1.363428e+2	-7.833909e-4
1.362178e+2	-8.076021e-4
1.361204e+2	-7.449265e-4
1.360167e+2	-7.051152e-4
1.359219e+2	-9.736538e-4
1.358166e+2	-1.049261e-3
1.357232e+2	-9.288147e-4
1.356079e+2	-8.792659e-4
1.355150e+2	-6.728440e-4
1.354147e+2	-1.162793e-3
1.353235e+2	-1.238458e-3
1.352155e+2	-8.801026e-4
1.351265e+2	-1.194514e-3
1.350236e+2	-1.291660e-3
1.349291e+2	-1.361886e-3
1.348407e+2	-1.516839e-3
1.347480e+2	-1.587019e-3
1.346347e+2	-1.641538e-3
1.345335e+2	-1.683685e-3
1.344456e+2	-1.538630e-3
1.343528e+2	-1.709757e-3
1.342560e+2	-1.587205e-3
1.341658e+2	-1.985633e-3
1.340617e+2	-1.597391e-3
1.339556e+2	-1.814399e-3
1.338751e+2	-1.814821e-3
1.337830e+2	-1.769913e-3
1.336893e+2	-1.697369e-3
1.335828e+2	-1.755062e-3
1.334950e+2	-1.778811e-3
1.333974e+2	-1.805731e-3
1.333142e+2	-1.907953e-3
1.332086e+2	-1.769429e-3
1.331120e+2	-1.897501e-3
1.330006e+2	-2.152389e-3
1.329349e+2	-1.867159e-3
1.328284e+2	-1.874570e-3
1.327500e+2	-2.321203e-3
1.326464e+2	-2.067753e-3
1.325557e+2	-2.048975e-3
1.324439e+2	-2.173140e-3
1.323709e+2	-2.180773e-3
1.322652e+2	-2.458448e-3
1.321860e+2	-2.397178e-3
1.320683e+2	-2.565962e-3
1.320013e+2	-2.566949e-3
1.318938e+2	-2.695427e-3
1.318182e+2	-2.781147e-3
1.317054e+2	-2.389136e-3
1.316275e+2	-2.558007e-3
1.315128e+2	-2.580164e-3
1.314468e+2	-2.754608e-3
1.313406e+2	-2.520174e-3
1.312748e+2	-2.885832e-3
1.311599e+2	-2.626733e-3
1.310928e+2	-2.634600e-3
1.309803e+2	-3.072057e-3
1.309183e+2	-2.818975e-3
1.308035e+2	-3.049899e-3
1.307278e+2	-3.375114e-3
1.306134e+2	-3.248588e-3
1.305545e+2	-3.592090e-3
1.304313e+2	-3.228279e-3
1.303773e+2	-3.220560e-3
1.302616e+2	-3.192187e-3
1.301850e+2	-3.495695e-3
1.300633e+2	-3.303431e-3
1.300093e+2	-3.489309e-3
1.298860e+2	-3.385639e-3
1.298235e+2	-3.247090e-3
1.297015e+2	-3.421984e-3
1.296473e+2	-3.719830e-3
1.295263e+2	-3.284137e-3
1.294698e+2	-3.632574e-3
1.293445e+2	-3.456851e-3
1.292855e+2	-3.781505e-3
1.291522e+2	-3.497541e-3
1.291097e+2	-3.931794e-3
1.289821e+2	-3.962243e-3
1.289304e+2	-3.838266e-3
1.288103e+2	-3.829754e-3
1.287535e+2	-4.202547e-3
1.286214e+2	-4.136337e-3
1.285789e+2	-4.038322e-3
1.284544e+2	-4.151048e-3
1.284074e+2	-4.048134e-3
1.282828e+2	-4.367121e-3
1.282311e+2	-4.221614e-3
1.280965e+2	-4.122255e-3
1.280561e+2	-4.067726e-3
1.279237e+2	-3.491727e-3
1.278628e+2	-3.285827e-3
1.277279e+2	-3.637012e-3
1.276841e+2	-3.384377e-3
1.275501e+2	-3.540285e-3
1.273816e+2	-3.614108e-3
1.273414e+2	-3.482137e-3
1.272071e+2	-3.435523e-3
1.271665e+2	-3.982707e-3
1.270279e+2	-3.674677e-3
1.269948e+2	-3.490804e-3
1.268620e+2	-3.722344e-3
1.268271e+2	-3.837053e-3
1.266975e+2	-3.886252e-3
1.266609e+2	-4.080081e-3
1.265299e+2	-3.877634e-3
1.264919e+2	-4.137139e-3
1.263633e+2	-4.154107e-3
1.263160e+2	-4.001394e-3
1.261867e+2	-3.787758e-3
1.261576e+2	-3.967894e-3
1.260225e+2	-3.966901e-3
1.259708e+2	-4.228632e-3
1.258297e+2	-4.249590e-3
1.257844e+2	-3.875798e-3
1.256493e+2	-4.249026e-3
1.256139e+2	-4.438378e-3
1.254831e+2	-4.325272e-3
1.254368e+2	-4.111430e-3
1.253050e+2	-4.370190e-3
1.252695e+2	-4.378739e-3
1.251393e+2	-4.378499e-3
1.251000e+2	-4.228689e-3
1.249687e+2	-4.690369e-3
1.249369e+2	-4.693353e-3
1.248047e+2	-4.279463e-3
1.247757e+2	-4.575744e-3
1.246504e+2	-4.818428e-3
1.246115e+2	-5.126272e-3
1.244834e+2	-4.608571e-3
1.244445e+2	-4.924584e-3
1.243117e+2	-4.900698e-3
1.242787e+2	-5.183746e-3
1.241616e+2	-5.174613e-3
1.241119e+2	-4.963469e-3
1.239920e+2	-5.203046e-3
1.239679e+2	-5.098625e-3
1.237882e+2	-5.280824e-3
1.236631e+2	-5.308351e-3
1.236286e+2	-5.179177e-3
1.235036e+2	-5.218586e-3
1.234775e+2	-5.232891e-3
1.233514e+2	-5.374688e-3
1.233049e+2	-5.557557e-3
1.231855e+2	-5.522628e-3
1.231501e+2	-5.492323e-3
1.230286e+2	-5.549727e-3
1.229899e+2	-5.612408e-3
1.228751e+2	-5.686355e-3
1.228329e+2	-5.779111e-3
1.227100e+2	-5.501245e-3
1.226860e+2	-5.377352e-3
1.225637e+2	-5.729424e-3
1.225181e+2	-5.738351e-3
1.223946e+2	-5.927476e-3
1.223616e+2	-5.968385e-3
1.222345e+2	-5.839850e-3
1.221967e+2	-5.847921e-3
1.220871e+2	-5.838190e-3
1.220398e+2	-5.613338e-3
1.219320e+2	-5.933934e-3
1.219036e+2	-5.944290e-3
1.217735e+2	-5.846240e-3
1.217180e+2	-6.286617e-3
1.216065e+2	-5.985441e-3
1.215578e+2	-6.380137e-3
1.214427e+2	-6.065283e-3
1.214108e+2	-5.496325e-3
1.212960e+2	-6.142788e-3
1.212460e+2	-6.129179e-3
1.211430e+2	-6.316670e-3
1.211119e+2	-6.113904e-3
1.209896e+2	-6.285590e-3
1.209441e+2	-6.333407e-3
1.208497e+2	-6.299483e-3
1.208049e+2	-6.670732e-3
1.206992e+2	-6.232199e-3
1.206687e+2	-6.611236e-3
1.205540e+2	-6.477425e-3
1.204999e+2	-6.312697e-3
1.203954e+2	-6.766580e-3
1.203628e+2	-7.185486e-3
1.202509e+2	-6.983204e-3
1.201981e+2	-6.794550e-3
1.200981e+2	-6.838795e-3
1.200437e+2	-6.941250e-3
1.199484e+2	-6.711730e-3
1.199002e+2	-6.932320e-3
1.197956e+2	-7.005981e-3
1.197455e+2	-7.171942e-3
1.196565e+2	-7.315228e-3
1.196069e+2	-6.954216e-3
1.195097e+2	-6.849268e-3
1.194679e+2	-7.127236e-3
1.193749e+2	-7.390058e-3
1.193089e+2	-7.399620e-3
1.192217e+2	-7.274951e-3
1.191782e+2	-7.321259e-3
1.190817e+2	-7.193317e-3
1.190092e+2	-7.194161e-3
1.189210e+2	-7.232533e-3
1.188569e+2	-7.544187e-3
1.187810e+2	-7.456108e-3
1.187247e+2	-7.177297e-3
1.186252e+2	-7.326222e-3
1.185571e+2	-7.675065e-3
1.184853e+2	-7.755781e-3
1.184303e+2	-7.445721e-3
1.183419e+2	-7.849252e-3
1.182775e+2	-7.683574e-3
1.181957e+2	-7.644522e-3
1.181263e+2	-7.823281e-3
1.180517e+2	-8.061977e-3
1.179988e+2	-7.905656e-3
1.179052e+2	-8.096426e-3
1.178349e+2	-7.952167e-3
1.177595e+2	-7.975321e-3
1.176878e+2	-8.298247e-3
1.176240e+2	-8.023305e-3
1.175574e+2	-8.147329e-3
1.174781e+2	-8.302818e-3
1.174107e+2	-8.006662e-3
1.173496e+2	-8.166309e-3
1.172823e+2	-8.428353e-3
1.172091e+2	-8.517273e-3
1.171404e+2	-8.382843e-3
1.170631e+2	-8.579951e-3
1.169881e+2	-8.290345e-3
1.169366e+2	-8.631426e-3
1.168658e+2	-8.504644e-3
1.167856e+2	-8.414583e-3
1.167155e+2	-8.643398e-3
1.166558e+2	-8.546063e-3
1.165810e+2	-8.457114e-3
1.165270e+2	-9.007478e-3
1.164536e+2	-8.758581e-3
1.163755e+2	-8.747036e-3
1.162957e+2	-8.987125e-3
1.162439e+2	-8.711492e-3
1.161554e+2	-8.788001e-3
1.161036e+2	-8.753762e-3
1.160268e+2	-8.855170e-3
1.159650e+2	-8.826919e-3
1.158830e+2	-9.026712e-3
1.158392e+2	-8.994324e-3
1.157571e+2	-9.019611e-3
1.157043e+2	-8.895323e-3
1.156047e+2	-8.994491e-3
1.155619e+2	-9.225079e-3
1.154734e+2	-9.472024e-3
1.154293e+2	-9.368969e-3
1.153406e+2	-9.084707e-3
1.152893e+2	-9.266850e-3
1.151916e+2	-9.428466e-3
1.151554e+2	-9.336391e-3
1.150679e+2	-9.344311e-3
1.150286e+2	-9.477492e-3
1.149305e+2	-9.284843e-3
1.148895e+2	-9.178003e-3
1.147951e+2	-9.368292e-3
1.147601e+2	-9.534123e-3
1.146670e+2	-9.698384e-3
1.146177e+2	-9.605652e-3
1.145282e+2	-9.620864e-3
1.145001e+2	-9.651386e-3
1.143962e+2	-9.792667e-3
1.143726e+2	-1.005000e-2
1.142761e+2	-9.655839e-3
1.142420e+2	-1.002474e-2
1.141370e+2	-9.537533e-3
1.141147e+2	-9.732760e-3
1.140128e+2	-9.923683e-3
1.139892e+2	-1.000490e-2
1.138823e+2	-9.633901e-3
1.138553e+2	-9.804782e-3
1.137510e+2	-1.001383e-2
1.137257e+2	-9.831674e-3
1.136213e+2	-9.975502e-3
1.135905e+2	-9.943406e-3
1.134777e+2	-9.958651e-3
1.134607e+2	-1.021754e-2
1.133566e+2	-1.000932e-2
1.133404e+2	-1.038015e-2
1.132279e+2	-1.030782e-2
1.132054e+2	-1.044548e-2
1.130873e+2	-1.030664e-2
1.130772e+2	-1.005230e-2
1.129618e+2	-1.024589e-2
1.129419e+2	-1.035351e-2
1.128361e+2	-1.059197e-2
1.128144e+2	-1.038352e-2
1.126959e+2	-1.065495e-2
1.126881e+2	-1.071428e-2
1.125805e+2	-1.039305e-2
1.125571e+2	-1.046917e-2
1.124423e+2	-1.077902e-2
1.124293e+2	-1.073054e-2
1.123119e+2	-1.047002e-2
1.123060e+2	-1.029777e-2
1.121937e+2	-1.069652e-2
1.121776e+2	-1.060971e-2
1.120576e+2	-1.071332e-2
1.120563e+2	-1.070243e-2
1.119396e+2	-1.064618e-2
1.119360e+2	-1.063787e-2
1.118233e+2	-1.086454e-2
1.118047e+2	-1.093249e-2
1.116906e+2	-1.097849e-2
1.116869e+2	-1.110639e-2
1.115720e+2	-1.122544e-2
1.115680e+2	-1.101900e-2
1.114516e+2	-1.129486e-2
1.114392e+2	-1.139476e-2
1.113257e+2	-1.097655e-2
1.113273e+2	-1.134011e-2
1.112088e+2	-1.130618e-2
1.111974e+2	-1.127586e-2
1.110812e+2	-1.129100e-2
1.110697e+2	-1.163256e-2
1.109589e+2	-1.142641e-2
1.109571e+2	-1.142625e-2
1.108494e+2	-1.141018e-2
1.108342e+2	-1.154096e-2
1.107172e+2	-1.176133e-2
1.107167e+2	-1.126551e-2
1.106005e+2	-1.173237e-2
1.105875e+2	-1.130936e-2
1.104744e+2	-1.168346e-2
1.104628e+2	-1.165754e-2
1.103530e+2	-1.155179e-2
1.103644e+2	-1.146397e-2
1.102444e+2	-1.150906e-2
1.102217e+2	-1.161688e-2
1.101077e+2	-1.211940e-2
1.099931e+2	-1.161659e-2
1.099911e+2	-1.195890e-2
1.098852e+2	-1.210064e-2
1.098670e+2	-1.197332e-2
1.097588e+2	-1.212688e-2
1.097580e+2	-1.204682e-2
1.096390e+2	-1.214206e-2
1.096205e+2	-1.235699e-2
1.095154e+2	-1.206544e-2
1.095036e+2	-1.198218e-2
1.093944e+2	-1.208964e-2
1.093984e+2	-1.215788e-2
1.092896e+2	-1.189883e-2
1.092743e+2	-1.210063e-2
1.092390e+2	-1.201535e-2
1.091649e+2	-1.204216e-2
1.090555e+2	-1.235095e-2
1.090435e+2	-1.221660e-2
1.089426e+2	-1.206784e-2
1.089189e+2	-1.198628e-2
1.088199e+2	-1.238531e-2
1.088229e+2	-1.207460e-2
1.087175e+2	-1.222405e-2
1.086993e+2	-1.256017e-2
1.086069e+2	-1.224470e-2
1.085985e+2	-1.249081e-2
1.085000e+2	-1.234696e-2
1.085037e+2	-1.258925e-2
1.083927e+2	-1.233050e-2
1.083659e+2	-1.276461e-2
1.082657e+2	-1.240072e-2
1.082603e+2	-1.247058e-2
1.081632e+2	-1.267129e-2
1.081528e+2	-1.274057e-2
1.080676e+2	-1.259404e-2
1.080531e+2	-1.239606e-2
1.079571e+2	-1.287908e-2
1.079453e+2	-1.282588e-2
1.078478e+2	-1.293634e-2
1.078266e+2	-1.291717e-2
1.077316e+2	-1.283111e-2
1.077119e+2	-1.283412e-2
1.076172e+2	-1.280618e-2
1.076076e+2	-1.293724e-2
1.075107e+2	-1.302156e-2
1.074720e+2	-1.328815e-2
1.073959e+2	-1.273005e-2
1.073839e+2	-1.283640e-2
1.072807e+2	-1.331828e-2
1.072475e+2	-1.299433e-2
1.071623e+2	-1.288985e-2
1.071223e+2	-1.271098e-2
1.070371e+2	-1.319141e-2
1.070269e+2	-1.294783e-2
1.069309e+2	-1.282526e-2
1.068957e+2	-1.271852e-2
1.068225e+2	-1.291981e-2
1.068154e+2	-1.329189e-2
1.067342e+2	-1.302963e-2
1.067050e+2	-1.324479e-2
1.066274e+2	-1.350783e-2
1.065989e+2	-1.335415e-2
1.065292e+2	-1.330453e-2
1.064972e+2	-1.320292e-2
1.064084e+2	-1.332242e-2
1.063616e+2	-1.346956e-2
1.062798e+2	-1.346660e-2
1.062395e+2	-1.334822e-2
1.061733e+2	-1.332926e-2
1.061398e+2	-1.341443e-2
1.060636e+2	-1.337354e-2
1.060126e+2	-1.329276e-2
1.059522e+2	-1.347782e-2
1.059318e+2	-1.330167e-2
1.058563e+2	-1.350609e-2
1.058190e+2	-1.345359e-2
1.057608e+2	-1.362874e-2
1.057181e+2	-1.372946e-2
1.056628e+2	-1.361344e-2
1.056342e+2	-1.370469e-2
1.055578e+2	-1.391954e-2
1.055031e+2	-1.392095e-2
1.054514e+2	-1.367156e-2
1.054166e+2	-1.373867e-2
1.053526e+2	-1.380071e-2
1.053191e+2	-1.401899e-2
1.052527e+2	-1.396786e-2
1.051949e+2	-1.379719e-2
1.051498e+2	-1.399283e-2
1.051078e+2	-1.402237e-2
1.050515e+2	-1.395239e-2
1.050042e+2	-1.415495e-2
1.049509e+2	-1.422273e-2
1.048893e+2	-1.422237e-2
1.048468e+2	-1.407396e-2
1.048069e+2	-1.396867e-2
1.047512e+2	-1.435348e-2
1.046918e+2	-1.433112e-2
1.046558e+2	-1.387179e-2
1.046027e+2	-1.398080e-2
1.045691e+2	-1.435868e-2
1.045062e+2	-1.425273e-2
1.044504e+2	-1.420900e-2
1.043944e+2	-1.430561e-2
1.043677e+2	-1.441746e-2
1.042999e+2	-1.441624e-2
1.042728e+2	-1.449742e-2
1.042113e+2	-1.432416e-2
1.041675e+2	-1.455113e-2
1.041007e+2	-1.465142e-2
1.040841e+2	-1.447735e-2
1.040180e+2	-1.464323e-2
1.039670e+2	-1.470577e-2
1.038990e+2	-1.474431e-2
1.038785e+2	-1.476140e-2
1.038094e+2	-1.464336e-2
1.037793e+2	-1.441750e-2
1.037090e+2	-1.465494e-2
1.036800e+2	-1.466595e-2
1.035974e+2	-1.440248e-2
1.035857e+2	-1.462963e-2
1.035150e+2	-1.453415e-2
1.034987e+2	-1.488342e-2
1.034236e+2	-1.489502e-2
1.034027e+2	-1.478065e-2
1.033244e+2	-1.469542e-2
1.033124e+2	-1.481726e-2
1.032310e+2	-1.511473e-2
1.032013e+2	-1.530092e-2
1.031122e+2	-1.507689e-2
1.031184e+2	-1.492174e-2
1.030313e+2	-1.489974e-2
1.030329e+2	-1.494094e-2
1.029532e+2	-1.497885e-2
1.029258e+2	-1.543698e-2
1.028448e+2	-1.536585e-2
1.028401e+2	-1.532703e-2
1.027531e+2	-1.541010e-2
1.027490e+2	-1.505030e-2
1.026576e+2	-1.510977e-2
1.026516e+2	-1.537189e-2
1.025619e+2	-1.526089e-2
1.025585e+2	-1.542062e-2
1.024705e+2	-1.546110e-2
1.024631e+2	-1.500857e-2
1.023608e+2	-1.553011e-2
1.023655e+2	-1.533524e-2
1.022719e+2	-1.549194e-2
1.022758e+2	-1.559008e-2
1.021811e+2	-1.542885e-2
1.021777e+2	-1.525088e-2
1.020857e+2	-1.536206e-2
1.020899e+2	-1.551275e-2
1.019906e+2	-1.549213e-2
1.019991e+2	-1.556862e-2
1.019076e+2	-1.535312e-2
1.019084e+2	-1.555579e-2
1.018014e+2	-1.563214e-2
1.018130e+2	-1.557112e-2
1.017182e+2	-1.551282e-2
1.017150e+2	-1.561218e-2
1.016173e+2	-1.535470e-2
1.016326e+2	-1.555302e-2
1.015275e+2	-1.556730e-2
1.015503e+2	-1.562499e-2
1.014455e+2	-1.546230e-2
1.014549e+2	-1.545279e-2
1.013464e+2	-1.543452e-2
1.013583e+2	-1.564087e-2
1.012542e+2	-1.551846e-2
1.012764e+2	-1.534241e-2
1.011814e+2	-1.555364e-2
1.011987e+2	-1.556210e-2
1.010985e+2	-1.519902e-2
1.011163e+2	-1.545124e-2
1.010184e+2	-1.563900e-2
1.010323e+2	-1.579953e-2
1.009146e+2	-1.583554e-2
1.009382e+2	-1.574262e-2
1.008296e+2	-1.577280e-2
1.008504e+2	-1.565882e-2
1.007496e+2	-1.588645e-2
1.007554e+2	-1.555972e-2
1.006523e+2	-1.584412e-2
1.006733e+2	-1.593127e-2
1.005707e+2	-1.609432e-2
1.005916e+2	-1.586328e-2
1.004918e+2	-1.604390e-2
1.005032e+2	-1.623811e-2
1.004022e+2	-1.600288e-2
1.004274e+2	-1.618834e-2
1.003280e+2	-1.590529e-2
1.003350e+2	-1.591369e-2
1.002278e+2	-1.608314e-2
1.002544e+2	-1.615709e-2
1.001489e+2	-1.610282e-2
1.001696e+2	-1.598180e-2
1.000769e+2	-1.634795e-2
1.000844e+2	-1.609523e-2
9.997603e+1	-1.636246e-2
9.998919e+1	-1.601218e-2
9.987879e+1	-1.625736e-2
9.989161e+1	-1.621179e-2
9.979435e+1	-1.636065e-2
9.979780e+1	-1.588556e-2
9.970552e+1	-1.641627e-2
9.973838e+1	-1.638914e-2
9.963600e+1	-1.623804e-2
9.963761e+1	-1.619578e-2
9.954211e+1	-1.653988e-2
9.956119e+1	-1.596246e-2
9.946834e+1	-1.639071e-2
9.949162e+1	-1.607977e-2
9.939844e+1	-1.626506e-2
9.939672e+1	-1.643832e-2
9.929987e+1	-1.646220e-2
9.931598e+1	-1.621336e-2
9.920843e+1	-1.644844e-2
9.921260e+1	-1.654534e-2
9.912495e+1	-1.657393e-2
9.913159e+1	-1.652194e-2
9.903612e+1	-1.675326e-2
9.905960e+1	-1.667412e-2
9.896547e+1	-1.647534e-2
9.896906e+1	-1.654739e-2
9.887352e+1	-1.675036e-2
9.889417e+1	-1.679183e-2
9.880440e+1	-1.670754e-2
9.881894e+1	-1.669131e-2
9.873901e+1	-1.651412e-2
9.873345e+1	-1.675130e-2
9.863671e+1	-1.638760e-2
9.864531e+1	-1.696572e-2
9.855407e+1	-1.686434e-2
9.856458e+1	-1.664087e-2
9.849053e+1	-1.648682e-2
9.849484e+1	-1.669195e-2
9.840930e+1	-1.699312e-2
9.842300e+1	-1.680241e-2
9.833996e+1	-1.683746e-2
9.833591e+1	-1.699019e-2
9.825243e+1	-1.692286e-2
9.825663e+1	-1.726705e-2
9.817484e+1	-1.683497e-2
9.818916e+1	-1.710512e-2
9.810201e+1	-1.695490e-2
9.809433e+1	-1.702090e-2
9.800084e+1	-1.710230e-2
9.800821e+1	-1.696282e-2
9.792526e+1	-1.712826e-2
9.791912e+1	-1.736062e-2
9.784650e+1	-1.704163e-2
9.783799e+1	-1.707993e-2
9.776598e+1	-1.704272e-2
9.776516e+1	-1.693048e-2
9.760573e+1	-1.702076e-2
9.760703e+1	-1.725336e-2
9.752847e+1	-1.724631e-2
9.753728e+1	-1.729407e-2
9.746027e+1	-1.711657e-2
9.743477e+1	-1.732419e-2
9.737820e+1	-1.714917e-2
9.738433e+1	-1.714328e-2
9.730512e+1	-1.739429e-2
9.728446e+1	-1.693888e-2
9.723148e+1	-1.715855e-2
9.721039e+1	-1.710820e-2
9.716205e+1	-1.732983e-2
9.715629e+1	-1.747546e-2
9.708664e+1	-1.722868e-2
9.706179e+1	-1.710662e-2
9.701213e+1	-1.734611e-2
9.701287e+1	-1.721562e-2
9.695964e+1	-1.729445e-2
9.693214e+1	-1.756328e-2
9.686518e+1	-1.731681e-2
9.683130e+1	-1.721453e-2
9.678476e+1	-1.750115e-2
9.676377e+1	-1.735589e-2
9.670407e+1	-1.745926e-2
9.667353e+1	-1.761414e-2
9.662344e+1	-1.761043e-2
9.659882e+1	-1.776300e-2
9.657078e+1	-1.747572e-2
9.654614e+1	-1.748943e-2
9.648244e+1	-1.747995e-2
9.645286e+1	-1.766245e-2
9.642635e+1	-1.775658e-2
9.639709e+1	-1.753279e-2
9.637597e+1	-1.791456e-2
9.633781e+1	-1.782605e-2
9.630117e+1	-1.766062e-2
9.626189e+1	-1.776750e-2
9.624193e+1	-1.771513e-2
9.620273e+1	-1.778452e-2
9.614250e+1	-1.796847e-2
9.610293e+1	-1.771857e-2
9.608317e+1	-1.764635e-2
9.604327e+1	-1.795486e-2
9.602861e+1	-1.807161e-2
9.597516e+1	-1.770030e-2
9.594786e+1	-1.801888e-2
9.589801e+1	-1.792818e-2
9.588014e+1	-1.790489e-2
9.585273e+1	-1.803421e-2
9.582302e+1	-1.832235e-2
9.577611e+1	-1.802063e-2
9.575345e+1	-1.835709e-2
9.570960e+1	-1.803227e-2
9.568597e+1	-1.802636e-2
9.564685e+1	-1.787444e-2
9.561905e+1	-1.806314e-2
9.555392e+1	-1.808236e-2
9.555160e+1	-1.793923e-2
9.550576e+1	-1.811059e-2
9.549461e+1	-1.804895e-2
9.544029e+1	-1.816350e-2
9.541864e+1	-1.822758e-2
9.534990e+1	-1.814879e-2
9.534296e+1	-1.818048e-2
9.528661e+1	-1.806863e-2
9.527912e+1	-1.810548e-2
9.522080e+1	-1.818365e-2
9.521498e+1	-1.807401e-2
9.515504e+1	-1.815862e-2
9.514918e+1	-1.817689e-2
9.509738e+1	-1.803514e-2
9.509280e+1	-1.836567e-2
9.502035e+1	-1.797022e-2
9.502603e+1	-1.823983e-2
9.496059e+1	-1.876027e-2
9.496304e+1	-1.824199e-2
9.489286e+1	-1.822057e-2
9.488756e+1	-1.848027e-2
9.480985e+1	-1.864357e-2
9.481977e+1	-1.871171e-2
9.474811e+1	-1.851679e-2
9.475781e+1	-1.859054e-2
9.468267e+1	-1.879141e-2
9.469107e+1	-1.878010e-2
9.461299e+1	-1.878019e-2
9.462332e+1	-1.847515e-2
9.454937e+1	-1.863916e-2
9.456580e+1	-1.876461e-2
9.448036e+1	-1.880065e-2
9.449392e+1	-1.857930e-2
9.441233e+1	-1.883065e-2
9.442988e+1	-1.887235e-2
9.435077e+1	-1.893181e-2
9.436337e+1	-1.889047e-2
9.427343e+1	-1.891303e-2
9.429926e+1	-1.897816e-2
9.421757e+1	-1.901101e-2
9.424469e+1	-1.890062e-2
9.415980e+1	-1.868621e-2
9.417718e+1	-1.893062e-2
9.408995e+1	-1.949151e-2
9.411429e+1	-1.904905e-2
9.403041e+1	-1.893507e-2
9.406219e+1	-1.894699e-2
9.397361e+1	-1.899574e-2
9.399989e+1	-1.878787e-2
9.391112e+1	-1.895814e-2
9.393653e+1	-1.926494e-2
9.384688e+1	-1.905071e-2
9.387706e+1	-1.909551e-2
9.378060e+1	-1.917608e-2
9.380423e+1	-1.917097e-2
9.370091e+1	-1.900860e-2
9.373768e+1	-1.911802e-2
9.364864e+1	-1.903972e-2
9.367647e+1	-1.917975e-2
9.357187e+1	-1.940692e-2
9.361927e+1	-1.924026e-2
9.352246e+1	-1.920349e-2
9.356333e+1	-1.916681e-2
9.347474e+1	-1.928033e-2
9.349959e+1	-1.922784e-2
9.340986e+1	-1.934819e-2
9.345231e+1	-1.931780e-2
9.335791e+1	-1.926997e-2
9.339523e+1	-1.890645e-2
9.330211e+1	-1.928791e-2
9.333169e+1	-1.934435e-2
9.323658e+1	-1.929937e-2
9.327576e+1	-1.903909e-2
9.318493e+1	-1.900149e-2
9.321409e+1	-1.927313e-2
9.311242e+1	-1.951032e-2
9.314730e+1	-1.932188e-2
9.305267e+1	-1.920137e-2
9.309918e+1	-1.947162e-2
9.300122e+1	-1.942807e-2
9.302233e+1	-1.964242e-2
9.293056e+1	-1.918673e-2
9.296546e+1	-1.924434e-2
9.287004e+1	-1.934624e-2
9.289645e+1	-1.949236e-2
9.281340e+1	-1.945292e-2
9.283726e+1	-1.939844e-2
9.274407e+1	-1.956791e-2
9.278052e+1	-1.950222e-2
9.269398e+1	-1.973268e-2
9.271651e+1	-1.970984e-2
9.261700e+1	-1.955392e-2
9.264760e+1	-1.962737e-2
9.256350e+1	-1.970511e-2
9.260200e+1	-1.968416e-2
9.251849e+1	-1.971110e-2
9.254039e+1	-1.976999e-2
9.245560e+1	-1.965021e-2
9.249160e+1	-1.969036e-2
9.240899e+1	-1.974939e-2
9.243809e+1	-1.988312e-2
9.234149e+1	-1.982693e-2
9.236877e+1	-1.987198e-2
9.228183e+1	-1.967758e-2
9.230487e+1	-2.009414e-2
9.223144e+1	-2.007173e-2
9.225407e+1	-1.993951e-2
9.216554e+1	-2.009784e-2
9.220466e+1	-2.009958e-2
9.211989e+1	-1.993856e-2
9.213629e+1	-1.984001e-2
9.205084e+1	-1.980515e-2
9.208795e+1	-1.991715e-2
9.200294e+1	-1.988589e-2
9.203222e+1	-1.998987e-2
9.195872e+1	-2.014875e-2
9.197788e+1	-1.996657e-2
9.189944e+1	-1.972116e-2
9.192422e+1	-1.991454e-2
9.184898e+1	-1.994118e-2
9.186374e+1	-1.980382e-2
9.177710e+1	-1.991538e-2
9.181746e+1	-2.014959e-2
9.173527e+1	-2.025201e-2
9.175262e+1	-1.995016e-2
9.168822e+1	-2.008399e-2
9.168880e+1	-2.010721e-2
9.162102e+1	-2.002197e-2
9.165714e+1	-2.014869e-2
9.157788e+1	-2.000968e-2
9.158582e+1	-2.006935e-2
9.150782e+1	-2.010825e-2
9.154113e+1	-1.999029e-2
9.146642e+1	-2.007681e-2
9.148577e+1	-2.003540e-2
9.141753e+1	-2.020380e-2
9.142317e+1	-2.031313e-2
9.135432e+1	-2.022003e-2
9.137425e+1	-2.009626e-2
9.131279e+1	-2.036254e-2
9.131950e+1	-2.011955e-2
9.125305e+1	-2.026493e-2
9.127530e+1	-2.053437e-2
9.121267e+1	-2.054912e-2
9.120951e+1	-2.006274e-2
9.115389e+1	-2.028489e-2
9.116426e+1	-2.024091e-2
9.110342e+1	-2.022985e-2
9.112120e+1	-2.033127e-2
9.105289e+1	-2.028592e-2
9.104047e+1	-2.027796e-2
9.098979e+1	-2.046949e-2
9.100390e+1	-2.058640e-2
9.094942e+1	-2.044097e-2
9.094381e+1	-2.023551e-2
9.090293e+1	-2.022271e-2
9.090591e+1	-2.035921e-2
9.084848e+1	-2.065353e-2
9.084872e+1	-2.047034e-2
9.079414e+1	-2.043067e-2
9.078538e+1	-2.062608e-2
9.075367e+1	-2.080900e-2
9.075054e+1	-2.037970e-2
9.069426e+1	-2.042002e-2
9.067317e+1	-2.051261e-2
9.064209e+1	-2.049774e-2
9.063310e+1	-2.064232e-2
9.060782e+1	-2.058280e-2
9.060161e+1	-2.061402e-2
9.051217e+1	-2.050677e-2
9.050571e+1	-2.074343e-2
9.045868e+1	-2.058078e-2
9.043581e+1	-2.065964e-2
9.041997e+1	-2.068836e-2
9.039926e+1	-2.087413e-2
9.038135e+1	-2.052255e-2
9.034449e+1	-2.090964e-2
9.031114e+1	-2.071973e-2
9.028627e+1	-2.074935e-2
9.027348e+1	-2.088440e-2
9.025514e+1	-2.074238e-2
9.021998e+1	-2.109323e-2
9.018422e+1	-2.075792e-2
9.016905e+1	-2.083489e-2
9.014446e+1	-2.069921e-2
9.014049e+1	-2.059150e-2
9.011102e+1	-2.064427e-2
9.007896e+1	-2.061382e-2
9.005695e+1	-2.068696e-2
9.004346e+1	-2.100924e-2
9.001256e+1	-2.094912e-2
8.998448e+1	-2.085219e-2
8.994991e+1	-2.126699e-2
8.994601e+1	-2.077169e-2
8.991259e+1	-2.101691e-2
8.989494e+1	-2.081117e-2
8.985683e+1	-2.115480e-2
8.984512e+1	-2.114512e-2
8.980465e+1	-2.078506e-2
8.981287e+1	-2.092466e-2
8.977382e+1	-2.082058e-2
8.976128e+1	-2.097081e-2
8.970186e+1	-2.078595e-2
8.970858e+1	-2.095487e-2
8.966226e+1	-2.077348e-2
8.965624e+1	-2.087612e-2
8.962049e+1	-2.102929e-2
8.963280e+1	-2.078329e-2
8.957106e+1	-2.104477e-2
8.958245e+1	-2.103910e-2
8.953723e+1	-2.122067e-2
8.953329e+1	-2.139166e-2
8.947701e+1	-2.100853e-2
8.949707e+1	-2.126269e-2
8.944957e+1	-2.107690e-2
8.945509e+1	-2.120506e-2
8.939203e+1	-2.096640e-2
8.940800e+1	-2.145978e-2
8.934674e+1	-2.124506e-2
8.937866e+1	-2.126495e-2
8.931219e+1	-2.103137e-2
8.930407e+1	-2.103735e-2
8.924565e+1	-2.096090e-2
8.926592e+1	-2.126999e-2
8.921180e+1	-2.086940e-2
8.923069e+1	-2.099924e-2
8.916236e+1	-2.114293e-2
8.918623e+1	-2.121998e-2
8.912148e+1	-2.117580e-2
8.915614e+1	-2.113836e-2
8.908522e+1	-2.128790e-2
8.909793e+1	-2.137934e-2
8.902605e+1	-2.121499e-2
8.906478e+1	-2.149541e-2
8.899013e+1	-2.121806e-2
8.902811e+1	-2.113327e-2
8.895141e+1	-2.129163e-2
8.898126e+1	-2.148320e-2
8.890820e+1	-2.152274e-2
8.894917e+1	-2.125666e-2
8.887410e+1	-2.120427e-2
8.889904e+1	-2.153816e-2
8.881670e+1	-2.135549e-2
8.885949e+1	-2.146792e-2
8.877381e+1	-2.121750e-2
8.881855e+1	-2.150874e-2
8.874785e+1	-2.134625e-2
8.877869e+1	-2.129723e-2
8.868720e+1	-2.138146e-2
8.873051e+1	-2.144640e-2
8.865517e+1	-2.145266e-2
8.869419e+1	-2.162229e-2
8.860985e+1	-2.154234e-2
8.865219e+1	-2.163145e-2
8.856754e+1	-2.168050e-2
8.861235e+1	-2.141646e-2
8.853241e+1	-2.147590e-2
8.857313e+1	-2.165183e-2
8.847627e+1	-2.170993e-2
8.853403e+1	-2.142422e-2
8.844341e+1	-2.176211e-2
8.849306e+1	-2.158786e-2
8.840923e+1	-2.155167e-2
8.845222e+1	-2.179624e-2
8.835935e+1	-2.172360e-2
8.840717e+1	-2.152037e-2
8.832419e+1	-2.135846e-2
8.836433e+1	-2.178339e-2
8.827757e+1	-2.149041e-2
8.832427e+1	-2.171024e-2
8.823285e+1	-2.190889e-2
8.829061e+1	-2.171783e-2
8.820331e+1	-2.163374e-2
8.824444e+1	-2.195804e-2
8.815571e+1	-2.161741e-2
8.820214e+1	-2.185761e-2
8.811805e+1	-2.186060e-2
8.816013e+1	-2.184995e-2
8.808505e+1	-2.187975e-2
8.812804e+1	-2.178400e-2
8.803887e+1	-2.191924e-2
8.809463e+1	-2.186246e-2
8.801037e+1	-2.186606e-2
8.804818e+1	-2.159602e-2
8.795418e+1	-2.181867e-2
8.800339e+1	-2.173577e-2
8.792081e+1	-2.163977e-2
8.796844e+1	-2.164014e-2
8.788876e+1	-2.168965e-2
8.792444e+1	-2.180903e-2
8.784178e+1	-2.191723e-2
8.788989e+1	-2.167167e-2
8.781460e+1	-2.180628e-2
8.785197e+1	-2.196186e-2
8.775911e+1	-2.184569e-2
8.780109e+1	-2.196084e-2
8.772297e+1	-2.208517e-2
8.777285e+1	-2.196134e-2
8.769476e+1	-2.213543e-2
8.772272e+1	-2.178960e-2
8.764780e+1	-2.196103e-2
8.769341e+1	-2.209638e-2
8.761982e+1	-2.197640e-2
8.765703e+1	-2.207937e-2
8.757969e+1	-2.181155e-2
8.761302e+1	-2.227461e-2
8.753834e+1	-2.215447e-2
8.759061e+1	-2.215253e-2
8.750882e+1	-2.219948e-2
8.754333e+1	-2.224589e-2
8.745732e+1	-2.180514e-2
8.751001e+1	-2.200482e-2
8.742367e+1	-2.178492e-2
8.746497e+1	-2.208860e-2
8.739575e+1	-2.213169e-2
8.742155e+1	-2.206549e-2
8.735038e+1	-2.206948e-2
8.740030e+1	-2.200428e-2
8.732409e+1	-2.192419e-2
8.735166e+1	-2.200601e-2
8.727296e+1	-2.210022e-2
8.731854e+1	-2.207757e-2
8.724453e+1	-2.194903e-2
8.728791e+1	-2.220918e-2
8.721714e+1	-2.250596e-2
8.724093e+1	-2.218786e-2
8.716570e+1	-2.236133e-2
8.720865e+1	-2.210927e-2
8.713262e+1	-2.191549e-2
8.716801e+1	-2.233848e-2
8.710543e+1	-2.220156e-2
8.712193e+1	-2.245379e-2
8.706309e+1	-2.226696e-2
8.710918e+1	-2.226630e-2
8.703896e+1	-2.229223e-2
8.705027e+1	-2.199371e-2
8.698139e+1	-2.226430e-2
8.701809e+1	-2.189793e-2
8.695990e+1	-2.250858e-2
8.698255e+1	-2.220420e-2
8.693021e+1	-2.233821e-2
8.693232e+1	-2.256388e-2
8.689661e+1	-2.226370e-2
8.692418e+1	-2.242233e-2
8.685894e+1	-2.243433e-2
8.687853e+1	-2.250769e-2
8.682167e+1	-2.239581e-2
8.685424e+1	-2.225556e-2
8.679128e+1	-2.236029e-2
8.681293e+1	-2.220972e-2
8.676520e+1	-2.247237e-2
8.677445e+1	-2.240102e-2
8.672770e+1	-2.216986e-2
8.676072e+1	-2.219640e-2
8.670470e+1	-2.221404e-2
8.670398e+1	-2.245573e-2
8.666309e+1	-2.251161e-2
8.667415e+1	-2.275638e-2
8.664022e+1	-2.244482e-2
8.665119e+1	-2.252305e-2
8.661092e+1	-2.227711e-2
8.656318e+1	-2.252379e-2
8.658913e+1	-2.251963e-2
8.653728e+1	-2.247103e-2
8.654989e+1	-2.262560e-2
8.650961e+1	-2.272813e-2
8.649924e+1	-2.260989e-2
8.647383e+1	-2.264193e-2
8.648912e+1	-2.274585e-2
8.643697e+1	-2.263403e-2
8.643651e+1	-2.256968e-2
8.640313e+1	-2.264799e-2
8.640530e+1	-2.263386e-2
8.639563e+1	-2.290460e-2
8.638857e+1	-2.266150e-2
8.634738e+1	-2.246365e-2
8.633173e+1	-2.239333e-2
8.631825e+1	-2.263776e-2
8.632236e+1	-2.272093e-2
8.628583e+1	-2.285533e-2
8.626203e+1	-2.278929e-2
8.624969e+1	-2.264146e-2
8.623302e+1	-2.259638e-2
8.623685e+1	-2.265160e-2
8.621650e+1	-2.244327e-2
8.618702e+1	-2.276680e-2
8.616687e+1	-2.272410e-2
8.615549e+1	-2.262074e-2
8.614478e+1	-2.276379e-2
8.613818e+1	-2.285374e-2
8.611773e+1	-2.286586e-2
8.609592e+1	-2.265627e-2
8.607018e+1	-2.280458e-2
8.608142e+1	-2.259082e-2
8.606051e+1	-2.290282e-2
8.604737e+1	-2.261066e-2
8.600418e+1	-2.269269e-2
8.601615e+1	-2.290626e-2
8.598865e+1	-2.281922e-2
8.599065e+1	-2.266441e-2
8.597016e+1	-2.268231e-2
8.596174e+1	-2.260032e-2
8.591703e+1	-2.298046e-2
8.593016e+1	-2.327467e-2
8.590402e+1	-2.274240e-2
8.590796e+1	-2.302426e-2
8.587076e+1	-2.315615e-2
8.587556e+1	-2.289397e-2
8.582747e+1	-2.318175e-2
8.586110e+1	-2.252061e-2
8.581254e+1	-2.279311e-2
8.580138e+1	-2.258299e-2
8.575404e+1	-2.283283e-2
8.579216e+1	-2.293485e-2
8.574008e+1	-2.309210e-2
8.576426e+1	-2.294971e-2
8.572311e+1	-2.305328e-2
8.574259e+1	-2.299341e-2
8.568105e+1	-2.296523e-2
8.569976e+1	-2.286612e-2
8.566225e+1	-2.304327e-2
8.567064e+1	-2.293514e-2
8.561593e+1	-2.293160e-2
8.564272e+1	-2.293976e-2
8.559173e+1	-2.282004e-2
8.563305e+1	-2.263477e-2
8.557028e+1	-2.287576e-2
8.558011e+1	-2.289777e-2
8.552545e+1	-2.278965e-2
8.557027e+1	-2.301614e-2
8.550446e+1	-2.298028e-2
8.554503e+1	-2.319562e-2
8.547839e+1	-2.309457e-2
8.551288e+1	-2.291616e-2
8.544845e+1	-2.318949e-2
8.548632e+1	-2.331346e-2
8.543170e+1	-2.281817e-2
8.545942e+1	-2.301677e-2
8.538254e+1	-2.296187e-2
8.543334e+1	-2.304949e-2
8.536493e+1	-2.299424e-2
8.541539e+1	-2.320196e-2
8.534518e+1	-2.283310e-2
8.538050e+1	-2.336214e-2
8.529742e+1	-2.316208e-2
8.535163e+1	-2.319025e-2
8.527701e+1	-2.344464e-2
8.531341e+1	-2.309744e-2
8.525397e+1	-2.301667e-2
8.529065e+1	-2.303798e-2
8.521211e+1	-2.321064e-2
8.527034e+1	-2.290162e-2
8.520120e+1	-2.295531e-2
8.524471e+1	-2.283792e-2
8.515750e+1	-2.321616e-2
8.521677e+1	-2.318363e-2
8.513959e+1	-2.307529e-2
8.519901e+1	-2.327396e-2
8.511875e+1	-2.300993e-2
8.516923e+1	-2.318397e-2
8.508755e+1	-2.297411e-2
8.514473e+1	-2.314370e-2
8.506536e+1	-2.332190e-2
8.503660e+1	-2.310929e-2
8.509207e+1	-2.285349e-2
8.500600e+1	-2.328983e-2
8.507620e+1	-2.306256e-2
8.499215e+1	-2.305358e-2
8.504360e+1	-2.295153e-2
8.495730e+1	-2.301761e-2
8.501517e+1	-2.302483e-2
8.493678e+1	-2.306877e-2
8.499614e+1	-2.314287e-2
8.491524e+1	-2.307416e-2
8.496524e+1	-2.289314e-2
8.488281e+1	-2.305296e-2
8.494452e+1	-2.316211e-2
8.486474e+1	-2.331598e-2
8.491195e+1	-2.320507e-2
8.482467e+1	-2.324668e-2
8.488677e+1	-2.307028e-2
8.479680e+1	-2.285562e-2
8.485072e+1	-2.318813e-2
8.477661e+1	-2.313902e-2
8.482848e+1	-2.331388e-2
8.474426e+1	-2.320404e-2
8.480889e+1	-2.350884e-2
8.473235e+1	-2.346155e-2
8.478162e+1	-2.338432e-2
8.470429e+1	-2.327533e-2
8.475284e+1	-2.373187e-2
8.467590e+1	-2.344038e-2
8.474871e+1	-2.351781e-2
8.466370e+1	-2.354380e-2
8.469795e+1	-2.348169e-2
8.462157e+1	-2.351532e-2
8.467827e+1	-2.358246e-2
8.460041e+1	-2.354422e-2
8.465809e+1	-2.379917e-2
8.458658e+1	-2.365425e-2
8.462339e+1	-2.350254e-2
8.455271e+1	-2.336569e-2
8.460675e+1	-2.347643e-2
8.453750e+1	-2.324023e-2
8.458040e+1	-2.351178e-2
8.450759e+1	-2.367201e-2
8.455079e+1	-2.350800e-2
8.448432e+1	-2.329594e-2
8.454640e+1	-2.350842e-2
8.447243e+1	-2.344298e-2
8.451362e+1	-2.349802e-2
8.443673e+1	-2.353767e-2
8.449658e+1	-2.344971e-2
8.441467e+1	-2.336159e-2
8.446421e+1	-2.368506e-2
8.439952e+1	-2.337563e-2
8.443622e+1	-2.347444e-2
8.436587e+1	-2.351462e-2
8.442052e+1	-2.347009e-2
8.434951e+1	-2.367313e-2
8.438394e+1	-2.350184e-2
8.431022e+1	-2.352065e-2
8.436233e+1	-2.352176e-2
8.429298e+1	-2.350519e-2
8.434352e+1	-2.327372e-2
8.428475e+1	-2.354623e-2
8.430788e+1	-2.348431e-2
8.424962e+1	-2.345957e-2
8.430331e+1	-2.369990e-2
8.423039e+1	-2.371781e-2
8.427110e+1	-2.345501e-2
8.421206e+1	-2.353574e-2
8.424318e+1	-2.347798e-2
8.418217e+1	-2.360669e-2
8.423744e+1	-2.358574e-2
8.417174e+1	-2.344216e-2
8.419456e+1	-2.345593e-2
8.413125e+1	-2.354382e-2
8.417759e+1	-2.379303e-2
8.412518e+1	-2.353519e-2
8.415265e+1	-2.344995e-2
8.410476e+1	-2.341264e-2
8.413044e+1	-2.360819e-2
8.411164e+1	-2.366662e-2
8.405823e+1	-2.367818e-2
8.408135e+1	-2.359188e-2
8.403368e+1	-2.376288e-2
8.406654e+1	-2.368369e-2
8.401069e+1	-2.349160e-2
8.405101e+1	-2.346770e-2
8.399219e+1	-2.356565e-2
8.400746e+1	-2.364378e-2
8.396495e+1	-2.350793e-2
8.400771e+1	-2.389226e-2
8.395587e+1	-2.347659e-2
8.395955e+1	-2.361565e-2
8.392333e+1	-2.387133e-2
8.393829e+1	-2.371659e-2
8.391135e+1	-2.362156e-2
8.392968e+1	-2.390605e-2
8.389554e+1	-2.381513e-2
8.388604e+1	-2.364062e-2
8.385961e+1	-2.386307e-2
8.388970e+1	-2.371223e-2
8.386418e+1	-2.393414e-2
8.385391e+1	-2.372459e-2
8.382693e+1	-2.384465e-2
8.383340e+1	-2.372167e-2
8.382305e+1	-2.372184e-2
8.383029e+1	-2.401278e-2
8.380115e+1	-2.395386e-2
8.378423e+1	-2.382986e-2
8.377132e+1	-2.366734e-2
8.378520e+1	-2.389999e-2
8.375664e+1	-2.389365e-2
8.375631e+1	-2.373665e-2
8.373736e+1	-2.413839e-2
8.372241e+1	-2.389884e-2
8.371146e+1	-2.383520e-2
8.372352e+1	-2.403150e-2
8.369284e+1	-2.392223e-2
8.367609e+1	-2.381581e-2
8.367086e+1	-2.375671e-2
8.366091e+1	-2.375016e-2
8.366893e+1	-2.424814e-2
8.365533e+1	-2.393867e-2
8.363240e+1	-2.386093e-2
8.360960e+1	-2.381755e-2
8.362418e+1	-2.389551e-2
8.361581e+1	-2.390179e-2
8.360401e+1	-2.389710e-2
8.359513e+1	-2.421437e-2
8.357756e+1	-2.379863e-2
8.356170e+1	-2.395562e-2
8.357640e+1	-2.399491e-2
8.356068e+1	-2.390179e-2
8.355211e+1	-2.424058e-2
8.351285e+1	-2.379834e-2
8.352667e+1	-2.381363e-2
8.350532e+1	-2.398059e-2
8.351062e+1	-2.401219e-2
8.349683e+1	-2.420822e-2
8.349418e+1	-2.398254e-2
8.345363e+1	-2.409109e-2
8.347018e+1	-2.415354e-2
8.345153e+1	-2.417604e-2
8.344846e+1	-2.425810e-2
8.342635e+1	-2.413701e-2
8.343428e+1	-2.423613e-2
8.340227e+1	-2.427993e-2
8.343045e+1	-2.431539e-2
8.339964e+1	-2.422907e-2
8.339299e+1	-2.420750e-2
8.335877e+1	-2.418602e-2
8.339125e+1	-2.413632e-2
8.335393e+1	-2.410744e-2
8.338083e+1	-2.415991e-2
8.334155e+1	-2.425531e-2
8.336417e+1	-2.427449e-2
8.330954e+1	-2.417815e-2
8.335475e+1	-2.415124e-2
8.330598e+1	-2.419921e-2
8.330843e+1	-2.408025e-2
8.326773e+1	-2.401926e-2
8.331264e+1	-2.430299e-2
8.325356e+1	-2.419597e-2
8.329580e+1	-2.425408e-2
8.324983e+1	-2.430564e-2
8.326230e+1	-2.403202e-2
8.321097e+1	-2.354816e-2
8.326040e+1	-2.366656e-2
8.319798e+1	-2.387023e-2
8.324604e+1	-2.390872e-2
8.322240e+1	-2.387629e-2
8.316638e+1	-2.411775e-2
8.321567e+1	-2.394194e-2
8.314964e+1	-2.395499e-2
8.318120e+1	-2.396408e-2
8.311703e+1	-2.385786e-2
8.317625e+1	-2.401490e-2
8.310626e+1	-2.385177e-2
8.316344e+1	-2.401338e-2
8.309296e+1	-2.394229e-2
8.313805e+1	-2.392610e-2
8.306985e+1	-2.383042e-2
8.312785e+1	-2.411171e-2
8.306138e+1	-2.390465e-2
8.309901e+1	-2.392255e-2
8.302863e+1	-2.358338e-2
8.308722e+1	-2.399623e-2
8.301370e+1	-2.384146e-2
8.307387e+1	-2.376326e-2
8.301493e+1	-2.392620e-2
8.305925e+1	-2.384209e-2
8.298176e+1	-2.410737e-2
8.304484e+1	-2.364472e-2
8.297118e+1	-2.423784e-2
8.302478e+1	-2.383626e-2
8.295370e+1	-2.379436e-2
8.301143e+1	-2.405675e-2
8.293324e+1	-2.396612e-2
8.299552e+1	-2.371607e-2
8.292315e+1	-2.431088e-2
8.297840e+1	-2.388708e-2
8.288686e+1	-2.402794e-2
8.296103e+1	-2.398496e-2
8.287963e+1	-2.429402e-2
8.294586e+1	-2.390817e-2
8.287338e+1	-2.365499e-2
8.292238e+1	-2.370914e-2
8.284560e+1	-2.412824e-2
8.291199e+1	-2.419688e-2
8.283546e+1	-2.415362e-2
8.289657e+1	-2.386033e-2
8.281755e+1	-2.397678e-2
8.287489e+1	-2.390286e-2
8.279153e+1	-2.371826e-2
8.286569e+1	-2.401710e-2
8.278503e+1	-2.415176e-2
8.283887e+1	-2.412320e-2
8.275543e+1	-2.397676e-2
8.281641e+1	-2.401211e-2
8.274128e+1	-2.424306e-2
8.280938e+1	-2.400989e-2
8.273685e+1	-2.399045e-2
8.279103e+1	-2.427398e-2
8.271389e+1	-2.399935e-2
8.278018e+1	-2.430337e-2
8.271289e+1	-2.413458e-2
8.276197e+1	-2.402758e-2
8.267617e+1	-2.406658e-2
8.273970e+1	-2.384814e-2
8.266572e+1	-2.391288e-2
8.272532e+1	-2.376176e-2
8.265885e+1	-2.366992e-2
8.270858e+1	-2.405630e-2
8.263176e+1	-2.389203e-2
8.269908e+1	-2.398682e-2
8.262321e+1	-2.396563e-2
8.267890e+1	-2.420871e-2
8.260925e+1	-2.415279e-2
8.266421e+1	-2.416402e-2
8.259215e+1	-2.411381e-2
8.266397e+1	-2.412441e-2
8.258688e+1	-2.403203e-2
8.263259e+1	-2.410353e-2
8.255743e+1	-2.427138e-2
8.261909e+1	-2.399332e-2
8.254568e+1	-2.410332e-2
8.259862e+1	-2.434475e-2
8.253916e+1	-2.420218e-2
8.257790e+1	-2.401101e-2
8.251656e+1	-2.413993e-2
8.257897e+1	-2.438725e-2
8.250949e+1	-2.420732e-2
8.255385e+1	-2.378785e-2
8.248305e+1	-2.418297e-2
8.253303e+1	-2.416554e-2
8.247019e+1	-2.397500e-2
8.253571e+1	-2.422993e-2
8.246606e+1	-2.401943e-2
8.250294e+1	-2.429927e-2
8.243188e+1	-2.426950e-2
8.249603e+1	-2.392521e-2
8.242414e+1	-2.421346e-2
8.247553e+1	-2.446065e-2
8.241888e+1	-2.404486e-2
8.245803e+1	-2.392850e-2
8.239671e+1	-2.421016e-2
8.245759e+1	-2.425771e-2
8.239136e+1	-2.416962e-2
8.242889e+1	-2.443266e-2
8.237082e+1	-2.432932e-2
8.241614e+1	-2.439701e-2
8.235821e+1	-2.440468e-2
8.241064e+1	-2.426943e-2
8.235317e+1	-2.405958e-2
8.237723e+1	-2.412986e-2
8.232963e+1	-2.429084e-2
8.238278e+1	-2.413497e-2
8.232964e+1	-2.439608e-2
8.234633e+1	-2.434971e-2
8.231022e+1	-2.422066e-2
8.234204e+1	-2.445271e-2
8.228918e+1	-2.434398e-2
8.233923e+1	-2.429132e-2
8.228434e+1	-2.433969e-2
8.230827e+1	-2.454998e-2
8.225284e+1	-2.451837e-2
8.229644e+1	-2.440905e-2
8.226027e+1	-2.425040e-2
8.228370e+1	-2.430625e-2
8.224522e+1	-2.435852e-2
8.225373e+1	-2.431325e-2
8.223797e+1	-2.445638e-2
8.226248e+1	-2.446714e-2
8.221750e+1	-2.524015e-2
8.223500e+1	-2.999110e-2
8.220181e+1	-3.851578e-2
8.222048e+1	-4.425660e-2
8.219780e+1	-4.429208e-2
8.221796e+1	-5.218765e-2
8.218886e+1	-4.804118e-2
8.218326e+1	-3.215977e-2
8.215981e+1	-3.047764e-2
8.219335e+1	-2.132208e-2
8.215497e+1	-1.564640e-2
8.217749e+1	-1.490240e-2
8.214890e+1	-1.341769e-2
8.214778e+1	-1.343404e-2
8.213345e+1	-1.146194e-2
8.215612e+1	-1.106314e-2
8.211668e+1	-1.158338e-2
8.211594e+1	-7.972866e-3
8.209937e+1	-3.974070e-3
8.210524e+1	-2.245125e-3
8.210568e+1	-1.938604e-3
8.210595e+1	-2.124805e-3
8.207626e+1	-1.518651e-3
8.207900e+1	-1.862576e-4
8.206373e+1	9.690174e-5
8.207948e+1	3.474551e-5
8.207127e+1	-1.361341e-4
8.206266e+1	4.603651e-5
8.204670e+1	-7.002526e-5
8.203980e+1	-3.265758e-4
8.205256e+1	-1.492339e-3
8.204378e+1	-1.861317e-3
8.202524e+1	-2.079185e-3
8.200326e+1	-6.399004e-4
8.201040e+1	-2.942145e-5
8.200303e+1	-5.291295e-5
8.200411e+1	1.183510e-4
8.199323e+1	-2.370919e-4
8.199434e+1	1.658222e-4
8.197174e+1	4.236772e-4
8.197714e+1	-1.558126e-4
8.198162e+1	7.939240e-5
8.196632e+1	1.861478e-4
8.195183e+1	4.008899e-5
8.195643e+1	7.989411e-5
8.193867e+1	-1.177818e-4
8.195862e+1	-2.040239e-4
8.194168e+1	3.073681e-4
8.192851e+1	8.608042e-5
8.190366e+1	2.200330e-5
8.193330e+1	-3.453956e-5
8.191308e+1	8.232592e-5
8.192783e+1	8.096283e-5
8.189929e+1	2.462992e-4
8.191428e+1	1.332356e-5
8.187840e+1	1.833912e-4
8.191796e+1	-2.311067e-4
8.188191e+1	1.619094e-4
8.188063e+1	-1.023478e-4
8.184949e+1	-1.940951e-5
8.188640e+1	-7.461564e-5
8.185288e+1	-9.404813e-5
8.188052e+1	1.350599e-4
8.184047e+1	1.136778e-5
8.186667e+1	2.912040e-4
8.181489e+1	1.119862e-4
8.186482e+1	-1.051513e-4
8.182151e+1	7.991658e-5
8.183013e+1	-5.018842e-5
8.179370e+1	1.438412e-4
8.183158e+1	5.209640e-4
8.178371e+1	-1.705787e-4
8.183677e+1	-1.892334e-4
8.178873e+1	-9.981677e-6
8.182527e+1	-3.367502e-4
8.176104e+1	1.251611e-4
8.180883e+1	-1.124242e-4
8.175626e+1	9.383105e-5
8.180213e+1	-8.383146e-5
8.174291e+1	6.868053e-5
8.178623e+1	-5.721743e-5
8.172782e+1	2.537260e-5
8.178378e+1	-2.123004e-5
8.172523e+1	9.355963e-5
8.175344e+1	-2.667876e-4
8.169350e+1	-1.177369e-4
8.175488e+1	-2.255392e-4
8.168921e+1	-1.922326e-4
8.173490e+1	-3.210558e-4
8.168465e+1	-2.203207e-4
8.173364e+1	-4.274951e-4
8.167034e+1	3.851890e-5
8.172318e+1	-9.526480e-5
8.166701e+1	-7.046076e-5
8.171894e+1	-2.675604e-4
8.164543e+1	-2.819454e-4
8.170364e+1	-1.261503e-4
8.163712e+1	-1.494900e-5
8.169960e+1	-1.494331e-4
8.163884e+1	-1.337153e-4
8.168746e+1	-2.890078e-4
8.161261e+1	-9.015899e-5
8.167534e+1	-1.328159e-4
8.160586e+1	-2.388167e-4
8.166890e+1	1.715416e-4
8.159928e+1	5.761940e-5
8.165540e+1	-2.793818e-4
8.158073e+1	-1.417526e-4
8.164544e+1	6.571325e-5
8.157449e+1	-1.417341e-4
8.163376e+1	-1.580345e-4
8.156050e+1	-3.589419e-4
8.162482e+1	-2.228221e-4
8.154797e+1	-6.500957e-5
8.161599e+1	-1.473664e-4
8.154542e+1	-1.597827e-4
8.160475e+1	1.794772e-5
8.152302e+1	2.909681e-5
8.159634e+1	-1.148846e-4
8.151547e+1	-2.534451e-4
8.158077e+1	-9.493289e-5
8.151217e+1	2.128826e-4
8.157569e+1	-1.551798e-4
8.149427e+1	-1.545922e-4
8.156354e+1	-1.200088e-4
8.149474e+1	-4.314597e-4
8.155159e+1	-2.989356e-5
8.148192e+1	1.060079e-5
8.154160e+1	-3.567678e-4
8.146671e+1	-2.082172e-4
8.154436e+1	-8.322920e-5
8.146807e+1	-2.210692e-4
8.151795e+1	-4.471362e-5
8.144470e+1	4.339316e-5
8.151244e+1	-1.274119e-4
8.143622e+1	3.166427e-5
8.150229e+1	-1.348338e-5
8.143518e+1	-3.118034e-4
8.149096e+1	-1.460699e-4
8.141666e+1	-5.572084e-5
8.148397e+1	-3.082137e-4
8.141965e+1	-3.921355e-4
8.147021e+1	-1.285601e-4
8.139118e+1	-1.688266e-4
8.145122e+1	-8.335580e-5
8.138764e+1	-5.486543e-6
8.145659e+1	-1.417860e-4
8.139383e+1	9.816891e-6
8.143721e+1	-1.249059e-4
8.136900e+1	9.854862e-5
8.143093e+1	-3.276969e-4
8.136841e+1	4.721820e-5
8.141871e+1	-9.906180e-5
8.135000e+1	8.488985e-5
8.141137e+1	-2.503037e-4
8.134037e+1	-1.048102e-4
8.141220e+1	-1.533916e-4
8.134367e+1	-2.771178e-4
8.138728e+1	-1.992316e-4
8.131554e+1	-1.247450e-4
8.138039e+1	-2.930238e-4
8.131326e+1	-2.810914e-4
8.136775e+1	-7.815691e-5
8.131429e+1	-2.096983e-4
8.135508e+1	-3.893260e-4
8.129786e+1	-2.098615e-4
8.136058e+1	-2.454838e-4
8.129281e+1	-1.241142e-4
8.132924e+1	-4.167849e-5
8.127405e+1	-3.807839e-4
8.132726e+1	-1.489977e-4
8.126721e+1	-2.958150e-4
8.133303e+1	-4.123484e-4
8.126923e+1	-5.071617e-4
8.130774e+1	-2.823019e-4
8.124618e+1	-3.154739e-4
8.130326e+1	-2.685657e-4
8.124164e+1	-1.104755e-4
8.128866e+1	-4.177553e-4
8.124294e+1	-1.568241e-4
8.128502e+1	-3.728808e-4
8.123789e+1	-4.026902e-4
8.127865e+1	-2.843833e-4
8.122714e+1	-2.212555e-4
8.126252e+1	-2.509197e-4
8.121282e+1	-2.370717e-4
8.126159e+1	-4.526774e-4
8.120249e+1	-3.247225e-4
8.125886e+1	-5.732147e-4
8.120274e+1	-3.912183e-4
8.122594e+1	-2.172821e-4
8.118630e+1	-3.295894e-4
8.123768e+1	-1.295501e-4
8.119227e+1	-6.280836e-4
8.120379e+1	-4.080022e-4
8.117380e+1	-8.409195e-5
8.120278e+1	-3.896845e-4
8.115974e+1	-1.168961e-4
8.120902e+1	-3.385789e-4
8.115684e+1	-4.410229e-4
8.117804e+1	-2.146924e-4
8.113567e+1	-4.367308e-4
8.117131e+1	-6.016067e-4
8.114576e+1	-3.959724e-4
8.116993e+1	-3.106418e-4
8.113238e+1	-5.460051e-4
8.115188e+1	-3.570844e-4
8.111843e+1	-3.375090e-4
8.115562e+1	-3.753920e-4
8.112250e+1	-2.994196e-4
8.113024e+1	-3.102890e-4
8.110783e+1	-3.303152e-4
8.112531e+1	-3.329847e-4
8.110594e+1	-5.684552e-4
8.113173e+1	-4.079666e-4
8.109416e+1	-3.472196e-4
8.110659e+1	-4.694167e-4
8.108173e+1	-2.036129e-4
8.110444e+1	-4.209027e-4
8.108875e+1	-5.978625e-4
8.110579e+1	-4.557681e-4
8.107328e+1	-3.403577e-4
8.107243e+1	3.963875e-3
8.107393e+1	-3.243931e-4
8.109364e+1	-3.186027e-4
8.106604e+1	-5.891803e-4
8.105704e+1	-5.764472e-4
8.105708e+1	-5.089380e-4
8.106692e+1	-4.045185e-4
8.106715e+1	-2.072975e-4
8.106042e+1	-3.974696e-4
8.104250e+1	-5.125897e-4
8.103740e+1	-2.836167e-4
8.103347e+1	-5.496284e-4
8.104008e+1	-2.839605e-4
8.103816e+1	-3.162618e-4
8.103002e+1	-2.270284e-4
8.102081e+1	-3.522940e-4
8.101394e+1	-7.787438e-4
8.102288e+1	-4.997694e-4
8.102078e+1	-3.189680e-4
8.101488e+1	-2.442874e-4
8.098707e+1	-3.642480e-4
8.100465e+1	-3.413018e-4
8.099678e+1	-5.014709e-4
8.100388e+1	-4.192598e-4
8.099320e+1	-4.876713e-4
8.099776e+1	-5.646869e-4
8.097284e+1	-4.749965e-4
8.098600e+1	-4.079594e-4
8.098100e+1	-5.070831e-4
8.097887e+1	-5.294932e-4
8.096364e+1	-4.218154e-4
8.097661e+1	-3.791596e-4
8.095132e+1	-3.213932e-4
8.098173e+1	-4.901041e-4
8.096063e+1	-6.008938e-4
8.095007e+1	-4.221973e-4
8.092441e+1	-5.276491e-4
8.095825e+1	-4.826545e-4
8.093006e+1	-3.730967e-4
8.095780e+1	-2.686514e-4
8.093128e+1	-4.426486e-4
8.094241e+1	-1.665431e-4
8.091051e+1	-4.757329e-4
8.094200e+1	-3.355941e-4
8.091829e+1	-6.051431e-4
8.094285e+1	-3.805410e-4
8.089731e+1	-2.828777e-4
8.093388e+1	-4.082385e-4
8.089321e+1	-2.064335e-4
8.093014e+1	-5.707749e-4
8.089849e+1	-6.234839e-4
8.091963e+1	-5.457143e-4
8.086645e+1	-4.962992e-4
8.091516e+1	-6.645754e-4
8.087115e+1	-6.155740e-4
8.090710e+1	-5.519270e-4
8.087063e+1	-4.731369e-4
8.090241e+1	-5.911961e-4
8.085070e+1	-4.810976e-4
8.090250e+1	-3.768503e-4
8.086087e+1	-5.619679e-4
8.090133e+1	-4.689454e-4
8.082942e+1	-4.441733e-4
8.088890e+1	-5.215678e-4
8.083301e+1	-6.188859e-4
8.089096e+1	-3.350232e-4
8.083215e+1	-5.208396e-4
8.087690e+1	-4.824935e-4
8.080656e+1	-3.692843e-4
8.087516e+1	-3.371905e-4
8.081713e+1	-5.194861e-4
8.085472e+1	-4.550606e-4
8.079548e+1	-6.099632e-4
8.086184e+1	-2.895534e-4
8.079151e+1	-5.970641e-4
8.085704e+1	-4.011268e-4
8.079965e+1	-6.715333e-4
8.085122e+1	-4.758786e-4
8.077779e+1	-3.632051e-4
8.083897e+1	-4.928902e-4
8.077293e+1	-5.376104e-4
8.083685e+1	-6.345510e-4
8.077004e+1	-6.396220e-4
8.082659e+1	-4.478915e-4
8.075637e+1	-5.813048e-4
8.082309e+1	-7.201951e-4
8.076027e+1	6.013735e-4
8.081673e+1	1.553808e-3
8.074271e+1	1.556110e-3
8.081075e+1	1.561666e-3
8.073447e+1	2.125839e-3
8.081423e+1	3.579905e-3
8.073873e+1	4.005119e-3
8.079930e+1	-1.412635e-3
8.072111e+1	-1.359506e-2
8.078913e+1	-1.214954e-2
8.071995e+1	-8.291823e-3
8.078505e+1	-7.459615e-3
8.071428e+1	-7.122330e-3
8.077725e+1	-7.538216e-3
8.070240e+1	-6.909924e-3
8.077988e+1	-3.173095e-3
8.070456e+1	-2.625973e-3
8.076673e+1	1.205490e-3
8.068761e+1	1.854235e-3
8.075465e+1	1.690415e-3
8.068366e+1	1.195001e-3
8.075242e+1	-4.737755e-3
8.068721e+1	-3.711485e-3
8.075187e+1	-1.076294e-3
8.067357e+1	-3.499256e-4
8.074485e+1	-8.748198e-4
8.067665e+1	-6.850453e-4
8.073473e+1	-4.850727e-4
8.065399e+1	-2.672904e-4
8.072479e+1	-5.868538e-4
8.065180e+1	-4.516225e-4
8.073218e+1	-7.978428e-4
8.065834e+1	-5.910864e-4
8.071409e+1	1.502933e-3
8.064099e+1	1.766063e-3
8.070899e+1	3.822892e-4
8.063830e+1	-3.935838e-4
8.070096e+1	-7.196681e-4
8.063870e+1	-6.124598e-4
8.068954e+1	-4.016331e-4
8.062082e+1	-6.858482e-4
8.069872e+1	-6.374868e-4
8.062645e+1	-1.314349e-3
8.067594e+1	-8.902458e-4
8.060858e+1	-7.349106e-4
8.067699e+1	-6.012618e-4
8.060532e+1	-5.051989e-4
8.066546e+1	1.122266e-3
8.060887e+1	3.801028e-3
8.065288e+1	1.247478e-3
8.059242e+1	-2.024783e-3
8.066657e+1	-2.036722e-3
8.060044e+1	-9.885764e-4
8.063762e+1	-4.844809e-4
8.057775e+1	-8.489124e-4
8.063539e+1	-4.579693e-4
8.057393e+1	-8.176535e-4
8.064318e+1	-6.127041e-4
8.057706e+1	-9.701466e-4
8.061909e+1	-6.994992e-4
8.055902e+1	-7.544664e-4
8.061896e+1	-7.003874e-4
8.055696e+1	-3.744398e-4
8.060975e+1	-6.218237e-3
8.056064e+1	1.567207e-3
8.060212e+1	1.352531e-3
8.055079e+1	1.082439e-3
8.061859e+1	-5.804231e-4
8.055804e+1	-7.658118e-4
8.058669e+1	-8.016000e-4
8.052856e+1	-1.133560e-3
8.058906e+1	-8.814833e-4
8.053406e+1	3.839362e-4
8.057735e+1	-5.919502e-4
8.053180e+1	-4.854843e-4
8.057777e+1	1.439360e-3
8.052354e+1	1.198287e-3
8.057751e+1	1.248771e-3
8.052482e+1	1.436569e-3
8.056336e+1	1.976591e-4
8.051661e+1	-2.007248e-4
8.056536e+1	-9.149593e-5
8.050762e+1	-1.602009e-4
8.056728e+1	9.587268e-5
8.051392e+1	4.355953e-5
8.053467e+1	6.528452e-5
8.050004e+1	2.496763e-5
8.055280e+1	6.182842e-5
8.050563e+1	-2.132475e-5
8.053142e+1	-3.524088e-5
8.049716e+1	-2.697833e-5
8.052911e+1	-1.263292e-4
8.049684e+1	-2.315267e-4
8.053251e+1	4.180057e-5
8.049612e+1	-1.497931e-4
8.050370e+1	-2.727721e-5
8.047927e+1	6.202466e-5
8.052347e+1	8.481787e-5
8.047779e+1	5.425161e-5
8.049463e+1	-9.840050e-5
8.047471e+1	1.577882e-5
8.048622e+1	-1.245905e-6
8.046970e+1	-1.926630e-4
8.050614e+1	-3.201067e-5
8.046262e+1	-1.053325e-4
8.047768e+1	-9.783585e-5
8.045329e+1	1.043881e-4
8.047314e+1	-1.315875e-4
8.046994e+1	-1.424495e-4
8.048365e+1	-1.650033e-4
8.044903e+1	-3.040471e-4
8.045825e+1	-7.344960e-5
8.045196e+1	-3.476484e-5
8.047946e+1	-3.073962e-4
8.044670e+1	-2.323301e-4
8.044916e+1	-3.188570e-4
8.044285e+1	-1.445718e-4
8.044737e+1	-1.894854e-4
8.045359e+1	1.180833e-4
8.045788e+1	-3.754132e-4
8.043323e+1	-1.030538e-4
8.043633e+1	7.450075e-6
8.042570e+1	-5.781655e-5
8.044516e+1	-6.264800e-6
8.043759e+1	-1.727455e-4
8.043555e+1	-1.289179e-4
8.042138e+1	1.231795e-4
8.042377e+1	-1.328389e-4
8.042856e+1	1.775089e-4
8.043399e+1	-1.522219e-4
8.042238e+1	-2.947970e-4
8.040301e+1	-3.226669e-4
8.041273e+1	-2.791191e-5
8.041029e+1	-3.737869e-4
8.042785e+1	-6.402913e-5
8.041115e+1	-3.371621e-4
8.040242e+1	-3.633863e-4
8.039217e+1	-2.888349e-4
8.039960e+1	-2.331705e-4
8.040545e+1	-2.948229e-4
8.040454e+1	-3.219353e-4
8.038852e+1	-5.156237e-4
8.040084e+1	-2.844655e-4
8.037613e+1	6.566076e-5
8.041303e+1	-2.881510e-4
8.038924e+1	-1.499338e-4
8.038180e+1	-3.074208e-4
8.036606e+1	-2.419259e-4
8.040651e+1	-1.869263e-4
8.036477e+1	-1.566852e-4
8.039779e+1	-2.021612e-4
8.037258e+1	-1.571142e-4
8.038096e+1	-2.197697e-4
8.035511e+1	-2.252192e-4
8.038177e+1	-4.630655e-4
8.036532e+1	-4.951671e-4
8.037684e+1	-5.016577e-5
8.033746e+1	-1.111055e-4
8.037293e+1	-2.574368e-4
8.034236e+1	-1.334842e-4
8.039101e+1	-3.125987e-4
8.034748e+1	-3.983249e-4
8.036286e+1	-2.882692e-4
8.032383e+1	-5.042827e-4
8.037336e+1	-3.635221e-4
8.032787e+1	-1.519371e-4
8.034686e+1	-8.411248e-5
8.031723e+1	-1.335432e-4
8.036166e+1	-1.590115e-4
8.031543e+1	-2.318774e-4
8.035925e+1	-1.228113e-4
8.031504e+1	-2.891556e-5
8.034726e+1	-1.467343e-4
8.029791e+1	-1.614421e-4
8.034940e+1	2.315654e-5
8.029675e+1	8.081543e-5
8.034084e+1	3.394382e-5
8.030679e+1	-4.773161e-4
8.034404e+1	-7.768576e-6
8.028807e+1	-2.102499e-4
8.034320e+1	-2.398697e-4
8.029801e+1	-2.106497e-4
8.032735e+1	-3.124228e-4
8.027367e+1	-2.513737e-4
8.033628e+1	-1.511146e-6
8.027707e+1	-1.457682e-4
8.033573e+1	-2.855626e-4
8.028414e+1	-2.533692e-4
8.032666e+1	-4.606664e-4
8.025972e+1	-2.486172e-4
8.033117e+1	-5.348987e-4
8.026730e+1	-3.253105e-4
8.031858e+1	-4.088929e-4
8.025905e+1	-3.079109e-4
8.032200e+1	-3.908645e-4
8.025306e+1	-2.923681e-4
8.032018e+1	-4.372331e-5
8.026440e+1	-4.209498e-4
8.031816e+1	-2.359085e-4
8.024253e+1	-2.451422e-4
8.030923e+1	-1.346147e-4
8.024108e+1	-3.247926e-4
8.030954e+1	-5.805887e-4
8.024324e+1	-6.044944e-4
8.030275e+1	-1.073403e-4
8.023108e+1	-2.273117e-4
8.030303e+1	-5.696971e-4
8.023382e+1	-5.411280e-4
8.029283e+1	-1.647319e-4
8.022276e+1	-7.413421e-5
8.029142e+1	-1.630167e-4
8.021546e+1	-2.343312e-4
8.025479e+1	7.966712e-5
8.022084e+1	-3.822014e-4
8.023434e+1	-3.603355e-4
8.022766e+1	-3.327863e-4
8.025276e+1	-4.233678e-4
8.022554e+1	-2.644454e-4
8.022145e+1	-1.014861e-4
8.022147e+1	-4.595887e-4
8.022213e+1	-3.686477e-4
8.021434e+1	-2.565201e-4
8.023165e+1	-2.030327e-4
8.021287e+1	-4.496233e-4
8.020598e+1	-4.598971e-4
8.021167e+1	-7.375764e-4
8.022720e+1	-6.539477e-4
8.021283e+1	-8.243110e-4
8.020043e+1	-9.655237e-4
8.020728e+1	-6.971551e-4
8.019702e+1	-2.027883e-4
8.022138e+1	1.048638e-3
8.021078e+1	1.264600e-3
8.019635e+1	1.168707e-3
8.018660e+1	1.325759e-3
8.019354e+1	1.838080e-4
8.019176e+1	-4.748014e-4
8.020900e+1	-1.285732e-4
8.019745e+1	-3.712603e-4
8.019279e+1	-5.246712e-4
8.017606e+1	-3.667792e-4
8.020388e+1	-3.724221e-4
8.019235e+1	-3.691500e-4
8.020019e+1	-2.935113e-4
8.016270e+1	-4.176119e-4
8.019397e+1	-4.081191e-4
8.017319e+1	-3.239627e-4
8.019036e+1	-1.714253e-4
8.017704e+1	-3.361507e-4
8.018659e+1	-5.036242e-4
8.014856e+1	-1.369474e-4
8.018062e+1	-3.589715e-4
8.015857e+1	-3.829866e-4
8.018588e+1	1.473556e-4
8.016279e+1	1.825706e-4
8.018436e+1	-1.495122e-4
8.014775e+1	1.470819e-4
8.017394e+1	2.898117e-5
8.015357e+1	-1.555646e-4
8.017048e+1	5.154456e-5
8.013152e+1	-1.080060e-4
8.016956e+1	4.535571e-6
8.013472e+1	1.002222e-4
8.018821e+1	-1.031664e-3
8.014068e+1	-1.249589e-3
8.015838e+1	-1.036992e-3
8.011774e+1	-9.594616e-4
8.017022e+1	-1.207555e-3
8.012059e+1	-7.034477e-4
8.016781e+1	-1.327723e-4
8.011809e+1	5.063518e-4
8.016215e+1	5.797965e-4
8.011302e+1	-3.295239e-4
8.015965e+1	-3.720529e-4
8.011212e+1	-2.223613e-4
8.015292e+1	-3.567914e-4
8.009164e+1	-3.837624e-4
8.015236e+1	1.845934e-4
8.009973e+1	8.473480e-4
8.015831e+1	-4.661528e-4
8.010289e+1	-5.301831e-4
8.014813e+1	-7.122631e-4
8.008279e+1	-1.351877e-3
8.014948e+1	-1.100713e-3
8.009344e+1	-9.219675e-4
8.013258e+1	-9.388548e-4
8.009112e+1	-9.310246e-4
8.014051e+1	-1.095422e-3
8.007815e+1	-1.106955e-3
8.014681e+1	-9.084211e-4
8.008869e+1	-1.007401e-3
8.012965e+1	-1.202507e-3
8.005994e+1	-1.124651e-3
8.013010e+1	-1.512899e-3
8.006172e+1	-1.281387e-3
8.013203e+1	-1.327866e-3
8.006419e+1	-1.142375e-3
8.012306e+1	-1.208187e-3
8.005574e+1	-1.317561e-3
8.012039e+1	-1.257553e-3
8.005273e+1	-1.250102e-3
8.011855e+1	-3.110668e-3
8.005183e+1	-5.434072e-4
8.011412e+1	7.977491e-4
8.004387e+1	9.136339e-4
8.011240e+1	8.023235e-4
8.005201e+1	-3.283411e-3
8.010751e+1	-3.265194e-3
8.003223e+1	-2.945578e-3
8.010621e+1	1.588539e-3
8.003509e+1	1.996297e-3
8.010107e+1	1.881804e-3
8.004298e+1	1.791471e-3
8.009957e+1	1.676620e-3
8.002580e+1	1.087206e-3
8.009642e+1	8.933670e-4
8.002472e+1	6.078398e-5
8.009425e+1	-4.678250e-4
8.002922e+1	9.618032e-4
8.008315e+1	9.732757e-4
8.001682e+1	-3.659796e-4
8.008985e+1	-5.403327e-3
8.002844e+1	-5.699888e-3
8.008736e+1	-5.722805e-3
8.001039e+1	-5.693756e-3
8.007205e+1	-5.760622e-3
8.001315e+1	-5.557648e-3
8.007832e+1	-5.833594e-3
8.002009e+1	-5.535467e-3
8.007815e+1	-4.144567e-3
8.001108e+1	-3.448731e-3
8.008041e+1	-1.896047e-3
8.001084e+1	-2.705576e-3
8.007049e+1	-3.337421e-3
8.000117e+1	-3.328171e-3
8.006715e+1	-1.641438e-3
8.000168e+1	9.554456e-4
8.007664e+1	-2.091333e-4
8.000523e+1	-1.296827e-3
8.005729e+1	-1.646677e-3
7.999326e+1	-1.198289e-3
8.005626e+1	-4.466176e-4
7.998857e+1	8.077341e-4
8.005110e+1	-7.849695e-4
7.999280e+1	-1.432014e-3
8.004185e+1	-9.549504e-4
7.998234e+1	7.792129e-4
8.005850e+1	1.251762e-3
7.999049e+1	7.302512e-4
8.003692e+1	1.069195e-3
7.996942e+1	1.125683e-3
8.004065e+1	-2.553400e-3
7.997575e+1	-3.398070e-3
8.003135e+1	-3.056012e-3
7.998289e+1	-1.482011e-3
8.003046e+1	-1.402843e-3
7.996765e+1	-9.615020e-4
8.003439e+1	-4.858806e-4
7.997582e+1	7.488854e-4
8.002218e+1	-2.463032e-4
7.996885e+1	-4.812831e-4
8.001469e+1	-4.096901e-4
7.995952e+1	-4.129226e-4
8.003041e+1	-5.662801e-4
7.996936e+1	-4.667305e-4
8.000862e+1	-2.830893e-4
7.995553e+1	-4.532988e-4
8.001410e+1	-4.459042e-4
7.995566e+1	-4.207376e-4
8.000784e+1	-6.710700e-4
7.996181e+1	-5.322872e-4
8.000750e+1	-5.449619e-4
7.994911e+1	-2.678582e-4
8.000480e+1	-4.959367e-4
7.995408e+1	-4.211669e-4
7.999632e+1	-5.026804e-4
7.994429e+1	-7.335725e-4
7.999810e+1	-4.170917e-4
7.993966e+1	-4.412009e-4
7.999860e+1	-5.051408e-4
7.994649e+1	1.932539e-4
7.997972e+1	9.101941e-4
7.993241e+1	8.695084e-4
7.999373e+1	7.744733e-4
7.994134e+1	7.874323e-4
7.997298e+1	-7.956241e-4
7.993382e+1	-1.290348e-3
7.997093e+1	-1.117403e-3
7.993735e+1	1.171840e-3
7.998285e+1	1.092828e-3
7.993797e+1	1.024288e-3
7.995232e+1	2.430791e-4
7.992593e+1	1.335072e-4
7.997658e+1	-2.045222e-5
7.992305e+1	4.500817e-5
7.994772e+1	1.061853e-4
7.992918e+1	9.900104e-5
7.994975e+1	-2.093208e-4
7.992594e+1	-2.300136e-4
7.996794e+1	-1.487692e-4
7.992338e+1	-6.837889e-5
7.995061e+1	1.976022e-4
7.992090e+1	-6.163307e-5
7.995823e+1	-1.840544e-4
7.992221e+1	-3.070313e-4
7.995802e+1	-3.136297e-4
7.992402e+1	-1.391549e-4
7.993304e+1	-2.275420e-4
7.991275e+1	2.375092e-4
7.994464e+1	-1.233599e-4
7.993266e+1	-4.488769e-5
7.992924e+1	4.924812e-5
7.991239e+1	-4.071719e-5
7.992581e+1	-3.946011e-5
7.992674e+1	-3.728480e-4
7.994119e+1	-1.095344e-5
7.991871e+1	-3.389790e-5
7.991171e+1	4.814870e-5
7.990971e+1	-1.941662e-5
7.993238e+1	2.851120e-5
7.993252e+1	-2.576328e-4
7.992260e+1	-1.192085e-4
7.991274e+1	3.236939e-5
7.991063e+1	-8.002878e-5
7.990731e+1	7.178503e-5
7.992351e+1	2.000913e-4
7.989691e+1	-3.152839e-4
7.990420e+1	3.259533e-5
7.990206e+1	3.599593e-5
7.990159e+1	-1.468757e-4
7.991988e+1	-2.261194e-4
7.991496e+1	3.918749e-5
7.990158e+1	-2.467510e-4
7.989168e+1	-1.438833e-4
7.990405e+1	-3.625477e-4
7.991269e+1	-3.426461e-4
7.990776e+1	-2.254977e-4
7.989461e+1	-2.150232e-4
7.990433e+1	-1.863712e-4
7.988682e+1	-2.712248e-4
7.991982e+1	-4.323873e-4
7.990223e+1	-2.767191e-4
7.989140e+1	-2.458905e-4
7.987240e+1	-1.209959e-4
7.990940e+1	-6.015228e-5
7.988505e+1	1.124013e-4
7.990613e+1	-1.396478e-4
7.989193e+1	-1.851495e-4
7.990712e+1	-3.802897e-4
7.987636e+1	2.234907e-6
7.990000e+1	-4.821335e-4
7.988931e+1	-2.727454e-4
7.989363e+1	-1.992926e-4
7.986181e+1	-6.266872e-5
7.989329e+1	-9.160606e-5
