8.063111e+1	-1.368987e-4
8.060426e+1	1.094801e-4
8.060913e+1	-3.448825e-5
8.057461e+1	1.080206e-4
8.062842e+1	3.412312e-5
8.058633e+1	2.675696e-5
8.063163e+1	-1.563375e-5
8.059731e+1	-7.506026e-4
8.063598e+1	-2.128790e-3
8.058689e+1	-2.165139e-3
8.063826e+1	-1.091734e-3
8.060033e+1	-8.503459e-4
8.062254e+1	-5.100024e-5
8.058909e+1	1.534758e-3
8.063312e+1	2.147024e-3
8.058086e+1	5.695213e-3
8.063187e+1	8.805830e-3
8.057079e+1	1.149946e-2
8.058950e+1	1.391448e-2
8.054549e+1	1.710829e-2
8.060639e+1	1.903320e-2
8.056907e+1	2.099614e-2
8.065058e+1	2.065036e-2
8.062197e+1	2.087850e-2
8.069746e+1	2.131112e-2
8.067506e+1	2.155356e-2
8.076643e+1	2.190098e-2
8.075716e+1	2.195036e-2
8.084002e+1	2.244174e-2
8.081162e+1	2.302914e-2
8.090367e+1	2.297654e-2
8.087937e+1	2.294318e-2
8.097400e+1	2.283901e-2
8.094578e+1	2.330962e-2
8.103095e+1	2.362289e-2
8.099761e+1	2.387464e-2
8.109687e+1	2.358261e-2
8.106084e+1	2.362206e-2
8.114251e+1	2.399900e-2
8.111817e+1	2.401748e-2
8.120144e+1	2.419110e-2
8.115396e+1	2.437053e-2
8.124960e+1	2.472534e-2
8.121331e+1	2.495593e-2
8.129359e+1	2.529150e-2
8.125263e+1	2.502363e-2
8.133347e+1	2.503617e-2
8.128506e+1	2.492371e-2
8.139029e+1	2.517373e-2
8.134115e+1	2.568289e-2
8.141630e+1	2.541319e-2
8.136130e+1	2.541333e-2
8.144536e+1	2.587974e-2
8.139785e+1	2.574729e-2
8.148076e+1	2.625885e-2
8.143338e+1	2.642874e-2
8.151204e+1	2.673000e-2
8.145372e+1	2.691139e-2
8.153788e+1	2.757033e-2
8.149254e+1	2.758643e-2
8.156504e+1	2.784172e-2
8.150258e+1	2.847200e-2
8.158368e+1	2.876811e-2
8.153085e+1	2.928495e-2
8.162001e+1	2.950026e-2
8.156855e+1	3.030940e-2
8.163772e+1	3.023660e-2
8.158133e+1	3.066903e-2
8.166630e+1	3.100347e-2
8.161493e+1	3.148863e-2
8.169730e+1	3.213714e-2
8.165099e+1	3.231894e-2
8.172597e+1	3.266707e-2
8.167507e+1	3.319160e-2
8.175771e+1	3.363066e-2
8.171630e+1	3.388249e-2
8.178587e+1	3.454986e-2
8.172284e+1	3.489584e-2
8.181143e+1	3.547839e-2
8.175575e+1	3.611505e-2
8.185073e+1	3.639860e-2
8.179376e+1	3.701468e-2
8.186072e+1	3.714350e-2
8.180677e+1	3.756158e-2
8.188993e+1	3.835858e-2
8.183756e+1	3.861941e-2
8.191589e+1	3.911049e-2
8.187683e+1	3.970449e-2
8.194289e+1	4.022367e-2
8.190305e+1	4.055103e-2
8.199663e+1	4.096729e-2
8.195188e+1	4.140064e-2
8.201328e+1	4.176108e-2
8.196840e+1	4.209288e-2
8.205720e+1	4.229358e-2
8.201780e+1	4.330792e-2
8.210837e+1	4.340616e-2
8.206894e+1	4.379953e-2
8.213328e+1	4.456391e-2
8.210026e+1	4.461278e-2
8.217910e+1	4.517750e-2
8.214743e+1	4.544994e-2
8.222026e+1	4.571103e-2
8.219496e+1	4.610075e-2
8.226513e+1	4.707758e-2
8.223099e+1	4.699324e-2
8.231629e+1	4.725120e-2
8.228613e+1	4.830907e-2
8.235169e+1	4.856530e-2
8.231337e+1	4.884696e-2
8.240030e+1	4.920748e-2
8.236430e+1	4.908074e-2
8.244615e+1	4.960722e-2
8.242008e+1	5.048227e-2
8.247816e+1	5.101750e-2
8.245511e+1	5.116737e-2
8.254119e+1	5.160995e-2
8.250294e+1	5.208438e-2
8.257178e+1	5.238394e-2
8.255555e+1	5.255445e-2
8.261222e+1	5.271032e-2
8.259281e+1	5.331007e-2
8.267367e+1	5.353339e-2
8.265102e+1	5.412298e-2
8.269989e+1	5.456241e-2
8.268122e+1	5.479949e-2
8.275669e+1	5.537178e-2
8.274605e+1	5.571459e-2
8.280319e+1	5.580722e-2
8.279364e+1	5.614765e-2
8.283436e+1	5.687311e-2
8.284368e+1	5.715726e-2
8.290849e+1	5.720757e-2
8.289075e+1	5.758988e-2
8.294543e+1	5.791839e-2
8.293714e+1	5.866192e-2
8.299496e+1	5.862763e-2
8.299509e+1	5.901548e-2
8.305320e+1	5.942575e-2
8.305000e+1	5.963588e-2
8.307946e+1	6.004601e-2
8.308465e+1	6.031548e-2
8.315442e+1	6.088650e-2
8.314102e+1	6.103659e-2
8.318135e+1	6.133546e-2
8.318795e+1	6.157626e-2
8.323504e+1	6.205428e-2
8.324106e+1	6.233571e-2
8.329873e+1	6.257142e-2
8.328956e+1	6.297440e-2
8.333421e+1	6.312835e-2
8.333905e+1	6.345800e-2
8.339251e+1	6.363097e-2
8.340278e+1	6.444828e-2
8.344993e+1	6.450826e-2
8.344613e+1	6.502022e-2
8.348083e+1	6.523579e-2
8.350564e+1	6.535566e-2
8.355828e+1	6.584732e-2
8.355751e+1	6.623763e-2
8.358341e+1	6.631505e-2
8.361001e+1	6.673061e-2
8.364076e+1	6.690709e-2
8.368016e+1	6.748072e-2
8.370768e+1	6.742728e-2
8.371717e+1	6.793236e-2
8.373814e+1	6.803624e-2
8.377768e+1	6.862944e-2
8.381311e+1	6.873505e-2
8.383160e+1	6.916836e-2
8.386082e+1	6.942230e-2
8.388881e+1	6.974234e-2
8.390726e+1	6.974865e-2
8.394239e+1	7.028645e-2
8.397481e+1	7.101098e-2
8.398924e+1	7.086786e-2
8.400642e+1	7.112373e-2
8.404135e+1	7.163850e-2
8.406673e+1	7.169796e-2
8.411850e+1	7.218856e-2
8.412849e+1	7.213145e-2
8.415277e+1	7.244717e-2
8.416754e+1	7.287835e-2
8.422247e+1	7.318848e-2
8.423994e+1	7.338759e-2
8.427487e+1	7.377717e-2
8.427015e+1	7.404815e-2
8.432658e+1	7.402027e-2
8.433740e+1	7.419314e-2
8.438688e+1	7.470995e-2
8.440277e+1	7.511215e-2
8.443980e+1	7.536780e-2
8.443329e+1	7.518537e-2
8.449236e+1	7.574546e-2
8.449845e+1	7.624378e-2
8.455446e+1	7.639715e-2
8.455655e+1	7.650844e-2
8.460767e+1	7.679072e-2
8.460671e+1	7.700179e-2
8.467834e+1	7.743159e-2
8.467020e+1	7.745872e-2
8.470261e+1	7.803346e-2
8.470665e+1	7.829370e-2
8.477299e+1	7.850724e-2
8.476779e+1	7.862277e-2
8.484603e+1	7.878346e-2
8.483779e+1	7.883373e-2
8.488131e+1	7.929401e-2
8.487778e+1	7.951031e-2
8.495177e+1	7.973907e-2
8.494671e+1	7.989403e-2
8.501586e+1	8.002019e-2
8.499881e+1	8.061345e-2
8.507021e+1	8.101885e-2
8.505377e+1	8.084370e-2
8.512951e+1	8.093888e-2
8.511844e+1	8.091198e-2
8.518004e+1	8.132484e-2
8.515999e+1	8.167722e-2
8.524326e+1	8.203967e-2
8.522470e+1	8.234397e-2
8.530219e+1	8.264069e-2
8.529054e+1	8.272870e-2
8.536002e+1	8.273193e-2
8.533058e+1	8.327941e-2
8.542676e+1	8.330952e-2
8.540302e+1	8.351295e-2
8.547191e+1	8.367027e-2
8.545396e+1	8.415679e-2
8.554394e+1	8.418356e-2
8.551206e+1	8.442620e-2
8.560597e+1	8.495164e-2
8.557764e+1	8.499716e-2
8.566051e+1	8.528740e-2
8.562132e+1	8.542580e-2
8.572451e+1	8.581408e-2
8.568874e+1	8.575048e-2
8.577549e+1	8.584707e-2
8.575692e+1	8.608182e-2
8.583795e+1	8.633743e-2
8.580158e+1	8.672318e-2
8.590278e+1	8.670177e-2
8.587610e+1	8.689066e-2
8.595677e+1	8.698005e-2
8.592119e+1	8.747920e-2
8.602136e+1	8.752782e-2
8.598143e+1	8.755359e-2
8.608880e+1	8.824692e-2
8.605096e+1	8.808857e-2
8.614324e+1	8.857228e-2
8.610048e+1	8.880903e-2
8.620270e+1	8.883788e-2
8.616632e+1	8.922406e-2
8.626338e+1	8.924250e-2
8.622859e+1	8.920209e-2
8.632343e+1	8.955744e-2
8.628133e+1	9.013987e-2
8.638244e+1	9.012865e-2
8.635101e+1	8.993662e-2
8.644238e+1	8.988925e-2
8.640008e+1	9.051613e-2
8.650422e+1	9.047486e-2
8.646324e+1	9.090678e-2
8.656031e+1	9.126678e-2
8.653229e+1	9.134097e-2
8.662443e+1	9.129187e-2
8.658308e+1	9.173994e-2
8.668545e+1	9.167873e-2
8.665329e+1	9.230854e-2
8.674265e+1	9.229845e-2
8.670849e+1	9.238484e-2
8.676448e+1	9.262370e-2
8.686781e+1	9.311072e-2
8.683856e+1	9.302855e-2
8.692052e+1	9.316392e-2
8.689023e+1	9.328364e-2
8.699361e+1	9.368404e-2
8.695740e+1	9.367368e-2
8.704736e+1	9.381716e-2
8.701938e+1	9.422741e-2
8.710557e+1	9.416458e-2
8.707565e+1	9.439900e-2
8.718199e+1	9.453326e-2
8.714562e+1	9.472091e-2
8.723075e+1	9.477434e-2
8.718772e+1	9.481149e-2
8.728487e+1	9.503573e-2
8.725823e+1	9.531974e-2
8.735608e+1	9.559729e-2
8.732946e+1	9.585264e-2
8.740790e+1	9.599228e-2
8.737949e+1	9.614154e-2
8.747554e+1	9.602632e-2
8.745007e+1	9.624370e-2
8.753245e+1	9.661102e-2
8.750623e+1	9.668905e-2
8.759707e+1	9.691656e-2
8.756687e+1	9.715553e-2
8.766514e+1	9.734002e-2
8.764086e+1	9.732778e-2
8.771824e+1	9.758067e-2
8.768427e+1	9.754394e-2
8.778125e+1	9.788372e-2
8.775603e+1	9.762911e-2
8.784411e+1	9.813088e-2
8.783026e+1	9.819761e-2
8.789798e+1	9.849713e-2
8.788004e+1	9.889504e-2
8.797537e+1	9.858550e-2
8.794742e+1	9.869992e-2
8.801502e+1	9.927139e-2
8.800911e+1	9.922127e-2
8.808640e+1	9.939493e-2
8.806726e+1	9.949196e-2
8.816291e+1	9.970887e-2
8.820851e+1	9.996529e-2
8.820793e+1	1.001289e-1
8.818889e+1	1.004482e-1
8.827890e+1	1.003403e-1
8.825047e+1	1.006700e-1
8.832737e+1	1.005158e-1
8.831966e+1	1.004699e-1
8.837785e+1	1.010043e-1
8.838207e+1	1.010422e-1
8.845993e+1	1.012862e-1
8.844861e+1	1.014516e-1
8.850793e+1	1.014404e-1
8.849547e+1	1.016665e-1
8.857872e+1	1.021318e-1
8.857587e+1	1.022704e-1
8.863846e+1	1.022581e-1
8.863653e+1	1.022388e-1
8.870262e+1	1.026196e-1
8.870373e+1	1.027258e-1
8.877083e+1	1.029209e-1
8.876348e+1	1.028150e-1
8.882477e+1	1.029484e-1
8.882354e+1	1.031702e-1
8.889178e+1	1.033060e-1
8.888903e+1	1.033419e-1
8.896270e+1	1.036494e-1
8.896064e+1	1.038748e-1
8.900161e+1	1.039248e-1
8.901047e+1	1.040122e-1
8.908681e+1	1.040223e-1
8.909665e+1	1.043775e-1
8.912857e+1	1.041041e-1
8.914231e+1	1.046211e-1
8.919267e+1	1.046266e-1
8.920762e+1	1.046988e-1
8.926551e+1	1.048287e-1
8.926956e+1	1.051178e-1
8.931741e+1	1.050736e-1
8.934650e+1	1.054151e-1
8.939067e+1	1.056058e-1
8.942033e+1	1.055655e-1
8.944790e+1	1.059393e-1
8.946197e+1	1.062434e-1
8.950676e+1	1.060538e-1
8.953954e+1	1.062269e-1
8.958656e+1	1.061538e-1
8.959904e+1	1.065905e-1
8.962688e+1	1.068005e-1
8.965149e+1	1.068665e-1
8.969967e+1	1.069263e-1
8.973432e+1	1.069231e-1
8.976340e+1	1.073198e-1
8.979846e+1	1.072900e-1
8.982167e+1	1.072323e-1
8.985620e+1	1.071940e-1
8.989121e+1	1.079005e-1
8.991236e+1	1.080188e-1
8.994140e+1	1.079455e-1
8.999184e+1	1.081981e-1
9.001715e+1	1.082614e-1
9.004672e+1	1.084770e-1
9.006953e+1	1.083604e-1
9.011454e+1	1.086265e-1
9.013407e+1	1.086943e-1
9.019668e+1	1.089856e-1
9.021772e+1	1.092603e-1
9.025632e+1	1.090076e-1
9.025862e+1	1.092848e-1
9.030740e+1	1.095431e-1
9.033382e+1	1.096444e-1
9.036901e+1	1.096551e-1
9.038827e+1	1.097265e-1
9.045314e+1	1.100949e-1
9.045040e+1	1.102651e-1
9.050558e+1	1.100130e-1
9.052337e+1	1.102509e-1
9.056543e+1	1.105972e-1
9.057312e+1	1.106328e-1
9.063776e+1	1.107080e-1
9.065317e+1	1.110524e-1
9.069975e+1	1.107313e-1
9.069509e+1	1.108936e-1
9.075914e+1	1.111338e-1
9.076040e+1	1.115250e-1
9.084251e+1	1.112984e-1
9.083829e+1	1.113202e-1
9.088473e+1	1.117141e-1
9.089091e+1	1.116181e-1
9.095392e+1	1.118019e-1
9.096088e+1	1.119208e-1
9.101597e+1	1.120873e-1
9.101229e+1	1.122271e-1
9.109592e+1	1.124433e-1
9.108173e+1	1.124445e-1
9.115316e+1	1.127036e-1
9.115104e+1	1.126568e-1
9.121346e+1	1.128641e-1
9.120041e+1	1.129511e-1
9.128361e+1	1.129099e-1
9.128081e+1	1.131730e-1
9.134699e+1	1.135903e-1
9.131929e+1	1.134703e-1
9.140828e+1	1.137270e-1
9.138839e+1	1.136208e-1
9.146720e+1	1.134113e-1
9.146375e+1	1.138053e-1
9.154167e+1	1.138855e-1
9.151551e+1	1.143301e-1
9.161152e+1	1.139393e-1
9.158868e+1	1.143196e-1
9.165370e+1	1.147262e-1
9.163614e+1	1.144912e-1
9.173026e+1	1.146517e-1
9.170551e+1	1.145840e-1
9.179766e+1	1.148412e-1
9.177503e+1	1.151714e-1
9.185404e+1	1.151777e-1
9.182202e+1	1.154789e-1
9.192267e+1	1.154828e-1
9.190082e+1	1.154709e-1
9.198541e+1	1.153242e-1
9.194704e+1	1.156733e-1
9.204750e+1	1.157675e-1
9.200957e+1	1.161412e-1
9.210176e+1	1.161493e-1
9.207667e+1	1.162961e-1
9.216866e+1	1.164794e-1
9.213567e+1	1.165460e-1
9.223121e+1	1.165643e-1
9.220409e+1	1.166059e-1
9.229244e+1	1.166787e-1
9.225341e+1	1.169537e-1
9.235650e+1	1.171004e-1
9.232011e+1	1.126645e-1
9.241677e+1	1.173023e-1
9.238769e+1	1.173721e-1
9.247968e+1	1.175351e-1
9.244277e+1	1.174823e-1
9.254497e+1	1.177597e-1
9.251621e+1	1.177295e-1
9.260413e+1	1.179141e-1
9.256558e+1	1.179244e-1
9.266877e+1	1.182508e-1
9.263034e+1	1.183923e-1
9.272767e+1	1.185432e-1
9.269859e+1	1.185534e-1
9.279344e+1	1.184873e-1
9.275209e+1	1.188374e-1
9.285479e+1	1.187179e-1
9.281640e+1	1.190810e-1
9.291761e+1	1.191442e-1
9.288945e+1	1.189618e-1
9.297356e+1	1.191450e-1
9.294147e+1	1.190824e-1
9.303716e+1	1.192415e-1
9.300437e+1	1.194425e-1
9.310092e+1	1.195130e-1
9.307443e+1	1.196965e-1
9.316069e+1	1.199036e-1
9.312833e+1	1.198866e-1
9.322864e+1	1.200931e-1
9.319911e+1	1.200716e-1
9.328552e+1	1.201483e-1
9.325826e+1	1.205099e-1
9.334464e+1	1.202906e-1
9.331511e+1	1.203255e-1
9.342244e+1	1.204863e-1
9.338809e+1	1.202971e-1
9.346456e+1	1.207132e-1
9.343409e+1	1.206231e-1
9.352822e+1	1.209849e-1
9.349968e+1	1.211597e-1
9.359514e+1	1.211971e-1
9.356946e+1	1.212665e-1
9.364657e+1	1.214469e-1
9.362006e+1	1.214095e-1
9.371729e+1	1.213739e-1
9.368426e+1	1.218862e-1
9.377278e+1	1.217237e-1
9.375293e+1	1.218991e-1
9.382769e+1	1.218033e-1
9.380465e+1	1.218606e-1
9.390377e+1	1.220134e-1
9.387673e+1	1.222299e-1
9.394702e+1	1.222833e-1
9.392258e+1	1.221597e-1
9.401185e+1	1.225718e-1
9.398932e+1	1.227777e-1
9.408842e+1	1.228898e-1
9.405916e+1	1.228291e-1
9.413183e+1	1.230041e-1
9.411048e+1	1.228971e-1
9.420473e+1	1.231051e-1
9.417310e+1	1.230450e-1
9.425270e+1	1.232428e-1
9.424120e+1	1.234489e-1
9.431729e+1	1.238525e-1
9.429531e+1	1.235882e-1
9.438210e+1	1.234586e-1
9.436663e+1	1.237117e-1
9.443530e+1	1.240521e-1
9.441656e+1	1.240645e-1
9.449860e+1	1.243815e-1
9.448179e+1	1.240603e-1
9.456685e+1	1.241713e-1
9.454835e+1	1.243676e-1
9.461525e+1	1.244221e-1
9.459468e+1	1.244436e-1
9.467762e+1	1.247867e-1
9.466500e+1	1.247405e-1
9.473315e+1	1.248536e-1
9.472675e+1	1.250005e-1
9.479768e+1	1.250052e-1
9.478975e+1	1.249159e-1
9.486123e+1	1.254186e-1
9.485094e+1	1.252852e-1
9.491450e+1	1.250865e-1
9.490854e+1	1.254718e-1
9.497669e+1	1.254760e-1
9.497458e+1	1.254077e-1
9.504665e+1	1.255482e-1
9.503472e+1	1.256127e-1
9.509236e+1	1.258875e-1
9.508169e+1	1.258448e-1
9.515422e+1	1.259714e-1
9.516118e+1	1.261142e-1
9.521554e+1	1.261459e-1
9.521560e+1	1.263458e-1
9.527104e+1	1.263534e-1
9.528503e+1	1.265792e-1
9.534182e+1	1.265754e-1
9.533856e+1	1.266388e-1
9.538702e+1	1.266161e-1
9.539348e+1	1.266858e-1
9.544800e+1	1.268825e-1
9.547011e+1	1.268642e-1
9.552164e+1	1.271026e-1
9.551561e+1	1.275363e-1
9.556172e+1	1.271729e-1
9.558110e+1	1.274558e-1
9.563787e+1	1.273100e-1
9.566328e+1	1.276711e-1
9.569090e+1	1.274288e-1
9.570677e+1	1.277369e-1
9.574369e+1	1.277740e-1
9.576788e+1	1.277344e-1
9.582190e+1	1.278248e-1
9.582758e+1	1.278963e-1
9.585722e+1	1.278928e-1
9.588788e+1	1.279886e-1
9.593276e+1	1.283082e-1
9.595332e+1	1.284466e-1
9.600095e+1	1.282143e-1
9.601547e+1	1.283936e-1
9.603819e+1	1.286834e-1
9.607104e+1	1.287925e-1
9.610903e+1	1.285189e-1
9.613562e+1	1.288259e-1
9.616996e+1	1.290675e-1
9.619655e+1	1.291421e-1
9.621607e+1	1.290043e-1
9.625142e+1	1.293229e-1
9.629299e+1	1.292756e-1
9.631475e+1	1.292986e-1
9.633713e+1	1.292894e-1
9.637399e+1	1.296446e-1
9.640075e+1	1.299733e-1
9.645282e+1	1.297870e-1
9.646630e+1	1.297914e-1
9.648749e+1	1.298923e-1
9.650426e+1	1.299280e-1
9.656032e+1	1.302399e-1
9.657741e+1	1.300826e-1
9.661984e+1	1.301893e-1
9.663456e+1	1.303618e-1
9.667718e+1	1.302359e-1
9.668693e+1	1.306483e-1
9.675416e+1	1.307315e-1
9.675857e+1	1.308216e-1
9.678474e+1	1.308519e-1
9.680192e+1	1.307244e-1
9.686695e+1	1.306074e-1
9.686396e+1	1.309203e-1
9.693019e+1	1.310318e-1
9.693372e+1	1.312106e-1
9.697189e+1	1.307406e-1
9.697855e+1	1.311316e-1
9.703990e+1	1.310777e-1
9.704784e+1	1.313565e-1
9.710299e+1	1.315347e-1
9.709538e+1	1.315067e-1
9.715767e+1	1.314307e-1
9.715540e+1	1.316051e-1
9.722082e+1	1.319396e-1
9.721958e+1	1.319404e-1
9.727034e+1	1.319119e-1
9.726247e+1	1.321070e-1
9.733341e+1	1.319918e-1
9.732373e+1	1.323504e-1
9.739433e+1	1.321870e-1
9.739452e+1	1.323014e-1
9.745378e+1	1.324606e-1
9.743830e+1	1.325056e-1
9.751891e+1	1.326462e-1
9.751018e+1	1.325756e-1
9.756126e+1	1.326364e-1
9.756002e+1	1.327239e-1
9.763647e+1	1.328740e-1
9.761346e+1	1.329528e-1
9.770002e+1	1.328694e-1
9.768505e+1	1.328987e-1
9.773918e+1	1.329380e-1
9.772474e+1	1.331762e-1
9.781159e+1	1.331902e-1
9.778534e+1	1.335093e-1
9.785693e+1	1.333545e-1
9.784586e+1	1.335200e-1
9.792557e+1	1.336401e-1
9.789866e+1	1.338000e-1
9.798038e+1	1.337194e-1
9.796579e+1	1.337972e-1
9.804318e+1	1.338501e-1
9.801745e+1	1.339373e-1
9.810055e+1	1.340017e-1
9.807431e+1	1.340680e-1
9.816376e+1	1.341111e-1
9.813796e+1	1.341971e-1
9.821790e+1	1.342124e-1
9.818192e+1	1.344974e-1
9.828018e+1	1.345129e-1
9.824460e+1	1.343186e-1
9.833302e+1	1.348663e-1
9.831169e+1	1.345247e-1
9.839325e+1	1.347948e-1
9.835591e+1	1.348163e-1
9.845097e+1	1.345806e-1
9.842239e+1	1.351696e-1
9.850446e+1	1.350772e-1
9.847658e+1	1.350425e-1
9.856623e+1	1.352633e-1
9.852755e+1	1.353604e-1
9.863066e+1	1.355485e-1
9.859502e+1	1.355456e-1
9.867686e+1	1.353139e-1
9.864152e+1	1.354112e-1
9.873788e+1	1.356461e-1
9.870138e+1	1.356564e-1
9.879005e+1	1.355661e-1
9.876656e+1	1.359412e-1
9.885017e+1	1.359054e-1
9.881370e+1	1.360096e-1
9.890730e+1	1.360952e-1
9.887699e+1	1.361727e-1
9.896052e+1	1.362307e-1
9.893343e+1	1.360043e-1
9.901451e+1	1.362999e-1
9.898597e+1	1.363314e-1
9.908736e+1	1.364190e-1
9.905177e+1	1.363095e-1
9.912743e+1	1.364572e-1
9.909860e+1	1.366137e-1
9.918762e+1	1.367584e-1
9.915703e+1	1.369620e-1
9.924321e+1	1.366606e-1
9.922231e+1	1.370422e-1
9.930238e+1	1.368626e-1
9.927198e+1	1.368785e-1
9.935967e+1	1.372088e-1
9.933853e+1	1.371143e-1
9.941418e+1	1.371906e-1
9.938496e+1	1.370700e-1
9.947213e+1	1.370272e-1
9.944413e+1	1.376152e-1
9.953575e+1	1.374271e-1
9.950995e+1	1.373567e-1
9.958206e+1	1.373141e-1
9.955182e+1	1.377724e-1
9.964040e+1	1.376192e-1
9.961499e+1	1.377415e-1
9.969283e+1	1.380252e-1
9.967563e+1	1.379187e-1
9.974447e+1	1.380165e-1
9.972648e+1	1.378519e-1
9.981489e+1	1.380211e-1
9.979062e+1	1.380821e-1
9.985748e+1	1.382351e-1
9.983910e+1	1.383571e-1
9.991483e+1	1.382136e-1
9.989434e+1	1.381725e-1
9.998602e+1	1.386352e-1
9.996079e+1	1.384923e-1
1.000230e+2	1.386535e-1
1.000026e+2	1.386258e-1
1.000901e+2	1.386216e-1
1.000638e+2	1.387397e-1
1.001327e+2	1.386772e-1
1.001238e+2	1.389572e-1
1.001914e+2	1.389275e-1
1.001758e+2	1.390594e-1
1.002495e+2	1.389527e-1
1.002359e+2	1.388193e-1
1.002991e+2	1.390395e-1
1.002845e+2	1.389281e-1
1.003550e+2	1.392048e-1
1.003433e+2	1.392369e-1
1.004210e+2	1.395678e-1
1.004032e+2	1.393316e-1
1.004643e+2	1.395986e-1
1.004438e+2	1.395286e-1
1.005179e+2	1.395975e-1
1.005141e+2	1.395513e-1
1.005726e+2	1.397677e-1
1.005674e+2	1.398964e-1
1.006259e+2	1.397491e-1
1.006273e+2	1.400081e-1
1.006860e+2	1.399320e-1
1.006771e+2	1.399618e-1
1.007320e+2	1.401401e-1
1.007297e+2	1.402737e-1
1.007879e+2	1.402617e-1
1.007922e+2	1.402010e-1
1.008486e+2	1.406447e-1
1.008490e+2	1.403528e-1
1.008832e+2	1.407066e-1
1.008905e+2	1.405769e-1
1.009568e+2	1.407205e-1
1.009477e+2	1.407383e-1
1.009936e+2	1.408718e-1
1.010042e+2	1.408434e-1
1.010450e+2	1.408525e-1
1.010605e+2	1.407315e-1
1.011166e+2	1.411099e-1
1.011139e+2	1.409948e-1
1.011511e+2	1.410649e-1
1.011670e+2	1.409209e-1
1.012229e+2	1.411696e-1
1.012266e+2	1.412390e-1
1.012789e+2	1.410969e-1
1.012863e+2	1.413958e-1
1.013115e+2	1.414719e-1
1.013313e+2	1.412704e-1
1.013813e+2	1.415255e-1
1.013896e+2	1.414761e-1
1.014291e+2	1.417928e-1
1.014447e+2	1.416919e-1
1.014747e+2	1.417954e-1
1.015011e+2	1.417619e-1
1.015461e+2	1.415589e-1
1.015573e+2	1.418624e-1
1.015795e+2	1.417500e-1
1.016128e+2	1.419962e-1
1.016383e+2	1.417338e-1
1.016807e+2	1.421042e-1
1.017055e+2	1.421266e-1
1.017178e+2	1.421140e-1
1.017390e+2	1.422385e-1
1.017835e+2	1.422251e-1
1.018115e+2	1.422088e-1
1.018382e+2	1.423972e-1
1.018641e+2	1.423412e-1
1.018843e+2	1.424996e-1
1.018964e+2	1.425731e-1
1.019412e+2	1.426552e-1
1.019741e+2	1.425676e-1
1.019932e+2	1.425328e-1
1.020153e+2	1.426016e-1
1.020523e+2	1.427612e-1
1.020690e+2	1.426926e-1
1.021256e+2	1.428179e-1
1.021367e+2	1.429832e-1
1.021538e+2	1.428413e-1
1.021682e+2	1.430142e-1
1.022266e+2	1.431514e-1
1.022303e+2	1.428591e-1
1.022812e+2	1.431309e-1
1.022943e+2	1.432289e-1
1.023259e+2	1.432078e-1
1.023339e+2	1.433183e-1
1.023871e+2	1.435619e-1
1.023990e+2	1.433939e-1
1.024429e+2	1.437715e-1
1.024377e+2	1.436860e-1
1.024943e+2	1.436921e-1
1.024935e+2	1.436105e-1
1.025515e+2	1.437303e-1
1.025529e+2	1.439440e-1
1.025981e+2	1.438392e-1
1.025915e+2	1.436996e-1
1.026559e+2	1.439067e-1
1.026524e+2	1.437625e-1
1.027153e+2	1.439174e-1
1.027087e+2	1.442140e-1
1.027678e+2	1.438973e-1
1.027576e+2	1.439193e-1
1.028192e+2	1.443553e-1
1.028156e+2	1.444040e-1
1.028794e+2	1.443209e-1
1.028664e+2	1.442083e-1
1.029297e+2	1.444256e-1
1.029171e+2	1.443296e-1
1.029963e+2	1.443359e-1
1.029761e+2	1.444915e-1
1.030329e+2	1.443680e-1
1.030138e+2	1.441219e-1
1.030902e+2	1.445073e-1
1.030739e+2	1.447058e-1
1.031510e+2	1.445772e-1
1.031340e+2	1.445386e-1
1.031996e+2	1.447696e-1
1.031789e+2	1.446423e-1
1.032580e+2	1.449090e-1
1.032315e+2	1.450100e-1
1.033036e+2	1.449454e-1
1.032898e+2	1.451490e-1
1.033640e+2	1.451094e-1
1.033325e+2	1.450573e-1
1.034180e+2	1.450091e-1
1.033968e+2	1.451428e-1
1.034615e+2	1.450320e-1
1.034358e+2	1.452413e-1
1.035225e+2	1.453686e-1
1.034889e+2	1.452843e-1
1.035690e+2	1.453850e-1
1.035522e+2	1.454751e-1
1.036220e+2	1.453397e-1
1.035888e+2	1.454152e-1
1.036820e+2	1.455926e-1
1.036457e+2	1.455931e-1
1.037283e+2	1.456861e-1
1.037067e+2	1.458689e-1
1.037833e+2	1.458721e-1
1.037461e+2	1.460997e-1
1.038374e+2	1.457728e-1
1.038083e+2	1.459274e-1
1.038862e+2	1.461195e-1
1.038579e+2	1.460927e-1
1.039370e+2	1.460169e-1
1.039022e+2	1.461325e-1
1.039910e+2	1.461408e-1
1.039628e+2	1.461926e-1
1.040420e+2	1.462143e-1
1.040035e+2	1.464456e-1
1.040952e+2	1.462429e-1
1.040563e+2	1.461465e-1
1.041423e+2	1.463231e-1
1.041154e+2	1.464567e-1
1.041946e+2	1.463104e-1
1.041590e+2	1.466331e-1
1.042471e+2	1.467075e-1
1.042174e+2	1.464693e-1
1.042951e+2	1.468050e-1
1.042678e+2	1.467771e-1
1.043481e+2	1.467317e-1
1.043129e+2	1.467923e-1
1.044025e+2	1.467209e-1
1.043738e+2	1.468236e-1
1.044477e+2	1.470148e-1
1.044096e+2	1.466690e-1
1.045003e+2	1.472113e-1
1.044646e+2	1.471603e-1
1.045614e+2	1.472844e-1
1.045268e+2	1.471437e-1
1.045977e+2	1.472299e-1
1.045690e+2	1.471659e-1
1.046504e+2	1.471741e-1
1.046178e+2	1.474385e-1
1.046969e+2	1.473690e-1
1.046743e+2	1.472809e-1
1.047449e+2	1.473288e-1
1.047188e+2	1.475626e-1
1.048083e+2	1.477111e-1
1.047810e+2	1.477487e-1
1.048451e+2	1.477415e-1
1.048151e+2	1.477801e-1
1.049014e+2	1.477756e-1
1.048728e+2	1.478907e-1
1.049590e+2	1.477033e-1
1.049346e+2	1.478584e-1
1.049989e+2	1.478015e-1
1.049761e+2	1.480327e-1
1.050587e+2	1.481400e-1
1.050263e+2	1.479293e-1
1.051024e+2	1.481124e-1
1.050855e+2	1.480321e-1
1.051508e+2	1.479837e-1
1.051291e+2	1.482117e-1
1.052122e+2	1.485763e-1
1.051855e+2	1.482402e-1
1.052480e+2	1.483272e-1
1.052292e+2	1.483470e-1
1.053032e+2	1.482450e-1
1.052800e+2	1.483222e-1
1.053666e+2	1.483648e-1
1.053384e+2	1.485680e-1
1.054017e+2	1.484165e-1
1.053779e+2	1.485694e-1
1.054533e+2	1.484398e-1
1.054329e+2	1.485854e-1
1.054990e+2	1.488023e-1
1.054875e+2	1.488952e-1
1.055510e+2	1.488191e-1
1.055351e+2	1.486287e-1
1.056061e+2	1.486946e-1
1.055910e+2	1.488013e-1
1.056492e+2	1.491359e-1
1.056350e+2	1.488756e-1
1.056996e+2	1.490452e-1
1.056887e+2	1.492237e-1
1.057584e+2	1.489621e-1
1.057421e+2	1.492776e-1
1.057897e+2	1.493408e-1
1.057858e+2	1.492284e-1
1.058545e+2	1.490055e-1
1.058460e+2	1.495697e-1
1.058879e+2	1.493975e-1
1.058874e+2	1.494080e-1
1.059438e+2	1.490993e-1
1.059416e+2	1.495476e-1
1.060005e+2	1.494930e-1
1.059876e+2	1.492471e-1
1.060379e+2	1.495368e-1
1.060247e+2	1.496880e-1
1.060877e+2	1.498051e-1
1.060899e+2	1.497244e-1
1.061377e+2	1.497108e-1
1.061319e+2	1.497221e-1
1.061795e+2	1.497538e-1
1.061789e+2	1.499574e-1
1.062405e+2	1.501734e-1
1.062431e+2	1.500059e-1
1.062714e+2	1.500188e-1
1.062787e+2	1.499867e-1
1.063244e+2	1.499294e-1
1.063409e+2	1.500426e-1
1.063854e+2	1.500820e-1
1.063765e+2	1.501067e-1
1.064129e+2	1.501073e-1
1.064311e+2	1.502210e-1
1.064758e+2	1.502460e-1
1.064813e+2	1.505524e-1
1.065201e+2	1.504524e-1
1.065336e+2	1.504449e-1
1.065641e+2	1.503968e-1
1.065823e+2	1.505665e-1
1.066277e+2	1.504756e-1
1.066327e+2	1.505412e-1
1.066569e+2	1.508068e-1
1.066817e+2	1.507225e-1
1.067212e+2	1.507230e-1
1.067483e+2	1.508697e-1
1.067720e+2	1.507306e-1
1.067837e+2	1.507837e-1
1.068016e+2	1.507582e-1
1.068386e+2	1.509068e-1
1.068663e+2	1.509897e-1
1.068853e+2	1.508372e-1
1.069119e+2	1.508067e-1
1.069269e+2	1.508359e-1
1.069541e+2	1.508980e-1
1.069888e+2	1.508533e-1
1.070146e+2	1.510400e-1
1.070325e+2	1.509354e-1
1.070437e+2	1.511054e-1
1.070809e+2	1.510879e-1
1.071019e+2	1.513935e-1
1.071327e+2	1.509419e-1
1.071502e+2	1.513330e-1
1.071812e+2	1.510118e-1
1.071898e+2	1.511283e-1
1.072256e+2	1.513582e-1
1.072496e+2	1.510151e-1
1.072795e+2	1.515971e-1
1.072908e+2	1.514892e-1
1.073262e+2	1.517312e-1
1.073315e+2	1.513282e-1
1.073903e+2	1.514456e-1
1.073924e+2	1.516913e-1
1.074134e+2	1.517711e-1
1.074268e+2	1.516727e-1
1.074808e+2	1.520277e-1
1.074773e+2	1.514904e-1
1.075292e+2	1.520922e-1
1.075342e+2	1.517328e-1
1.075675e+2	1.518700e-1
1.075668e+2	1.519307e-1
1.076269e+2	1.521426e-1
1.076259e+2	1.521777e-1
1.076587e+2	1.518415e-1
1.076659e+2	1.522858e-1
1.077225e+2	1.521005e-1
1.077138e+2	1.520616e-1
1.077715e+2	1.520977e-1
1.077666e+2	1.520899e-1
1.078123e+2	1.522364e-1
1.078030e+2	1.521590e-1
1.078660e+2	1.519475e-1
1.078571e+2	1.525235e-1
1.079203e+2	1.524049e-1
1.079095e+2	1.522170e-1
1.079663e+2	1.523911e-1
1.079522e+2	1.524085e-1
1.080118e+2	1.522930e-1
1.080020e+2	1.524177e-1
1.080665e+2	1.525006e-1
1.080492e+2	1.527032e-1
1.081097e+2	1.524901e-1
1.080918e+2	1.524363e-1
1.081587e+2	1.526494e-1
1.081462e+2	1.526619e-1
1.082046e+2	1.526167e-1
1.081775e+2	1.525104e-1
1.082539e+2	1.525856e-1
1.082333e+2	1.524263e-1
1.083073e+2	1.528203e-1
1.082854e+2	1.528502e-1
1.083491e+2	1.529601e-1
1.083252e+2	1.529806e-1
1.083948e+2	1.529993e-1
1.083728e+2	1.530915e-1
1.084497e+2	1.528173e-1
1.084208e+2	1.529330e-1
1.084917e+2	1.531937e-1
1.084650e+2	1.533174e-1
1.085441e+2	1.530903e-1
1.085141e+2	1.532386e-1
1.085885e+2	1.530615e-1
1.085576e+2	1.529317e-1
1.086329e+2	1.531284e-1
1.086034e+2	1.534720e-1
1.086841e+2	1.530936e-1
1.086562e+2	1.531404e-1
1.087297e+2	1.532770e-1
1.086947e+2	1.533311e-1
1.087752e+2	1.533349e-1
1.087398e+2	1.535755e-1
1.088212e+2	1.532143e-1
1.087950e+2	1.534359e-1
1.088666e+2	1.535912e-1
1.088312e+2	1.533836e-1
1.089134e+2	1.534872e-1
1.088822e+2	1.534423e-1
1.089603e+2	1.538815e-1
1.089307e+2	1.534077e-1
1.090032e+2	1.539021e-1
1.089678e+2	1.534704e-1
1.090521e+2	1.536868e-1
1.090245e+2	1.539125e-1
1.090954e+2	1.539139e-1
1.090579e+2	1.538829e-1
1.091398e+2	1.540349e-1
1.091082e+2	1.539551e-1
1.091868e+2	1.538867e-1
1.091637e+2	1.539137e-1
1.092357e+2	1.539347e-1
1.092028e+2	1.541685e-1
1.092874e+2	1.542123e-1
1.092562e+2	1.540641e-1
1.093294e+2	1.542978e-1
1.092973e+2	1.540403e-1
1.093728e+2	1.540095e-1
1.093412e+2	1.542341e-1
1.094311e+2	1.540203e-1
1.093940e+2	1.541272e-1
1.094614e+2	1.542231e-1
1.094309e+2	1.543932e-1
1.095105e+2	1.542265e-1
1.094789e+2	1.547059e-1
1.095561e+2	1.545329e-1
1.095301e+2	1.543906e-1
1.096000e+2	1.545348e-1
1.095679e+2	1.545929e-1
1.096924e+2	1.547012e-1
1.096562e+2	1.544338e-1
1.097372e+2	1.545057e-1
1.097073e+2	1.543474e-1
1.097868e+2	1.550001e-1
1.097586e+2	1.549985e-1
1.098231e+2	1.549537e-1
1.097917e+2	1.545685e-1
1.098692e+2	1.548467e-1
1.098415e+2	1.547181e-1
1.099117e+2	1.549157e-1
1.098934e+2	1.548090e-1
1.099519e+2	1.549277e-1
1.099322e+2	1.551430e-1
1.100087e+2	1.552890e-1
1.099854e+2	1.549136e-1
1.100423e+2	1.548959e-1
1.100210e+2	1.550058e-1
1.100908e+2	1.550686e-1
1.100666e+2	1.552326e-1
1.101480e+2	1.552186e-1
1.101207e+2	1.550339e-1
1.101750e+2	1.553080e-1
1.101544e+2	1.552116e-1
1.102247e+2	1.554661e-1
1.102025e+2	1.553349e-1
1.102647e+2	1.553726e-1
1.102513e+2	1.553052e-1
1.103108e+2	1.554070e-1
1.102919e+2	1.556653e-1
1.103588e+2	1.554863e-1
1.103416e+2	1.553908e-1
1.103965e+2	1.556038e-1
1.103803e+2	1.553899e-1
1.104416e+2	1.558738e-1
1.104256e+2	1.554892e-1
1.104949e+2	1.557113e-1
1.104735e+2	1.556858e-1
1.105179e+2	1.556247e-1
1.105135e+2	1.555767e-1
1.105790e+2	1.556268e-1
1.105545e+2	1.558769e-1
1.106144e+2	1.559308e-1
1.106041e+2	1.556473e-1
1.106518e+2	1.558045e-1
1.106429e+2	1.560529e-1
1.107094e+2	1.557073e-1
1.106908e+2	1.558498e-1
1.107379e+2	1.557019e-1
1.107870e+2	1.558015e-1
1.107870e+2	1.561125e-1
1.108320e+2	1.562112e-1
1.108263e+2	1.559245e-1
1.108730e+2	1.561315e-1
1.108801e+2	1.563509e-1
1.109256e+2	1.562554e-1
1.109190e+2	1.562037e-1
1.109568e+2	1.563843e-1
1.109591e+2	1.560847e-1
1.110024e+2	1.563488e-1
1.110165e+2	1.562170e-1
1.110584e+2	1.562026e-1
1.110469e+2	1.562707e-1
1.110835e+2	1.561804e-1
1.110974e+2	1.563231e-1
1.111412e+2	1.562238e-1
1.111411e+2	1.566656e-1
1.111787e+2	1.566249e-1
1.111882e+2	1.563532e-1
1.112141e+2	1.564156e-1
1.112318e+2	1.564287e-1
1.112753e+2	1.566873e-1
1.112753e+2	1.566476e-1
1.112986e+2	1.567232e-1
1.113179e+2	1.565424e-1
1.113560e+2	1.568475e-1
1.113793e+2	1.565243e-1
1.113981e+2	1.567733e-1
1.114069e+2	1.567836e-1
1.114310e+2	1.568122e-1
1.114594e+2	1.568047e-1
1.114840e+2	1.569295e-1
1.115059e+2	1.568491e-1
1.115249e+2	1.569860e-1
1.115355e+2	1.567478e-1
1.115589e+2	1.571557e-1
1.115978e+2	1.572044e-1
1.116170e+2	1.569624e-1
1.116182e+2	1.571266e-1
1.116413e+2	1.571994e-1
1.116775e+2	1.571193e-1
1.116936e+2	1.573416e-1
1.117383e+2	1.572139e-1
1.117413e+2	1.572049e-1
1.117652e+2	1.573158e-1
1.117716e+2	1.574819e-1
1.118052e+2	1.574390e-1
1.118263e+2	1.573353e-1
1.118534e+2	1.572909e-1
1.118641e+2	1.573084e-1
1.118943e+2	1.575095e-1
1.118997e+2	1.573556e-1
1.119525e+2	1.572145e-1
1.119542e+2	1.572051e-1
1.119709e+2	1.574352e-1
1.119834e+2	1.575773e-1
1.120341e+2	1.574821e-1
1.120299e+2	1.574996e-1
1.120766e+2	1.573971e-1
1.120820e+2	1.576725e-1
1.121100e+2	1.574638e-1
1.121114e+2	1.575541e-1
1.121662e+2	1.575053e-1
1.121649e+2	1.577307e-1
1.122093e+2	1.575274e-1
1.121997e+2	1.576728e-1
1.122500e+2	1.575598e-1
1.122458e+2	1.576041e-1
1.123103e+2	1.576059e-1
1.122942e+2	1.576504e-1
1.123316e+2	1.576390e-1
1.123241e+2	1.577785e-1
1.123798e+2	1.578464e-1
1.123734e+2	1.577774e-1
1.124250e+2	1.577860e-1
1.124199e+2	1.580720e-1
1.124689e+2	1.581077e-1
1.124514e+2	1.576474e-1
1.125180e+2	1.580520e-1
1.125047e+2	1.580300e-1
1.125461e+2	1.580158e-1
1.125444e+2	1.580900e-1
1.126037e+2	1.580176e-1
1.125806e+2	1.581860e-1
1.126489e+2	1.582775e-1
1.126331e+2	1.583025e-1
1.126929e+2	1.581791e-1
1.126626e+2	1.583948e-1
1.127290e+2	1.580966e-1
1.127077e+2	1.583599e-1
1.127780e+2	1.584390e-1
1.127532e+2	1.586718e-1
1.128130e+2	1.583052e-1
1.127904e+2	1.582134e-1
1.128535e+2	1.584981e-1
1.128936e+2	1.584772e-1
1.128670e+2	1.583892e-1
1.129372e+2	1.584148e-1
1.129118e+2	1.584469e-1
1.129852e+2	1.587898e-1
1.129568e+2	1.585586e-1
1.130232e+2	1.585270e-1
1.129936e+2	1.585529e-1
1.130697e+2	1.586170e-1
1.130316e+2	1.589582e-1
1.131079e+2	1.587576e-1
1.130846e+2	1.587674e-1
1.131484e+2	1.584214e-1
1.131181e+2	1.587877e-1
1.131944e+2	1.590587e-1
1.131646e+2	1.587056e-1
1.132359e+2	1.587179e-1
1.132047e+2	1.588135e-1
1.132779e+2	1.586431e-1
1.132420e+2	1.588412e-1
1.133208e+2	1.590075e-1
1.132928e+2	1.588805e-1
1.133632e+2	1.586304e-1
1.133201e+2	1.589752e-1
1.134037e+2	1.587814e-1
1.133678e+2	1.589731e-1
1.134473e+2	1.591061e-1
1.134178e+2	1.591257e-1
1.134830e+2	1.591554e-1
1.134479e+2	1.588606e-1
1.135278e+2	1.590495e-1
1.134933e+2	1.592127e-1
1.135693e+2	1.593262e-1
1.135386e+2	1.592909e-1
1.136074e+2	1.590918e-1
1.135727e+2	1.590593e-1
1.136551e+2	1.590323e-1
1.136258e+2	1.594804e-1
1.136896e+2	1.594926e-1
1.136500e+2	1.593102e-1
1.137328e+2	1.592280e-1
1.136972e+2	1.593177e-1
1.137716e+2	1.592305e-1
1.137454e+2	1.593664e-1
1.138126e+2	1.592548e-1
1.137785e+2	1.594538e-1
1.138558e+2	1.593916e-1
1.138250e+2	1.594822e-1
1.138947e+2	1.594175e-1
1.138683e+2	1.595606e-1
1.139323e+2	1.595481e-1
1.139023e+2	1.594266e-1
1.139885e+2	1.596432e-1
1.139513e+2	1.595433e-1
1.140093e+2	1.595912e-1
1.139767e+2	1.597745e-1
1.140511e+2	1.594792e-1
1.140202e+2	1.597508e-1
1.140959e+2	1.598281e-1
1.140686e+2	1.595981e-1
1.141267e+2	1.596123e-1
1.140990e+2	1.594951e-1
1.141758e+2	1.595082e-1
1.141418e+2	1.598346e-1
1.142049e+2	1.598934e-1
1.141858e+2	1.596053e-1
1.142488e+2	1.599956e-1
1.142199e+2	1.597303e-1
1.142985e+2	1.597041e-1
1.142706e+2	1.599179e-1
1.143287e+2	1.599079e-1
1.142972e+2	1.596600e-1
1.143696e+2	1.599158e-1
1.143437e+2	1.601505e-1
1.144110e+2	1.599080e-1
1.143939e+2	1.601914e-1
1.144458e+2	1.599693e-1
1.144252e+2	1.600543e-1
1.144973e+2	1.600211e-1
1.144707e+2	1.599753e-1
1.145255e+2	1.602873e-1
1.145094e+2	1.599697e-1
1.145698e+2	1.601411e-1
1.145474e+2	1.601130e-1
1.146214e+2	1.600637e-1
1.145956e+2	1.602482e-1
1.146476e+2	1.601095e-1
1.146219e+2	1.601519e-1
1.146897e+2	1.602290e-1
1.146700e+2	1.602975e-1
1.147245e+2	1.601589e-1
1.147119e+2	1.600964e-1
1.147543e+2	1.599444e-1
1.147541e+2	1.602896e-1
1.148106e+2	1.605413e-1
1.147927e+2	1.604559e-1
1.148359e+2	1.604924e-1
1.148240e+2	1.602587e-1
1.148911e+2	1.604701e-1
1.148671e+2	1.603916e-1
1.149350e+2	1.605160e-1
1.149157e+2	1.604400e-1
1.149541e+2	1.602935e-1
1.149530e+2	1.602453e-1
1.150107e+2	1.604065e-1
1.149897e+2	1.605541e-1
1.150440e+2	1.595314e-1
1.150343e+2	1.604668e-1
1.150734e+2	1.603800e-1
1.150749e+2	1.604440e-1
1.151289e+2	1.605050e-1
1.151164e+2	1.604144e-1
1.151530e+2	1.604457e-1
1.151518e+2	1.606052e-1
1.152066e+2	1.604747e-1
1.152087e+2	1.604921e-1
1.152449e+2	1.607237e-1
1.152350e+2	1.608220e-1
1.152738e+2	1.605771e-1
1.152884e+2	1.605749e-1
1.153261e+2	1.602074e-1
1.153214e+2	1.608218e-1
1.153488e+2	1.607986e-1
1.153601e+2	1.605593e-1
1.154021e+2	1.606806e-1
1.154022e+2	1.607723e-1
1.154459e+2	1.608073e-1
1.154458e+2	1.608490e-1
1.154656e+2	1.609069e-1
1.154800e+2	1.606123e-1
1.155185e+2	1.610687e-1
1.155233e+2	1.607430e-1
1.155550e+2	1.606421e-1
1.155633e+2	1.602902e-1
1.155856e+2	1.606301e-1
1.156031e+2	1.608729e-1
1.156409e+2	1.608880e-1
1.156397e+2	1.608243e-1
1.156598e+2	1.606970e-1
1.156778e+2	1.610049e-1
1.157017e+2	1.612276e-1
1.157345e+2	1.607854e-1
1.157529e+2	1.609482e-1
1.157568e+2	1.609530e-1
1.157699e+2	1.609635e-1
1.158087e+2	1.610953e-1
1.158229e+2	1.610995e-1
1.158460e+2	1.610136e-1
1.158650e+2	1.610717e-1
1.158759e+2	1.611402e-1
1.158903e+2	1.608840e-1
1.159290e+2	1.611165e-1
1.159425e+2	1.611632e-1
1.159492e+2	1.614153e-1
1.159612e+2	1.612461e-1
1.160039e+2	1.613762e-1
1.160115e+2	1.614099e-1
1.160449e+2	1.613582e-1
1.160545e+2	1.616497e-1
1.160831e+2	1.612798e-1
1.160776e+2	1.613506e-1
1.161211e+2	1.612751e-1
1.161293e+2	1.614271e-1
1.161648e+2	1.613378e-1
1.161689e+2	1.614434e-1
1.162031e+2	1.612799e-1
1.162024e+2	1.614494e-1
1.162553e+2	1.615473e-1
1.162477e+2	1.616376e-1
1.162739e+2	1.616199e-1
1.162714e+2	1.613581e-1
1.163272e+2	1.616352e-1
1.163145e+2	1.613541e-1
1.163667e+2	1.616568e-1
1.163634e+2	1.616679e-1
1.163926e+2	1.614570e-1
1.163864e+2	1.613628e-1
1.164435e+2	1.614993e-1
1.164326e+2	1.614863e-1
1.164850e+2	1.615118e-1
1.164686e+2	1.614941e-1
1.165207e+2	1.616999e-1
1.165086e+2	1.614186e-1
1.165639e+2	1.615993e-1
1.165494e+2	1.618322e-1
1.165949e+2	1.615026e-1
1.165726e+2	1.617735e-1
1.166366e+2	1.615644e-1
1.166200e+2	1.616724e-1
1.166801e+2	1.616823e-1
1.166624e+2	1.617677e-1
1.167157e+2	1.618772e-1
1.166936e+2	1.617646e-1
1.167572e+2	1.615368e-1
1.167354e+2	1.618089e-1
1.167895e+2	1.617055e-1
1.167739e+2	1.615170e-1
1.168339e+2	1.615412e-1
1.168064e+2	1.618805e-1
1.168770e+2	1.616345e-1
1.168551e+2	1.618736e-1
1.169020e+2	1.621693e-1
1.168775e+2	1.618615e-1
1.169513e+2	1.617993e-1
1.169195e+2	1.617696e-1
1.169830e+2	1.618918e-1
1.169629e+2	1.620173e-1
1.170273e+2	1.619870e-1
1.169943e+2	1.619962e-1
1.170623e+2	1.618786e-1
1.170359e+2	1.619420e-1
1.171045e+2	1.621149e-1
1.170717e+2	1.621067e-1
1.171441e+2	1.621860e-1
1.171070e+2	1.620344e-1
1.171789e+2	1.620193e-1
1.171530e+2	1.624015e-1
1.172165e+2	1.623136e-1
1.171752e+2	1.620702e-1
1.172561e+2	1.621048e-1
1.172200e+2	1.620548e-1
1.172937e+2	1.621536e-1
1.172642e+2	1.621545e-1
1.173305e+2	1.624391e-1
1.172921e+2	1.623449e-1
1.173703e+2	1.623519e-1
1.173368e+2	1.623976e-1
1.174022e+2	1.624372e-1
1.173734e+2	1.624031e-1
1.174432e+2	1.623499e-1
1.174038e+2	1.623620e-1
1.174884e+2	1.624222e-1
1.174502e+2	1.624166e-1
1.175162e+2	1.623817e-1
1.174773e+2	1.623391e-1
1.175508e+2	1.624999e-1
1.175162e+2	1.623657e-1
1.175899e+2	1.624100e-1
1.175601e+2	1.622663e-1
1.176279e+2	1.625804e-1
1.175925e+2	1.623262e-1
1.176707e+2	1.623833e-1
1.176392e+2	1.626893e-1
1.177030e+2	1.626835e-1
1.176636e+2	1.627429e-1
1.177400e+2	1.628589e-1
1.177039e+2	1.625813e-1
1.177765e+2	1.625867e-1
1.177491e+2	1.627200e-1
1.178091e+2	1.628394e-1
1.177771e+2	1.627829e-1
1.178546e+2	1.627687e-1
1.178210e+2	1.625233e-1
1.178804e+2	1.627645e-1
1.178473e+2	1.626820e-1
1.179198e+2	1.627874e-1
1.178858e+2	1.626701e-1
1.179609e+2	1.628292e-1
1.179284e+2	1.631536e-1
1.179908e+2	1.626906e-1
1.179579e+2	1.630528e-1
1.180271e+2	1.629306e-1
1.179963e+2	1.630673e-1
1.180620e+2	1.628712e-1
1.180388e+2	1.627340e-1
1.180949e+2	1.626291e-1
1.180718e+2	1.628142e-1
1.181453e+2	1.627177e-1
1.181133e+2	1.628570e-1
1.181668e+2	1.628046e-1
1.181415e+2	1.630897e-1
1.182058e+2	1.630047e-1
1.181795e+2	1.625630e-1
1.182557e+2	1.629810e-1
1.182239e+2	1.627829e-1
1.182763e+2	1.628097e-1
1.182527e+2	1.630685e-1
1.183233e+2	1.631700e-1
1.182883e+2	1.631487e-1
1.183475e+2	1.631581e-1
1.183315e+2	1.632610e-1
1.183870e+2	1.628306e-1
1.183628e+2	1.630721e-1
1.184287e+2	1.631349e-1
1.184057e+2	1.631953e-1
1.184583e+2	1.631653e-1
1.184336e+2	1.632207e-1
1.184956e+2	1.631050e-1
1.184735e+2	1.631295e-1
1.185400e+2	1.633042e-1
1.185167e+2	1.632960e-1
1.185609e+2	1.630527e-1
1.185480e+2	1.630587e-1
1.186087e+2	1.630136e-1
1.185809e+2	1.635829e-1
1.186336e+2	1.633634e-1
1.186253e+2	1.633349e-1
1.186742e+2	1.632471e-1
1.186569e+2	1.635766e-1
1.187197e+2	1.634382e-1
1.186977e+2	1.632848e-1
1.187421e+2	1.632986e-1
1.187242e+2	1.632978e-1
1.187821e+2	1.635490e-1
1.187736e+2	1.634353e-1
1.188174e+2	1.637560e-1
1.188070e+2	1.633857e-1
1.188528e+2	1.634625e-1
1.188488e+2	1.635296e-1
1.188926e+2	1.634920e-1
1.188788e+2	1.636105e-1
1.189204e+2	1.636718e-1
1.189123e+2	1.634671e-1
1.189598e+2	1.635932e-1
1.189533e+2	1.635427e-1
1.190005e+2	1.637978e-1
1.189936e+2	1.634358e-1
1.190199e+2	1.636099e-1
1.190216e+2	1.636088e-1
1.190691e+2	1.635210e-1
1.190602e+2	1.635265e-1
1.190966e+2	1.637003e-1
1.190997e+2	1.633762e-1
1.191258e+2	1.636291e-1
1.191376e+2	1.636532e-1
1.191785e+2	1.637484e-1
1.191711e+2	1.638221e-1
1.191954e+2	1.634493e-1
1.192059e+2	1.635932e-1
1.192344e+2	1.637217e-1
1.192562e+2	1.639066e-1
1.192823e+2	1.635937e-1
1.192777e+2	1.636394e-1
1.192996e+2	1.637647e-1
1.193246e+2	1.636365e-1
1.193518e+2	1.637016e-1
1.193581e+2	1.635081e-1
1.193821e+2	1.639316e-1
1.193875e+2	1.637808e-1
1.194125e+2	1.637330e-1
1.194406e+2	1.636586e-1
1.194592e+2	1.636678e-1
1.194556e+2	1.640735e-1
1.194781e+2	1.636374e-1
1.195063e+2	1.637947e-1
1.195235e+2	1.636390e-1
1.195433e+2	1.637834e-1
1.195630e+2	1.638608e-1
1.195805e+2	1.637069e-1
1.195879e+2	1.636216e-1
1.196133e+2	1.637295e-1
1.196377e+2	1.638056e-1
1.196538e+2	1.637159e-1
1.196625e+2	1.639492e-1
1.196880e+2	1.639108e-1
1.196994e+2	1.640077e-1
1.197392e+2	1.639058e-1
1.197392e+2	1.636806e-1
1.197525e+2	1.638572e-1
1.197629e+2	1.637796e-1
1.198015e+2	1.639730e-1
1.197991e+2	1.637718e-1
1.198353e+2	1.640186e-1
1.198430e+2	1.638600e-1
1.198774e+2	1.639024e-1
1.198666e+2	1.638752e-1
1.199045e+2	1.640547e-1
1.199099e+2	1.638809e-1
1.199401e+2	1.641761e-1
1.199307e+2	1.640111e-1
1.199736e+2	1.639165e-1
1.199710e+2	1.638798e-1
1.200113e+2	1.638496e-1
1.200098e+2	1.637852e-1
1.200403e+2	1.638060e-1
1.200313e+2	1.639684e-1
1.200770e+2	1.639864e-1
1.200721e+2	1.639238e-1
1.201180e+2	1.637849e-1
1.201094e+2	1.641379e-1
1.201508e+2	1.640203e-1
1.201339e+2	1.641415e-1
1.201917e+2	1.639891e-1
1.201805e+2	1.641596e-1
1.202108e+2	1.640004e-1
1.202041e+2	1.642210e-1
1.202596e+2	1.639286e-1
1.202366e+2	1.639296e-1
1.202966e+2	1.641963e-1
1.202825e+2	1.642379e-1
1.203157e+2	1.643374e-1
1.203028e+2	1.642975e-1
1.203638e+2	1.641222e-1
1.203399e+2	1.643928e-1
1.203868e+2	1.641131e-1
1.203790e+2	1.643354e-1
1.204326e+2	1.640832e-1
1.204089e+2	1.642158e-1
1.204763e+2	1.643590e-1
1.204501e+2	1.645231e-1
1.204995e+2	1.642354e-1
1.204714e+2	1.642028e-1
1.205422e+2	1.642234e-1
1.205111e+2	1.643727e-1
1.205685e+2	1.643494e-1
1.205563e+2	1.643139e-1
1.206073e+2	1.644851e-1
1.205770e+2	1.643934e-1
1.206467e+2	1.641585e-1
1.206170e+2	1.642890e-1
1.206772e+2	1.644368e-1
1.206522e+2	1.641208e-1
1.207188e+2	1.643883e-1
1.206820e+2	1.646053e-1
1.207551e+2	1.644530e-1
1.207273e+2	1.646777e-1
1.207834e+2	1.643620e-1
1.207522e+2	1.641441e-1
1.208212e+2	1.643680e-1
1.207842e+2	1.643293e-1
1.208598e+2	1.644471e-1
1.208237e+2	1.642791e-1
1.208886e+2	1.644328e-1
1.208511e+2	1.643935e-1
1.209201e+2	1.647619e-1
1.208840e+2	1.643497e-1
1.209547e+2	1.644812e-1
1.209236e+2	1.645901e-1
1.209910e+2	1.643759e-1
1.209525e+2	1.646611e-1
1.210254e+2	1.646348e-1
1.209923e+2	1.647867e-1
1.210574e+2	1.648963e-1
1.210164e+2	1.645434e-1
1.210891e+2	1.646313e-1
1.210542e+2	1.648756e-1
1.211305e+2	1.646465e-1
1.210972e+2	1.645676e-1
1.211580e+2	1.646541e-1
1.211230e+2	1.646328e-1
1.211946e+2	1.645126e-1
1.211577e+2	1.645692e-1
1.212232e+2	1.646651e-1
1.211979e+2	1.642706e-1
1.212619e+2	1.644500e-1
1.212251e+2	1.645880e-1
1.213000e+2	1.644139e-1
1.212681e+2	1.649309e-1
1.213296e+2	1.648029e-1
1.212884e+2	1.649262e-1
1.213637e+2	1.648804e-1
1.213285e+2	1.645276e-1
1.213981e+2	1.648350e-1
1.213697e+2	1.649281e-1
1.214260e+2	1.649688e-1
1.213957e+2	1.649726e-1
1.214687e+2	1.647444e-1
1.214360e+2	1.647811e-1
1.214945e+2	1.646060e-1
1.214637e+2	1.648834e-1
1.215316e+2	1.650587e-1
1.214978e+2	1.647432e-1
1.215693e+2	1.647063e-1
1.215386e+2	1.651414e-1
1.215958e+2	1.649973e-1
1.215626e+2	1.649859e-1
1.216289e+2	1.649684e-1
1.215991e+2	1.650377e-1
1.216593e+2	1.649061e-1
1.216364e+2	1.649781e-1
1.216634e+2	1.648491e-1
1.217357e+2	1.651147e-1
1.217046e+2	1.649844e-1
1.217571e+2	1.647858e-1
1.217307e+2	1.649817e-1
1.217952e+2	1.650884e-1
1.217678e+2	1.647046e-1
1.218415e+2	1.648686e-1
1.218102e+2	1.649663e-1
1.218589e+2	1.651099e-1
1.218352e+2	1.649096e-1
1.218959e+2	1.651298e-1
1.218678e+2	1.649586e-1
1.219252e+2	1.649392e-1
1.219076e+2	1.647836e-1
1.219606e+2	1.649564e-1
1.219365e+2	1.649577e-1
1.219979e+2	1.651652e-1
1.219750e+2	1.651296e-1
1.220249e+2	1.648361e-1
1.219999e+2	1.650166e-1
1.220595e+2	1.650092e-1
1.220318e+2	1.651470e-1
1.220971e+2	1.650283e-1
1.220721e+2	1.650652e-1
1.221179e+2	1.648135e-1
1.220994e+2	1.648381e-1
1.221612e+2	1.649343e-1
1.221317e+2	1.650820e-1
1.221803e+2	1.651722e-1
1.221713e+2	1.652156e-1
1.222200e+2	1.652650e-1
1.222016e+2	1.652618e-1
1.222608e+2	1.653190e-1
1.222390e+2	1.650710e-1
1.222784e+2	1.650711e-1
1.222649e+2	1.653000e-1
1.223256e+2	1.652265e-1
1.223128e+2	1.652518e-1
1.223516e+2	1.651982e-1
1.223381e+2	1.652292e-1
1.223820e+2	1.652411e-1
1.223786e+2	1.653230e-1
1.224190e+2	1.654004e-1
1.224055e+2	1.653677e-1
1.224431e+2	1.651479e-1
1.224358e+2	1.653717e-1
1.224779e+2	1.654767e-1
1.224810e+2	1.654466e-1
1.225196e+2	1.653281e-1
1.225128e+2	1.652212e-1
1.225354e+2	1.653628e-1
1.225378e+2	1.652228e-1
1.225825e+2	1.652336e-1
1.225719e+2	1.654816e-1
1.226057e+2	1.654046e-1
1.226067e+2	1.653217e-1
1.226346e+2	1.655392e-1
1.226405e+2	1.652226e-1
1.226813e+2	1.653877e-1
1.226733e+2	1.655574e-1
1.226948e+2	1.653437e-1
1.227045e+2	1.654357e-1
1.227415e+2	1.653534e-1
1.227540e+2	1.651776e-1
1.227745e+2	1.657015e-1
1.227705e+2	1.656202e-1
1.227966e+2	1.653976e-1
1.228135e+2	1.655531e-1
1.228376e+2	1.654855e-1
1.228507e+2	1.654092e-1
1.228682e+2	1.656634e-1
1.228716e+2	1.654115e-1
1.228935e+2	1.656095e-1
1.229208e+2	1.655617e-1
1.229373e+2	1.657267e-1
1.229459e+2	1.653458e-1
1.229535e+2	1.654476e-1
1.229759e+2	1.654673e-1
1.229939e+2	1.656821e-1
1.230129e+2	1.657581e-1
1.230308e+2	1.655060e-1
1.230464e+2	1.656408e-1
1.230521e+2	1.654845e-1
1.230752e+2	1.658607e-1
1.230967e+2	1.655504e-1
1.231094e+2	1.658338e-1
1.231195e+2	1.657891e-1
1.231425e+2	1.657128e-1
1.231487e+2	1.657441e-1
1.231913e+2	1.657668e-1
1.231929e+2	1.656377e-1
1.232012e+2	1.659741e-1
1.232127e+2	1.656353e-1
1.232510e+2	1.656084e-1
1.232468e+2	1.659513e-1
1.232833e+2	1.657975e-1
1.232885e+2	1.658666e-1
1.233073e+2	1.658722e-1
1.233101e+2	1.658216e-1
1.233483e+2	1.657366e-1
1.233512e+2	1.676997e-1
1.233839e+2	1.658538e-1
1.233711e+2	1.659740e-1
1.234130e+2	1.657662e-1
1.234074e+2	1.657164e-1
1.234626e+2	1.657571e-1
1.234438e+2	1.659090e-1
1.234748e+2	1.658864e-1
1.234634e+2	1.658097e-1
1.235170e+2	1.658141e-1
1.235051e+2	1.659989e-1
1.235355e+2	1.660110e-1
1.235353e+2	1.656840e-1
1.235836e+2	1.658405e-1
1.235680e+2	1.657804e-1
1.236180e+2	1.656352e-1
1.236034e+2	1.660912e-1
1.236434e+2	1.657712e-1
1.236259e+2	1.660215e-1
1.236778e+2	1.659008e-1
1.236630e+2	1.658337e-1
1.237110e+2	1.654619e-1
1.236976e+2	1.660267e-1
