8.411402e+1	-1.865785e-1
8.410441e+1	-1.861434e-1
8.412982e+1	-1.862339e-1
8.411290e+1	-1.857674e-1
8.415742e+1	-1.861338e-1
8.414052e+1	-1.859153e-1
8.414131e+1	-1.859716e-1
8.412139e+1	-1.860168e-1
8.416157e+1	-1.860292e-1
8.412542e+1	-1.857566e-1
8.415268e+1	-1.855899e-1
8.412574e+1	-1.845200e-1
8.418103e+1	-1.702842e-1
8.423418e+1	-1.183317e-1
8.440484e+1	-1.022133e-1
8.454074e+1	-1.235062e-1
8.472262e+1	-1.780127e-1
8.485975e+1	-1.883707e-1
8.507934e+1	-1.888803e-1
8.523104e+1	-1.886814e-1
8.547674e+1	-1.883356e-1
8.561550e+1	-1.883776e-1
8.580112e+1	-1.879254e-1
8.594226e+1	-1.879965e-1
8.616996e+1	-1.883642e-1
8.628003e+1	-1.883446e-1
8.647603e+1	-1.886423e-1
8.658097e+1	-1.885696e-1
8.677627e+1	-1.891624e-1
8.688305e+1	-1.893748e-1
8.708874e+1	-1.899173e-1
8.721018e+1	-1.901046e-1
8.741402e+1	-1.901454e-1
8.754070e+1	-1.907139e-1
8.777428e+1	-1.906914e-1
8.790820e+1	-1.911351e-1
8.813675e+1	-1.915546e-1
8.827798e+1	-1.915759e-1
8.849091e+1	-1.918631e-1
8.861394e+1	-1.916475e-1
8.884293e+1	-1.918363e-1
8.896655e+1	-1.920229e-1
8.916513e+1	-1.918589e-1
8.929673e+1	-1.925214e-1
8.951213e+1	-1.925868e-1
8.962209e+1	-1.929249e-1
8.983957e+1	-1.929912e-1
8.995457e+1	-1.928606e-1
9.016613e+1	-1.930893e-1
9.024899e+1	-1.931027e-1
9.047692e+1	-1.934296e-1
9.057052e+1	-1.932101e-1
9.077061e+1	-1.932085e-1
9.086823e+1	-1.931823e-1
9.108574e+1	-1.934615e-1
9.117015e+1	-1.936384e-1
9.139420e+1	-1.937146e-1
9.148635e+1	-1.936685e-1
9.168918e+1	-1.940061e-1
9.178940e+1	-1.938033e-1
9.202286e+1	-1.938936e-1
9.212762e+1	-1.937143e-1
9.234453e+1	-1.938624e-1
9.243924e+1	-1.940780e-1
9.266510e+1	-1.941131e-1
9.276283e+1	-1.941954e-1
9.298455e+1	-1.939733e-1
9.308715e+1	-1.939443e-1
9.329849e+1	-1.943507e-1
9.338735e+1	-1.938899e-1
9.361676e+1	-1.936020e-1
9.370777e+1	-1.939328e-1
9.392090e+1	-1.938495e-1
9.401752e+1	-1.939249e-1
9.422576e+1	-1.937639e-1
9.431314e+1	-1.937358e-1
9.452420e+1	-1.934590e-1
9.462772e+1	-1.933346e-1
9.483273e+1	-1.933820e-1
9.492728e+1	-1.934552e-1
9.514283e+1	-1.934321e-1
9.523367e+1	-1.932966e-1
9.545399e+1	-1.929660e-1
9.554807e+1	-1.928820e-1
9.575107e+1	-1.928358e-1
9.584246e+1	-1.928851e-1
9.605420e+1	-1.929145e-1
9.614314e+1	-1.923448e-1
9.634638e+1	-1.922862e-1
9.644900e+1	-1.923029e-1
9.664609e+1	-1.921453e-1
9.673485e+1	-1.920044e-1
9.694417e+1	-1.916653e-1
9.704277e+1	-1.915648e-1
9.724213e+1	-1.911171e-1
9.734392e+1	-1.908680e-1
9.754051e+1	-1.907382e-1
9.763401e+1	-1.906912e-1
9.784651e+1	-1.904865e-1
9.794218e+1	-1.899441e-1
9.813514e+1	-1.895738e-1
9.822535e+1	-1.890380e-1
9.843686e+1	-1.891960e-1
9.853619e+1	-1.885839e-1
9.873292e+1	-1.883212e-1
9.883997e+1	-1.881219e-1
9.903979e+1	-1.877214e-1
9.913861e+1	-1.869794e-1
9.934339e+1	-1.866546e-1
9.944688e+1	-1.862855e-1
9.963787e+1	-1.857966e-1
9.973955e+1	-1.854515e-1
9.994485e+1	-1.848435e-1
1.000471e+2	-1.848031e-1
1.002527e+2	-1.839694e-1
1.003554e+2	-1.833852e-1
1.005388e+2	-1.829752e-1
1.006376e+2	-1.820947e-1
1.008341e+2	-1.815256e-1
1.009321e+2	-1.809890e-1
1.011159e+2	-1.800091e-1
1.012207e+2	-1.791980e-1
1.014068e+2	-1.784417e-1
1.015055e+2	-1.778061e-1
1.016945e+2	-1.770439e-1
1.017959e+2	-1.759613e-1
1.019711e+2	-1.751362e-1
1.020746e+2	-1.742024e-1
1.022706e+2	-1.730285e-1
1.023812e+2	-1.720685e-1
1.025724e+2	-1.706262e-1
1.026740e+2	-1.695530e-1
1.028507e+2	-1.682143e-1
1.029613e+2	-1.668501e-1
1.031462e+2	-1.653274e-1
1.032416e+2	-1.636932e-1
1.034156e+2	-1.619274e-1
1.035292e+2	-1.602673e-1
1.036989e+2	-1.582097e-1
1.038061e+2	-1.564980e-1
1.039851e+2	-1.543682e-1
1.040925e+2	-1.519745e-1
1.042526e+2	-1.493318e-1
1.043616e+2	-1.469453e-1
1.045413e+2	-1.435623e-1
1.046460e+2	-1.406768e-1
1.048295e+2	-1.375461e-1
1.049427e+2	-1.338769e-1
1.051023e+2	-1.301080e-1
1.052262e+2	-1.260129e-1
1.054044e+2	-1.215871e-1
1.055165e+2	-1.165995e-1
1.056815e+2	-1.115803e-1
1.058065e+2	-1.061243e-1
1.059724e+2	-9.947464e-2
1.061033e+2	-9.368354e-2
1.062839e+2	-8.609830e-2
1.064073e+2	-7.845937e-2
1.065682e+2	-7.075095e-2
1.066923e+2	-6.141613e-2
1.068593e+2	-5.151546e-2
1.069930e+2	-4.123587e-2
1.071395e+2	-3.008141e-2
1.072487e+2	-1.875073e-2
1.074000e+2	-6.104332e-3
1.075400e+2	8.440477e-3
1.076960e+2	2.387912e-2
1.078206e+2	3.898066e-2
1.079718e+2	5.572011e-2
1.081017e+2	7.283911e-2
1.082640e+2	8.982056e-2
1.084078e+2	1.065059e-1
1.085659e+2	1.218292e-1
1.086958e+2	1.313157e-1
1.088373e+2	1.379733e-1
1.089777e+2	1.388780e-1
1.091311e+2	1.342673e-1
1.092881e+2	1.238182e-1
1.094216e+2	1.084328e-1
1.095554e+2	8.991719e-2
1.097016e+2	6.697349e-2
1.098598e+2	4.387847e-2
1.099980e+2	1.971622e-2
1.101152e+2	-3.923608e-3
1.102664e+2	-2.634220e-2
1.104071e+2	-4.778019e-2
1.105488e+2	-6.648077e-2
1.107107e+2	-8.199817e-2
1.108445e+2	-9.646657e-2
1.109711e+2	-1.084750e-1
1.111125e+2	-1.177361e-1
1.112726e+2	-1.253184e-1
1.114001e+2	-1.307961e-1
1.115578e+2	-1.353598e-1
1.116861e+2	-1.382155e-1
1.118217e+2	-1.408026e-1
1.119565e+2	-1.425380e-1
1.121200e+2	-1.437897e-1
1.122484e+2	-1.446478e-1
1.123953e+2	-1.453874e-1
1.125096e+2	-1.463814e-1
1.126667e+2	-1.470185e-1
1.127879e+2	-1.475383e-1
1.129670e+2	-1.485014e-1
1.130765e+2	-1.487119e-1
1.132200e+2	-1.491533e-1
1.133364e+2	-1.496705e-1
1.134921e+2	-1.498389e-1
1.136108e+2	-1.501259e-1
1.137709e+2	-1.502806e-1
1.138921e+2	-1.503239e-1
1.140421e+2	-1.503748e-1
1.141524e+2	-1.506814e-1
1.143286e+2	-1.506473e-1
1.144323e+2	-1.507742e-1
1.145714e+2	-1.508553e-1
1.146921e+2	-1.509399e-1
1.148565e+2	-1.508719e-1
1.149691e+2	-1.509386e-1
1.151511e+2	-1.512892e-1
1.152659e+2	-1.515218e-1
1.154112e+2	-1.513842e-1
1.155242e+2	-1.515418e-1
1.157014e+2	-1.512997e-1
1.157978e+2	-1.512656e-1
1.159305e+2	-1.489808e-1
1.160476e+2	-1.449910e-1
1.162054e+2	-1.402574e-1
1.162959e+2	-1.267731e-1
1.164777e+2	-9.242438e-2
1.165610e+2	-8.730505e-2
1.167018e+2	-1.170465e-1
1.167739e+2	-8.975947e-2
1.169101e+2	-3.806419e-2
1.169235e+2	2.336681e-2
1.169464e+2	5.373917e-2
1.168331e+2	9.341237e-2
1.167286e+2	9.237060e-2
1.165099e+2	9.474322e-2
1.163319e+2	1.047715e-1
1.160539e+2	1.240471e-1
1.158475e+2	1.503894e-1
1.155282e+2	1.857055e-1
1.152041e+2	2.237247e-1
1.140145e+2	2.544056e-1
1.120479e+2	2.727425e-1
1.102670e+2	2.807807e-1
1.091779e+2	2.833252e-1
1.083816e+2	2.838073e-1
1.078666e+2	2.822229e-1
1.074097e+2	2.807296e-1
1.071328e+2	2.787925e-1
1.068806e+2	2.766501e-1
1.068543e+2	2.746643e-1
1.067461e+2	2.727910e-1
1.067688e+2	2.705887e-1
1.066567e+2	2.684873e-1
1.066325e+2	2.667556e-1
1.064907e+2	2.651864e-1
1.064524e+2	2.630576e-1
1.062974e+2	2.618316e-1
1.062715e+2	2.600295e-1
1.061232e+2	2.586836e-1
1.059956e+2	2.573328e-1
1.058373e+2	2.556040e-1
1.058333e+2	2.542465e-1
1.057187e+2	2.528535e-1
1.057146e+2	2.512623e-1
1.055801e+2	2.502003e-1
1.055520e+2	2.489574e-1
1.053976e+2	2.480223e-1
1.053712e+2	2.468085e-1
1.052295e+2	2.456933e-1
1.051897e+2	2.445837e-1
1.050584e+2	2.435660e-1
1.050179e+2	2.428634e-1
1.048742e+2	2.414774e-1
1.048491e+2	2.401396e-1
1.046921e+2	2.393546e-1
1.046477e+2	2.383062e-1
1.044918e+2	2.376031e-1
1.043844e+2	2.364529e-1
1.042305e+2	2.351771e-1
1.041061e+2	2.352579e-1
1.036014e+2	2.226071e-1
1.031269e+2	1.912944e-1
1.026060e+2	1.531438e-1
1.022683e+2	1.159923e-1
1.018625e+2	8.589948e-2
1.016600e+2	6.073083e-2
1.013989e+2	4.311924e-2
1.012841e+2	3.065546e-2
1.010717e+2	2.226198e-2
1.009952e+2	1.592029e-2
1.008158e+2	1.125728e-2
1.007462e+2	8.334733e-3
1.005734e+2	6.506265e-3
1.005161e+2	4.778967e-3
1.003441e+2	3.323160e-3
1.002926e+2	2.559933e-3
1.001431e+2	1.877123e-3
1.000741e+2	1.192459e-3
9.992752e+1	1.031138e-3
9.990129e+1	5.710295e-4
9.974545e+1	2.102262e-4
9.968762e+1	1.263534e-4
9.953827e+1	-1.671458e-4
9.949533e+1	-7.452596e-5
9.935207e+1	-2.181238e-4
9.932092e+1	-5.200477e-4
9.917389e+1	-6.448986e-4
9.911879e+1	-4.930242e-4
9.898146e+1	-7.642458e-4
9.894775e+1	-6.333566e-4
9.879476e+1	-5.790420e-4
9.875848e+1	-5.991195e-4
9.862898e+1	-9.084173e-4
9.858106e+1	-9.433071e-4
9.843985e+1	-8.288257e-4
9.841316e+1	-9.683778e-4
9.828068e+1	-9.131394e-4
9.824359e+1	-1.105643e-3
9.810798e+1	-8.511403e-4
9.808854e+1	-1.220274e-3
9.795116e+1	-1.241670e-3
9.791933e+1	-9.782833e-4
9.779472e+1	-1.238764e-3
9.774935e+1	-1.291080e-3
9.763460e+1	-1.296807e-3
9.761581e+1	-1.149007e-3
9.748432e+1	-1.429061e-3
9.744213e+1	-1.165124e-3
9.733722e+1	-1.393219e-3
9.730414e+1	-1.431701e-3
9.718694e+1	-1.152932e-3
9.717050e+1	-1.017374e-3
9.705230e+1	-1.240946e-3
9.701571e+1	-1.374874e-3
9.689923e+1	-1.292383e-3
9.687541e+1	-1.552431e-3
9.676311e+1	-1.403870e-3
9.672643e+1	-1.327514e-3
9.662674e+1	-1.664305e-3
9.656836e+1	-1.265098e-3
9.648256e+1	-1.423379e-3
9.645362e+1	-1.527615e-3
9.634316e+1	-1.474789e-3
9.629639e+1	-1.683388e-3
9.619740e+1	-1.546158e-3
9.618178e+1	-1.693221e-3
9.606575e+1	-1.659166e-3
9.604852e+1	-1.616967e-3
9.594234e+1	-1.858329e-3
9.588873e+1	-1.641949e-3
9.580438e+1	-2.078193e-3
9.578425e+1	-1.877036e-3
9.567618e+1	-1.831999e-3
9.562971e+1	-1.693166e-3
9.555294e+1	-2.178511e-3
9.550713e+1	-1.915894e-3
9.543348e+1	-2.047893e-3
9.540678e+1	-1.802315e-3
9.531076e+1	-1.794720e-3
9.526093e+1	-1.964158e-3
9.518629e+1	-1.882872e-3
9.516469e+1	-1.732416e-3
9.508375e+1	-1.930600e-3
9.503881e+1	-2.075171e-3
9.495708e+1	-2.133634e-3
9.491080e+1	-2.023835e-3
9.484600e+1	-2.194184e-3
9.480759e+1	-2.121833e-3
9.472895e+1	-2.016256e-3
9.468216e+1	-1.958745e-3
9.461549e+1	-2.548353e-3
9.457167e+1	-2.187533e-3
9.451957e+1	-2.213355e-3
9.447674e+1	-2.110340e-3
9.439205e+1	-2.396508e-3
9.434712e+1	-2.162239e-3
9.427975e+1	-2.351209e-3
9.423183e+1	-2.455761e-3
9.418648e+1	-2.103218e-3
9.413737e+1	-2.391994e-3
9.406730e+1	-2.274147e-3
9.401291e+1	-2.316227e-3
9.396236e+1	-2.516665e-3
9.391127e+1	-2.465915e-3
9.385430e+1	-2.599087e-3
9.380141e+1	-2.442433e-3
9.375500e+1	-2.280746e-3
9.368901e+1	-2.249637e-3
9.363965e+1	-2.366041e-3
9.358629e+1	-2.395037e-3
9.352457e+1	-2.623501e-3
9.345374e+1	-2.295360e-3
9.341930e+1	-2.516195e-3
9.337224e+1	-2.388191e-3
9.333264e+1	-2.082761e-3
9.327828e+1	-2.373483e-3
9.324348e+1	-2.352418e-3
9.316775e+1	-2.359678e-3
9.313720e+1	-2.362896e-3
9.308648e+1	-2.443187e-3
9.304400e+1	-2.606207e-3
9.297970e+1	-2.427908e-3
9.294490e+1	-2.412250e-3
9.287935e+1	-2.507739e-3
9.284498e+1	-2.799738e-3
9.279345e+1	-2.781025e-3
9.274764e+1	-2.347603e-3
9.267970e+1	-2.302454e-3
9.267095e+1	-2.372082e-3
9.259221e+1	-2.318610e-3
9.257771e+1	-2.311502e-3
9.250849e+1	-2.458984e-3
9.248885e+1	-2.498463e-3
9.240712e+1	-2.436824e-3
9.240948e+1	-2.554289e-3
9.234270e+1	-2.633364e-3
9.230169e+1	-2.825050e-3
9.222328e+1	-2.541173e-3
9.221480e+1	-2.806606e-3
9.213097e+1	-2.640189e-3
9.211960e+1	-2.914265e-3
9.204483e+1	-2.616988e-3
9.204263e+1	-2.633572e-3
9.195969e+1	-2.957243e-3
9.195851e+1	-2.798981e-3
9.186737e+1	-2.792394e-3
9.183969e+1	-2.697783e-3
9.175970e+1	-2.577195e-3
9.176522e+1	-2.499366e-3
9.168502e+1	-2.537944e-3
9.168072e+1	-2.714496e-3
9.159269e+1	-2.850778e-3
9.158447e+1	-2.863979e-3
9.149205e+1	-2.584459e-3
9.150649e+1	-2.634647e-3
9.142159e+1	-2.705813e-3
9.142044e+1	-2.961776e-3
9.132463e+1	-2.845335e-3
9.133247e+1	-2.569905e-3
9.123829e+1	-2.953450e-3
9.124966e+1	-2.862390e-3
9.115149e+1	-2.677540e-3
9.116464e+1	-2.871429e-3
9.107022e+1	-2.910746e-3
9.108568e+1	-2.673534e-3
9.099528e+1	-2.785181e-3
9.099998e+1	-2.781304e-3
9.090337e+1	-2.879247e-3
9.092525e+1	-3.119557e-3
9.083629e+1	-2.618759e-3
9.084824e+1	-2.850503e-3
9.073871e+1	-2.926942e-3
9.075166e+1	-2.822547e-3
9.064692e+1	-2.931698e-3
9.067606e+1	-2.677274e-3
9.058640e+1	-2.794709e-3
9.059455e+1	-2.779463e-3
9.048926e+1	-2.897492e-3
9.051089e+1	-2.931917e-3
9.041455e+1	-2.930016e-3
9.043541e+1	-2.938856e-3
9.033490e+1	-3.153963e-3
9.035859e+1	-2.875905e-3
9.025358e+1	-2.805337e-3
9.028428e+1	-2.957097e-3
9.018487e+1	-3.126725e-3
9.020452e+1	-3.071872e-3
9.009535e+1	-3.293152e-3
9.012402e+1	-3.042382e-3
9.003042e+1	-3.069595e-3
9.004571e+1	-2.803228e-3
8.995061e+1	-2.811511e-3
8.997721e+1	-3.050134e-3
8.986794e+1	-2.900939e-3
8.990458e+1	-3.071209e-3
8.980540e+1	-3.291021e-3
8.982576e+1	-3.158292e-3
8.972522e+1	-3.149547e-3
8.975578e+1	-3.057302e-3
8.965873e+1	-3.108294e-3
8.968275e+1	-3.256958e-3
8.957956e+1	-3.296791e-3
8.961254e+1	-3.066329e-3
8.951759e+1	-3.154212e-3
8.954658e+1	-3.184191e-3
8.945478e+1	-3.430427e-3
8.947294e+1	-3.205483e-3
8.936841e+1	-3.279686e-3
8.940255e+1	-3.262626e-3
8.930593e+1	-3.124900e-3
8.931301e+1	-3.460530e-3
8.921539e+1	-3.277818e-3
8.924667e+1	-3.396157e-3
8.922467e+1	-3.356498e-3
8.918569e+1	-3.542037e-3
8.909727e+1	-3.596895e-3
8.911710e+1	-3.409516e-3
8.902504e+1	-3.473950e-3
8.905313e+1	-3.393898e-3
8.895824e+1	-3.473368e-3
8.898609e+1	-3.680436e-3
8.890125e+1	-3.826083e-3
8.891307e+1	-3.760389e-3
8.882314e+1	-3.989060e-3
8.885998e+1	-4.334751e-3
8.876046e+1	-4.293888e-3
8.876828e+1	-4.308601e-3
8.867413e+1	-4.767285e-3
8.870258e+1	-4.596947e-3
8.860953e+1	-4.829333e-3
8.864202e+1	-5.054787e-3
8.855526e+1	-5.463865e-3
8.856701e+1	-5.802326e-3
8.848527e+1	-5.945870e-3
8.851244e+1	-6.463667e-3
8.842446e+1	-6.373354e-3
8.844465e+1	-7.108905e-3
8.836852e+1	-7.277716e-3
8.838591e+1	-7.523340e-3
8.829748e+1	-8.060083e-3
8.832604e+1	-8.464031e-3
8.824150e+1	-8.694046e-3
8.825233e+1	-8.937971e-3
8.816181e+1	-9.349024e-3
8.819603e+1	-9.813940e-3
8.810574e+1	-9.679053e-3
8.813027e+1	-1.036756e-2
8.805475e+1	-1.052312e-2
8.805750e+1	-1.093295e-2
8.797847e+1	-1.120314e-2
8.801158e+1	-1.175283e-2
8.792591e+1	-1.232522e-2
8.793748e+1	-1.293414e-2
8.786386e+1	-1.283605e-2
8.788447e+1	-1.361833e-2
8.780949e+1	-1.369145e-2
8.783621e+1	-1.446795e-2
8.775862e+1	-1.471188e-2
8.775619e+1	-1.528865e-2
8.768675e+1	-1.539374e-2
8.771457e+1	-1.611450e-2
8.763718e+1	-1.656530e-2
8.763339e+1	-1.724886e-2
8.757555e+1	-1.754443e-2
8.758543e+1	-1.783520e-2
8.752166e+1	-1.789673e-2
8.753834e+1	-1.788349e-2
8.746497e+1	-1.824798e-2
8.745275e+1	-1.814419e-2
8.739703e+1	-1.798627e-2
8.741824e+1	-1.804900e-2
8.735032e+1	-1.739220e-2
8.733488e+1	-1.695558e-2
8.728632e+1	-1.586114e-2
8.728737e+1	-1.554060e-2
8.723419e+1	-1.439267e-2
8.724134e+1	-1.286401e-2
8.718485e+1	-1.124082e-2
8.716190e+1	-9.514424e-3
8.711364e+1	-7.483983e-3
8.712757e+1	-4.875839e-3
8.706374e+1	-2.233092e-3
8.705306e+1	1.064815e-3
8.701321e+1	4.481054e-3
8.700430e+1	8.315535e-3
8.696133e+1	1.195976e-2
8.697005e+1	1.634220e-2
8.690788e+1	2.118000e-2
8.689540e+1	2.621509e-2
8.684789e+1	3.156728e-2
8.684966e+1	3.708681e-2
8.680649e+1	4.313966e-2
8.680330e+1	4.930340e-2
8.674903e+1	5.592323e-2
8.672690e+1	6.279949e-2
8.669960e+1	7.031266e-2
8.669905e+1	7.758581e-2
8.664450e+1	8.492617e-2
8.662745e+1	9.290672e-2
8.659573e+1	1.001112e-1
8.658275e+1	1.083643e-1
8.654534e+1	1.164451e-1
8.654154e+1	1.244959e-1
8.649554e+1	1.322914e-1
8.646833e+1	1.398773e-1
8.643831e+1	1.474540e-1
8.642710e+1	1.551013e-1
8.640016e+1	1.626512e-1
8.637037e+1	1.690339e-1
8.633955e+1	1.757081e-1
8.631659e+1	1.815596e-1
8.631287e+1	1.872142e-1
8.628992e+1	1.918869e-1
8.626245e+1	1.959740e-1
8.622261e+1	1.995734e-1
8.621244e+1	2.023550e-1
8.618147e+1	2.046855e-1
8.617989e+1	2.062505e-1
8.613056e+1	2.069968e-1
8.610735e+1	2.065376e-1
8.606411e+1	2.056695e-1
8.605436e+1	2.036319e-1
8.603039e+1	2.009988e-1
8.600379e+1	1.975968e-1
8.597409e+1	1.938102e-1
8.596549e+1	1.889309e-1
8.592814e+1	1.832777e-1
8.593978e+1	1.772544e-1
8.589832e+1	1.704232e-1
8.587041e+1	1.633195e-1
8.583581e+1	1.562827e-1
8.584840e+1	1.484035e-1
8.578732e+1	1.403082e-1
8.579805e+1	1.324680e-1
8.575227e+1	1.242372e-1
8.573829e+1	1.159556e-1
8.568634e+1	1.076224e-1
8.570394e+1	9.908429e-2
8.565638e+1	9.187275e-2
8.565953e+1	8.453430e-2
8.559875e+1	7.630170e-2
8.561124e+1	6.897369e-2
8.555573e+1	6.147511e-2
8.558429e+1	5.448753e-2
8.551639e+1	4.792025e-2
8.551911e+1	4.112114e-2
8.546199e+1	3.477257e-2
8.548855e+1	2.850648e-2
8.542406e+1	2.228741e-2
8.543859e+1	1.656319e-2
8.536890e+1	1.062272e-2
8.538716e+1	4.939150e-3
8.532063e+1	-1.239627e-4
8.535147e+1	-5.462894e-3
8.528120e+1	-1.120525e-2
8.528665e+1	-1.577290e-2
8.522810e+1	-2.026494e-2
8.526426e+1	-2.538569e-2
8.519280e+1	-3.006439e-2
8.522789e+1	-3.466747e-2
8.515478e+1	-3.889355e-2
8.518395e+1	-4.295670e-2
8.511064e+1	-4.726763e-2
8.514829e+1	-5.119871e-2
8.508132e+1	-5.485669e-2
8.509563e+1	-5.882870e-2
8.502670e+1	-6.276842e-2
8.507239e+1	-6.634624e-2
8.499328e+1	-6.976250e-2
8.503412e+1	-7.286844e-2
8.495400e+1	-7.647476e-2
8.498937e+1	-7.927876e-2
8.491338e+1	-8.217636e-2
8.495845e+1	-8.547526e-2
8.487951e+1	-8.850900e-2
8.491881e+1	-9.129981e-2
8.483573e+1	-9.400217e-2
8.487632e+1	-9.650692e-2
8.478934e+1	-9.930467e-2
8.483845e+1	-1.019584e-1
8.476442e+1	-1.045966e-1
8.479743e+1	-1.068644e-1
8.470845e+1	-1.090028e-1
8.476349e+1	-1.113723e-1
8.467687e+1	-1.136499e-1
8.472765e+1	-1.153226e-1
8.465330e+1	-1.179562e-1
8.469045e+1	-1.202755e-1
8.460302e+1	-1.219623e-1
8.465646e+1	-1.239375e-1
8.457443e+1	-1.256989e-1
8.461366e+1	-1.274856e-1
8.452861e+1	-1.293834e-1
8.457601e+1	-1.311768e-1
8.448515e+1	-1.330845e-1
8.454322e+1	-1.342233e-1
8.445655e+1	-1.356747e-1
8.449405e+1	-1.373015e-1
8.440392e+1	-1.389021e-1
8.445574e+1	-1.406420e-1
8.436733e+1	-1.418636e-1
8.441899e+1	-1.430174e-1
8.434454e+1	-1.448830e-1
8.438878e+1	-1.462691e-1
8.430414e+1	-1.476126e-1
8.436063e+1	-1.512082e-1
8.428328e+1	-1.554672e-1
8.432550e+1	-1.711986e-1
8.424088e+1	-1.843126e-1
8.428619e+1	-1.856473e-1
8.420433e+1	-1.845457e-1
8.426212e+1	-1.858233e-1
8.417703e+1	-1.868851e-1
8.421068e+1	-1.877926e-1
8.412779e+1	-1.888225e-1
8.417870e+1	-1.896392e-1
8.409309e+1	-1.904886e-1
8.413306e+1	-1.755912e-1
8.405806e+1	-1.723440e-1
8.409469e+1	-2.136074e-1
8.402380e+1	-2.469579e-1
8.408626e+1	-2.642628e-1
8.400516e+1	-2.503177e-1
8.404428e+1	-2.177566e-1
8.396105e+1	-2.058128e-1
8.401235e+1	-2.063124e-1
8.393698e+1	-2.018642e-1
8.398534e+1	-1.842175e-1
8.391310e+1	-1.846220e-1
8.394619e+1	-1.857297e-1
8.386949e+1	-1.898627e-1
8.392133e+1	-1.890558e-1
8.384060e+1	-1.894069e-1
8.386978e+1	-1.900754e-1
8.381063e+1	-1.906936e-1
8.384514e+1	-1.912994e-1
8.377123e+1	-1.921853e-1
8.382665e+1	-2.081097e-1
8.375188e+1	-2.296462e-1
8.377845e+1	-2.340738e-1
8.370091e+1	-2.347986e-1
8.375177e+1	-2.356194e-1
8.367983e+1	-2.359353e-1
8.373186e+1	-2.365110e-1
8.365909e+1	-2.368131e-1
8.368159e+1	-2.372088e-1
8.361696e+1	-2.355173e-1
8.365584e+1	-2.272993e-1
8.358605e+1	-2.211385e-1
8.362233e+1	-2.167272e-1
8.356544e+1	-2.156615e-1
8.359551e+1	-2.154642e-1
8.352708e+1	-2.158532e-1
8.356084e+1	-2.162409e-1
8.350044e+1	-2.167373e-1
8.352366e+1	-2.172963e-1
8.345636e+1	-2.158237e-1
8.349497e+1	-2.159418e-1
8.342636e+1	-2.165989e-1
8.347226e+1	-2.171648e-1
8.341359e+1	-2.172362e-1
8.343440e+1	-2.175145e-1
8.337234e+1	-2.178064e-1
8.341909e+1	-2.182243e-1
8.335521e+1	-2.185420e-1
8.337517e+1	-2.191437e-1
8.331801e+1	-2.195737e-1
8.334753e+1	-2.201535e-1
8.328296e+1	-2.203704e-1
8.332644e+1	-2.204785e-1
8.326730e+1	-2.207611e-1
8.328603e+1	-2.212035e-1
8.323529e+1	-2.214341e-1
8.327404e+1	-2.175463e-1
8.321646e+1	-2.139293e-1
8.323175e+1	-2.147428e-1
8.319204e+1	-2.151731e-1
8.321003e+1	-2.157880e-1
8.316664e+1	-2.158835e-1
8.319079e+1	-2.160258e-1
8.314343e+1	-2.165251e-1
8.313560e+1	-2.169038e-1
8.310160e+1	-2.170724e-1
8.313257e+1	-2.173641e-1
8.307873e+1	-2.179510e-1
8.309764e+1	-2.181782e-1
8.305973e+1	-2.182870e-1
8.306084e+1	-2.186397e-1
8.303838e+1	-2.187412e-1
8.305572e+1	-2.189578e-1
8.301387e+1	-2.192393e-1
8.301912e+1	-2.195969e-1
8.299073e+1	-2.200008e-1
8.300990e+1	-2.209613e-1
8.298144e+1	-2.203645e-1
8.299168e+1	-2.207560e-1
8.294627e+1	-2.209926e-1
8.294116e+1	-2.215552e-1
8.292704e+1	-2.214223e-1
8.294226e+1	-2.216036e-1
8.290583e+1	-2.221212e-1
8.290497e+1	-2.222228e-1
8.288856e+1	-2.225896e-1
8.289053e+1	-2.223817e-1
8.286703e+1	-2.226528e-1
8.286799e+1	-2.232706e-1
8.284501e+1	-2.232271e-1
8.282956e+1	-2.233467e-1
8.281039e+1	-2.239139e-1
8.281815e+1	-2.240499e-1
8.280696e+1	-2.240623e-1
8.279000e+1	-2.240499e-1
8.277221e+1	-2.242723e-1
8.275864e+1	-2.244867e-1
8.276500e+1	-2.245807e-1
8.275294e+1	-2.250355e-1
8.273454e+1	-2.251503e-1
8.269978e+1	-2.253591e-1
8.269921e+1	-2.258771e-1
8.268297e+1	-2.256148e-1
8.269441e+1	-2.260559e-1
8.265925e+1	-2.263346e-1
8.264931e+1	-2.261910e-1
8.262534e+1	-2.264192e-1
8.264026e+1	-2.263288e-1
8.262085e+1	-2.267447e-1
8.261303e+1	-2.269213e-1
8.257359e+1	-2.271817e-1
8.258867e+1	-2.274407e-1
8.256481e+1	-2.274907e-1
8.257177e+1	-2.277030e-1
8.255599e+1	-2.275586e-1
8.255253e+1	-2.275580e-1
8.251010e+1	-2.281324e-1
8.252488e+1	-2.282367e-1
8.249427e+1	-2.284012e-1
8.250487e+1	-2.286518e-1
8.247913e+1	-2.289058e-1
8.248692e+1	-2.289606e-1
8.244772e+1	-2.288316e-1
8.248300e+1	-2.293153e-1
8.244320e+1	-2.293351e-1
8.243742e+1	-2.293560e-1
8.239541e+1	-2.295577e-1
8.244302e+1	-2.295702e-1
8.239299e+1	-2.299046e-1
8.241876e+1	-2.301030e-1
8.237853e+1	-2.298512e-1
8.238450e+1	-2.297902e-1
8.233923e+1	-2.303352e-1
8.238081e+1	-2.303303e-1
8.232818e+1	-2.306092e-1
8.234208e+1	-2.305360e-1
8.230618e+1	-2.306537e-1
8.234192e+1	-2.305001e-1
8.228009e+1	-2.308801e-1
8.231400e+1	-2.329001e-1
8.226725e+1	-2.272083e-1
8.224940e+1	-2.126433e-1
8.219255e+1	-1.853725e-1
8.229239e+1	-2.275986e-1
8.233036e+1	-2.301825e-1
8.248326e+1	-2.300039e-1
8.254394e+1	-2.294034e-1
8.269142e+1	-2.295986e-1
8.273456e+1	-2.294124e-1
8.289620e+1	-2.295518e-1
8.293434e+1	-2.298432e-1
8.306221e+1	-2.302269e-1
8.310185e+1	-2.297778e-1
8.323389e+1	-2.294951e-1
8.324500e+1	-2.289376e-1
8.337384e+1	-2.280188e-1
8.341704e+1	-2.270489e-1
8.357136e+1	-2.259820e-1
8.363183e+1	-2.254367e-1
8.382997e+1	-2.251425e-1
8.389369e+1	-2.248099e-1
8.406702e+1	-2.244864e-1
8.415375e+1	-2.246264e-1
8.432629e+1	-2.245332e-1
8.439224e+1	-2.241337e-1
8.458975e+1	-2.236547e-1
8.465752e+1	-2.235785e-1
8.482430e+1	-2.232975e-1
8.488353e+1	-2.227716e-1
8.507451e+1	-2.227414e-1
8.512750e+1	-2.225944e-1
8.531856e+1	-2.219633e-1
8.537002e+1	-2.218731e-1
8.553881e+1	-2.217004e-1
8.557902e+1	-2.213301e-1
8.576068e+1	-2.211115e-1
8.580910e+1	-2.207979e-1
8.598439e+1	-2.206981e-1
8.603655e+1	-2.204715e-1
8.621552e+1	-2.200444e-1
8.625928e+1	-2.198448e-1
8.645196e+1	-2.196208e-1
8.650047e+1	-2.195556e-1
8.666781e+1	-2.187402e-1
8.670372e+1	-2.187049e-1
8.688482e+1	-2.182606e-1
8.692843e+1	-2.183758e-1
8.710919e+1	-2.180405e-1
8.717807e+1	-2.178475e-1
8.736912e+1	-2.172989e-1
8.743227e+1	-2.173371e-1
8.762308e+1	-2.169534e-1
8.768970e+1	-2.166056e-1
8.785856e+1	-2.165160e-1
8.789461e+1	-2.160561e-1
8.807560e+1	-2.161984e-1
8.811722e+1	-2.154946e-1
8.831013e+1	-2.152333e-1
8.837709e+1	-2.148650e-1
8.855932e+1	-2.144902e-1
8.861937e+1	-2.145693e-1
8.881926e+1	-2.140492e-1
8.889346e+1	-2.139519e-1
8.908167e+1	-2.136590e-1
8.914789e+1	-2.133881e-1
8.932734e+1	-2.129555e-1
8.939088e+1	-2.125718e-1
8.959073e+1	-2.120486e-1
8.966373e+1	-2.115426e-1
8.984123e+1	-2.113409e-1
8.990264e+1	-2.110407e-1
9.008760e+1	-2.107373e-1
9.016268e+1	-2.104273e-1
9.033857e+1	-2.103527e-1
9.041433e+1	-2.096306e-1
9.061206e+1	-2.094473e-1
9.069290e+1	-2.088718e-1
9.088946e+1	-2.083502e-1
9.096909e+1	-2.083992e-1
9.114497e+1	-2.075553e-1
9.121158e+1	-2.072089e-1
9.139700e+1	-2.067921e-1
9.147261e+1	-2.066230e-1
9.164463e+1	-2.061908e-1
9.173028e+1	-2.056489e-1
9.191750e+1	-2.055204e-1
9.199719e+1	-2.050297e-1
9.218433e+1	-2.044999e-1
9.225687e+1	-2.045491e-1
9.242599e+1	-2.034614e-1
9.250904e+1	-2.033704e-1
9.269979e+1	-2.030137e-1
9.278690e+1	-2.024125e-1
9.296507e+1	-2.016130e-1
9.305535e+1	-2.013100e-1
9.324747e+1	-2.008254e-1
9.333578e+1	-2.002757e-1
9.353176e+1	-1.996304e-1
9.361652e+1	-1.990136e-1
9.378500e+1	-1.984192e-1
9.386926e+1	-1.978824e-1
9.406518e+1	-1.976855e-1
9.414530e+1	-1.968807e-1
9.433134e+1	-1.962746e-1
9.442319e+1	-1.952425e-1
9.458733e+1	-1.948351e-1
9.467351e+1	-1.944096e-1
9.485903e+1	-1.937652e-1
9.494159e+1	-1.926966e-1
9.511851e+1	-1.925450e-1
9.522550e+1	-1.917140e-1
9.539751e+1	-1.913482e-1
9.549189e+1	-1.905140e-1
9.566951e+1	-1.896960e-1
9.576312e+1	-1.889015e-1
9.591999e+1	-1.877855e-1
9.601840e+1	-1.874433e-1
9.619832e+1	-1.861920e-1
9.628901e+1	-1.850731e-1
9.646965e+1	-1.845224e-1
9.656399e+1	-1.837465e-1
9.671203e+1	-1.831088e-1
9.682261e+1	-1.817083e-1
9.699436e+1	-1.809340e-1
9.708863e+1	-1.796628e-1
9.724267e+1	-1.784519e-1
9.735344e+1	-1.773686e-1
9.750883e+1	-1.758627e-1
9.761316e+1	-1.746508e-1
9.777146e+1	-1.733009e-1
9.786582e+1	-1.719890e-1
9.802043e+1	-1.705345e-1
9.813291e+1	-1.689134e-1
9.829579e+1	-1.676019e-1
9.857503e+1	-1.633824e-1
9.870219e+1	-1.624797e-1
9.884680e+1	-1.605944e-1
9.897833e+1	-1.587935e-1
9.913926e+1	-1.570373e-1
9.925109e+1	-1.547008e-1
9.939424e+1	-1.520550e-1
9.952227e+1	-1.498685e-1
9.966668e+1	-1.472686e-1
9.980777e+1	-1.445846e-1
9.994758e+1	-1.417578e-1
1.000576e+2	-1.388390e-1
1.002041e+2	-1.355085e-1
1.003460e+2	-1.319717e-1
1.004871e+2	-1.283940e-1
1.006116e+2	-1.244365e-1
1.007491e+2	-1.206540e-1
1.008702e+2	-1.161541e-1
1.010096e+2	-1.115906e-1
1.011575e+2	-1.067205e-1
1.012883e+2	-1.014010e-1
1.014159e+2	-9.565043e-2
1.015397e+2	-9.004406e-2
1.016821e+2	-8.325001e-2
1.018154e+2	-7.622035e-2
1.019594e+2	-6.883077e-2
1.020991e+2	-6.073867e-2
1.022310e+2	-5.195288e-2
1.023517e+2	-4.259517e-2
1.024945e+2	-3.309827e-2
1.026293e+2	-2.207075e-2
1.027675e+2	-1.031225e-2
1.028945e+2	1.560681e-3
1.030391e+2	1.405150e-2
1.031630e+2	2.861681e-2
1.033335e+2	4.357992e-2
1.034453e+2	5.916198e-2
1.035732e+2	7.730454e-2
1.037030e+2	9.549508e-2
1.038669e+2	1.147811e-1
1.039725e+2	1.339016e-1
1.041381e+2	1.542106e-1
1.042478e+2	1.726010e-1
1.043824e+2	1.873131e-1
1.044962e+2	1.974922e-1
1.046612e+2	2.027704e-1
1.047710e+2	2.023008e-1
1.049047e+2	1.971333e-1
1.050342e+2	1.869354e-1
1.051955e+2	1.722501e-1
1.052963e+2	1.554040e-1
1.054597e+2	1.330129e-1
1.055725e+2	1.144216e-1
1.057174e+2	9.344469e-2
1.058209e+2	7.285520e-2
1.059819e+2	5.352196e-2
1.060851e+2	3.511348e-2
1.062503e+2	1.789311e-2
1.063538e+2	3.162025e-3
1.065097e+2	-8.862702e-3
1.066063e+2	-1.982067e-2
1.067831e+2	-2.789142e-2
1.068752e+2	-3.452492e-2
1.070195e+2	-3.970033e-2
1.071216e+2	-4.300634e-2
1.072936e+2	-4.542099e-2
1.073772e+2	-4.699370e-2
1.075569e+2	-4.747609e-2
1.076539e+2	-4.783803e-2
1.078048e+2	-4.751217e-2
1.079081e+2	-4.709126e-2
1.080908e+2	-4.676951e-2
1.081772e+2	-4.636906e-2
1.083383e+2	-4.617994e-2
1.084454e+2	-4.560233e-2
1.086130e+2	-4.520976e-2
1.086986e+2	-4.497053e-2
1.088757e+2	-4.472163e-2
1.089687e+2	-4.396520e-2
1.091346e+2	-4.403796e-2
1.092178e+2	-4.356011e-2
1.093990e+2	-4.296119e-2
1.094827e+2	-4.253298e-2
1.096656e+2	-4.280424e-2
1.097563e+2	-4.245491e-2
1.099332e+2	-4.194807e-2
1.100170e+2	-4.174318e-2
1.101980e+2	-4.162118e-2
1.102791e+2	-4.173455e-2
1.104609e+2	-4.156638e-2
1.105406e+2	-4.135251e-2
1.107116e+2	-4.060873e-2
1.107876e+2	-4.123044e-2
1.109642e+2	-4.121279e-2
1.110560e+2	-4.141687e-2
1.112403e+2	-4.120113e-2
1.113250e+2	-4.134665e-2
1.115051e+2	-4.135332e-2
1.115822e+2	-4.109939e-2
1.117712e+2	-4.063754e-2
1.118572e+2	-3.902016e-2
1.120328e+2	-3.567310e-2
1.121038e+2	-2.227119e-2
1.122865e+2	8.270407e-3
1.123535e+2	2.835987e-2
1.125260e+2	4.399729e-2
1.126068e+2	5.114628e-2
1.127707e+2	5.510226e-2
1.128347e+2	4.677152e-2
1.130070e+2	2.830472e-2
1.130654e+2	-7.815265e-3
1.132115e+2	-1.712641e-2
1.132571e+2	-1.656561e-2
1.133834e+2	-1.577473e-2
1.134013e+2	-1.505305e-2
1.135248e+2	-1.667778e-2
1.135325e+2	-1.772361e-2
1.136164e+2	-1.728226e-2
1.135828e+2	-1.528090e-2
1.134948e+2	-8.637688e-3
1.131309e+2	5.497950e-3
1.127217e+2	2.428329e-2
1.120682e+2	4.717678e-2
1.114160e+2	7.913289e-2
1.104462e+2	1.238554e-1
1.085576e+2	1.446598e-1
1.061507e+2	1.510065e-1
1.045598e+2	1.364812e-1
1.033594e+2	1.087581e-1
1.025601e+2	6.746204e-2
1.019681e+2	2.392950e-2
1.016237e+2	-2.306891e-2
1.012550e+2	-6.213406e-2
1.010529e+2	-8.112394e-2
1.007874e+2	-9.427296e-2
1.006462e+2	-1.084048e-1
1.004168e+2	-1.367183e-1
1.003162e+2	-1.432147e-1
1.001241e+2	-1.493225e-1
1.000137e+2	-1.584671e-1
9.982763e+1	-1.937249e-1
9.975834e+1	-2.365152e-1
9.956874e+1	-2.587084e-1
9.948295e+1	-2.558561e-1
9.930725e+1	-2.582045e-1
9.924167e+1	-2.579190e-1
9.906709e+1	-2.583297e-1
9.901118e+1	-2.584440e-1
9.883649e+1	-2.634095e-1
9.875998e+1	-2.786904e-1
9.860187e+1	-2.853254e-1
9.855320e+1	-2.861577e-1
9.837762e+1	-2.870045e-1
9.832046e+1	-2.913781e-1
9.817447e+1	-2.905940e-1
9.811238e+1	-2.906867e-1
9.795474e+1	-2.906956e-1
9.791322e+1	-2.909995e-1
9.776508e+1	-2.909479e-1
9.769556e+1	-2.907946e-1
9.755041e+1	-2.908818e-1
9.751742e+1	-2.912742e-1
9.736181e+1	-2.912597e-1
9.730517e+1	-2.914299e-1
9.718238e+1	-2.913233e-1
9.712270e+1	-2.914449e-1
9.698882e+1	-2.916002e-1
9.694597e+1	-2.913478e-1
9.681505e+1	-2.915734e-1
9.675949e+1	-2.915851e-1
9.663651e+1	-2.912563e-1
9.658242e+1	-2.914263e-1
9.646011e+1	-2.914727e-1
9.641976e+1	-2.914109e-1
9.629477e+1	-2.915312e-1
9.622840e+1	-2.916170e-1
9.612304e+1	-2.917333e-1
9.608963e+1	-2.917438e-1
9.595728e+1	-2.916465e-1
9.589938e+1	-2.917684e-1
9.580975e+1	-2.914711e-1
9.575748e+1	-2.919265e-1
9.565216e+1	-2.918563e-1
9.561717e+1	-2.917019e-1
9.549806e+1	-2.919301e-1
9.543472e+1	-2.917834e-1
9.534090e+1	-2.919689e-1
9.530975e+1	-2.918372e-1
9.519765e+1	-2.919287e-1
9.516526e+1	-2.919396e-1
9.506495e+1	-2.918225e-1
9.499607e+1	-2.921288e-1
9.491241e+1	-2.919832e-1
9.487917e+1	-2.919328e-1
9.478661e+1	-2.918952e-1
9.471929e+1	-2.920132e-1
9.463874e+1	-2.918881e-1
9.458149e+1	-2.918687e-1
9.450503e+1	-2.918331e-1
9.446639e+1	-2.919174e-1
9.437165e+1	-2.922826e-1
9.431129e+1	-2.923407e-1
9.423908e+1	-2.921553e-1
9.420106e+1	-2.922335e-1
9.411396e+1	-2.925598e-1
9.407351e+1	-2.927350e-1
9.398777e+1	-2.925714e-1
9.391706e+1	-2.921880e-1
9.385597e+1	-2.922222e-1
9.381412e+1	-2.923464e-1
9.375227e+1	-2.924058e-1
9.368505e+1	-2.923967e-1
9.362005e+1	-2.926955e-1
9.355939e+1	-2.925877e-1
9.350133e+1	-2.925942e-1
9.346162e+1	-2.925151e-1
9.338252e+1	-2.924282e-1
9.331792e+1	-2.924039e-1
9.326444e+1	-2.925369e-1
9.321023e+1	-2.924480e-1
9.316365e+1	-2.923490e-1
9.309906e+1	-2.924274e-1
9.303365e+1	-2.923533e-1
9.297127e+1	-2.927022e-1
9.293380e+1	-2.925638e-1
9.287182e+1	-2.922635e-1
9.282317e+1	-2.924244e-1
9.275377e+1	-2.923137e-1
9.271065e+1	-2.924023e-1
9.263948e+1	-2.926841e-1
9.261278e+1	-2.928079e-1
9.255091e+1	-2.924791e-1
9.250355e+1	-2.926296e-1
9.241892e+1	-2.926548e-1
9.238873e+1	-2.926934e-1
9.232507e+1	-2.923684e-1
9.228382e+1	-2.923679e-1
9.220993e+1	-2.924040e-1
9.218950e+1	-2.925210e-1
9.211955e+1	-2.924852e-1
9.210449e+1	-2.924305e-1
9.202190e+1	-2.925676e-1
9.198400e+1	-2.925214e-1
9.190859e+1	-2.924253e-1
9.189236e+1	-2.926056e-1
9.182630e+1	-2.922885e-1
9.179248e+1	-2.922188e-1
9.170737e+1	-2.926087e-1
9.169288e+1	-2.925630e-1
9.161150e+1	-2.925316e-1
9.161158e+1	-2.926738e-1
9.153166e+1	-2.927153e-1
9.151756e+1	-2.923020e-1
9.142711e+1	-2.926349e-1
9.141207e+1	-2.927404e-1
9.133546e+1	-2.924544e-1
9.131563e+1	-2.925865e-1
9.122345e+1	-2.928003e-1
9.123342e+1	-2.927871e-1
9.114680e+1	-2.925615e-1
9.114240e+1	-2.924764e-1
9.106065e+1	-2.923034e-1
9.105059e+1	-2.926552e-1
9.095781e+1	-2.926437e-1
9.096650e+1	-2.925052e-1
9.088836e+1	-2.923258e-1
9.088291e+1	-2.926629e-1
9.077625e+1	-2.925262e-1
9.079010e+1	-2.921741e-1
9.069210e+1	-2.925921e-1
9.070163e+1	-2.921180e-1
9.062026e+1	-2.924522e-1
9.062473e+1	-2.923896e-1
9.052432e+1	-2.923634e-1
9.053109e+1	-2.926241e-1
9.044441e+1	-2.923204e-1
9.044066e+1	-2.926586e-1
9.034528e+1	-2.928501e-1
9.036369e+1	-2.924180e-1
9.027000e+1	-2.926844e-1
9.028512e+1	-2.924077e-1
9.018723e+1	-2.923187e-1
9.019646e+1	-2.923189e-1
9.009426e+1	-2.921018e-1
9.012087e+1	-2.923537e-1
9.003034e+1	-2.924733e-1
9.004169e+1	-2.923882e-1
8.993483e+1	-2.925267e-1
8.995946e+1	-2.924683e-1
8.985383e+1	-2.923110e-1
8.987998e+1	-2.922451e-1
8.978147e+1	-2.928387e-1
8.980177e+1	-2.926022e-1
8.969868e+1	-2.923468e-1
8.972402e+1	-2.926609e-1
8.962745e+1	-2.923051e-1
8.964734e+1	-2.922145e-1
8.953394e+1	-2.924192e-1
8.956984e+1	-2.925314e-1
8.946515e+1	-2.925827e-1
8.948938e+1	-2.924198e-1
8.939089e+1	-2.926664e-1
8.941489e+1	-2.923584e-1
8.931024e+1	-2.924131e-1
8.934420e+1	-2.923786e-1
8.924821e+1	-2.924191e-1
8.926094e+1	-2.923068e-1
8.915754e+1	-2.921901e-1
8.919585e+1	-2.921806e-1
8.909372e+1	-2.925171e-1
8.912007e+1	-2.924620e-1
8.902817e+1	-2.924934e-1
8.904962e+1	-2.924001e-1
8.894780e+1	-2.924504e-1
8.897933e+1	-2.932658e-1
8.888210e+1	-2.933769e-1
8.890579e+1	-2.939126e-1
8.880688e+1	-2.938057e-1
8.883543e+1	-2.934820e-1
8.873843e+1	-2.936864e-1
8.878773e+1	-2.935418e-1
8.867962e+1	-2.935684e-1
8.869932e+1	-2.933916e-1
8.860221e+1	-2.936823e-1
8.863483e+1	-2.935638e-1
8.853663e+1	-2.933700e-1
8.856087e+1	-2.936015e-1
8.847776e+1	-2.932861e-1
8.849958e+1	-2.935743e-1
8.840432e+1	-2.932316e-1
8.844054e+1	-2.932029e-1
8.834731e+1	-2.930694e-1
8.836657e+1	-2.930508e-1
8.826308e+1	-2.925480e-1
8.829261e+1	-2.931234e-1
8.820665e+1	-2.927069e-1
8.824253e+1	-2.929433e-1
8.815295e+1	-2.931996e-1
8.816510e+1	-2.932638e-1
8.807877e+1	-2.929636e-1
8.810445e+1	-2.931073e-1
8.801853e+1	-2.931783e-1
8.803654e+1	-2.932184e-1
8.794883e+1	-2.932512e-1
8.796606e+1	-2.929418e-1
8.788267e+1	-2.930026e-1
8.792205e+1	-2.932283e-1
8.783477e+1	-2.933676e-1
8.784622e+1	-2.932153e-1
8.776358e+1	-2.932502e-1
8.778833e+1	-2.932592e-1
8.770177e+1	-2.932440e-1
8.772225e+1	-2.929462e-1
8.764325e+1	-2.927665e-1
8.765260e+1	-2.930157e-1
8.757305e+1	-2.926411e-1
8.761104e+1	-2.930463e-1
8.752359e+1	-2.928210e-1
8.753136e+1	-2.927614e-1
8.745355e+1	-2.925314e-1
8.747940e+1	-2.926724e-1
8.739651e+1	-2.927971e-1
8.741953e+1	-2.927160e-1
8.735121e+1	-2.927196e-1
8.735202e+1	-2.928018e-1
8.728656e+1	-2.930280e-1
8.732141e+1	-2.930459e-1
8.724406e+1	-2.927658e-1
8.724973e+1	-2.924813e-1
8.717137e+1	-2.925624e-1
8.719909e+1	-2.925475e-1
8.712764e+1	-2.925428e-1
8.713614e+1	-2.919631e-1
8.707474e+1	-2.921060e-1
8.706501e+1	-2.916076e-1
8.701620e+1	-2.915017e-1
8.703417e+1	-2.913161e-1
8.696117e+1	-2.913841e-1
8.696974e+1	-2.910748e-1
8.689799e+1	-2.905141e-1
8.692302e+1	-2.902720e-1
8.684731e+1	-2.900881e-1
8.687620e+1	-2.895527e-1
8.680192e+1	-2.891581e-1
8.680025e+1	-2.888922e-1
8.674140e+1	-2.886764e-1
8.676606e+1	-2.878682e-1
8.669896e+1	-2.875811e-1
8.669449e+1	-2.874175e-1
8.664219e+1	-2.870556e-1
8.664508e+1	-2.856801e-1
8.659462e+1	-2.854669e-1
8.660336e+1	-2.852182e-1
8.654151e+1	-2.848206e-1
8.652645e+1	-2.839766e-1
8.648152e+1	-2.836631e-1
8.649534e+1	-2.829567e-1
8.643008e+1	-2.823351e-1
8.643426e+1	-2.821234e-1
8.638711e+1	-2.811846e-1
8.637166e+1	-2.805099e-1
8.633838e+1	-2.798525e-1
8.633744e+1	-2.792276e-1
8.628242e+1	-2.780943e-1
8.627191e+1	-2.772121e-1
8.622572e+1	-2.763496e-1
8.621711e+1	-2.755934e-1
8.619310e+1	-2.740734e-1
8.618585e+1	-2.723065e-1
8.613706e+1	-2.704243e-1
8.611694e+1	-2.691568e-1
8.609842e+1	-2.670151e-1
8.609597e+1	-2.641332e-1
8.604624e+1	-2.617468e-1
8.601570e+1	-2.587809e-1
8.599340e+1	-2.550767e-1
8.597204e+1	-2.514534e-1
8.596323e+1	-2.475668e-1
8.594159e+1	-2.435359e-1
8.590395e+1	-2.386668e-1
8.588335e+1	-2.335167e-1
8.586784e+1	-2.280902e-1
8.584794e+1	-2.220403e-1
8.581866e+1	-2.157417e-1
8.579947e+1	-2.094282e-1
8.578041e+1	-2.018849e-1
8.575042e+1	-1.939516e-1
8.573768e+1	-1.857109e-1
8.571961e+1	-1.774484e-1
8.568616e+1	-1.685190e-1
8.565198e+1	-1.591448e-1
8.563807e+1	-1.499226e-1
8.561221e+1	-1.396434e-1
8.561815e+1	-1.296009e-1
8.557255e+1	-1.192963e-1
8.555905e+1	-1.084182e-1
8.551844e+1	-9.805049e-2
8.552477e+1	-8.692568e-2
8.549344e+1	-7.639804e-2
8.547913e+1	-6.548580e-2
8.542405e+1	-5.412419e-2
8.543351e+1	-4.360227e-2
8.539332e+1	-3.301205e-2
8.539346e+1	-2.258247e-2
8.536020e+1	-1.333584e-2
8.534573e+1	-3.306277e-3
8.529110e+1	5.250608e-3
8.530389e+1	1.385353e-2
8.526685e+1	2.084375e-2
8.527492e+1	2.778113e-2
8.522882e+1	3.345011e-2
8.523140e+1	3.851912e-2
8.517398e+1	4.231464e-2
8.520323e+1	4.512745e-2
8.515156e+1	4.725949e-2
8.513668e+1	4.801373e-2
8.508614e+1	4.822034e-2
8.511199e+1	4.666079e-2
8.506103e+1	4.513368e-2
8.507950e+1	4.209193e-2
8.502514e+1	3.796088e-2
8.504167e+1	3.355612e-2
8.497584e+1	2.805821e-2
8.501206e+1	2.215786e-2
8.495557e+1	1.592946e-2
8.495565e+1	8.870189e-3
8.490380e+1	1.869368e-3
8.492668e+1	-4.995826e-3
8.486245e+1	-1.258226e-2
8.490245e+1	-1.963361e-2
8.483962e+1	-2.630194e-2
8.484685e+1	-3.395034e-2
8.478242e+1	-3.983580e-2
8.482534e+1	-4.664997e-2
8.475446e+1	-5.334819e-2
8.477886e+1	-5.949583e-2
8.472102e+1	-6.565951e-2
8.475116e+1	-7.134911e-2
8.467575e+1	-7.658909e-2
8.470871e+1	-8.227108e-2
8.464562e+1	-8.755655e-2
8.467182e+1	-9.236670e-2
8.458844e+1	-9.770960e-2
8.463153e+1	-1.024879e-1
8.455979e+1	-1.075917e-1
8.460554e+1	-1.121181e-1
8.453443e+1	-1.167064e-1
8.448716e+1	-1.250564e-1
8.453833e+1	-1.292100e-1
8.445861e+1	-1.328846e-1
8.450812e+1	-1.372396e-1
8.442727e+1	-1.405330e-1
8.446247e+1	-1.443319e-1
8.438104e+1	-1.479366e-1
8.443670e+1	-1.510748e-1
8.436338e+1	-1.547419e-1
8.440013e+1	-1.579279e-1
8.431818e+1	-1.610886e-1
8.436825e+1	-1.641607e-1
8.428300e+1	-1.670474e-1
8.434086e+1	-1.702639e-1
8.425861e+1	-1.728573e-1
8.430377e+1	-1.754595e-1
8.421902e+1	-1.781632e-1
8.427433e+1	-1.799367e-1
8.418858e+1	-1.825531e-1
8.424107e+1	-1.852642e-1
8.416271e+1	-1.872356e-1
8.420958e+1	-1.898235e-1
8.412010e+1	-1.916617e-1
8.417388e+1	-1.937342e-1
8.409579e+1	-1.956318e-1
8.413950e+1	-1.979330e-1
8.404870e+1	-1.993733e-1
8.409928e+1	-2.014233e-1
8.402041e+1	-2.030146e-1
8.408094e+1	-2.047841e-1
8.400282e+1	-2.068522e-1
8.404069e+1	-2.084400e-1
8.396555e+1	-2.099954e-1
8.401921e+1	-2.113087e-1
8.393927e+1	-2.131455e-1
8.399432e+1	-2.144477e-1
8.391572e+1	-2.159707e-1
8.395528e+1	-2.177888e-1
8.387292e+1	-2.188593e-1
8.392531e+1	-2.203065e-1
8.385382e+1	-2.214935e-1
8.389399e+1	-2.228335e-1
8.380873e+1	-2.239879e-1
8.385823e+1	-2.253816e-1
8.378676e+1	-2.261602e-1
8.383742e+1	-2.275728e-1
8.376668e+1	-2.287572e-1
8.380970e+1	-2.298512e-1
8.373260e+1	-2.308004e-1
8.378290e+1	-2.315808e-1
8.370436e+1	-2.328080e-1
8.375244e+1	-2.335149e-1
8.368291e+1	-2.345440e-1
8.371544e+1	-2.354509e-1
8.364408e+1	-2.366960e-1
8.370631e+1	-2.375471e-1
8.362799e+1	-2.377388e-1
8.365368e+1	-2.387805e-1
8.358188e+1	-2.397354e-1
8.363208e+1	-2.405278e-1
8.356145e+1	-2.414134e-1
8.361712e+1	-2.424718e-1
8.354727e+1	-2.428476e-1
8.358031e+1	-2.442372e-1
8.350756e+1	-2.447003e-1
8.355397e+1	-2.452956e-1
8.348619e+1	-2.455806e-1
8.352730e+1	-2.467493e-1
8.346566e+1	-2.470264e-1
8.349269e+1	-2.478634e-1
8.343574e+1	-2.486651e-1
8.348893e+1	-2.492464e-1
8.341957e+1	-2.498698e-1
8.344918e+1	-2.502920e-1
8.337085e+1	-2.508674e-1
8.342741e+1	-2.512211e-1
8.335026e+1	-2.519440e-1
8.339407e+1	-2.524361e-1
8.333765e+1	-2.531133e-1
8.336689e+1	-2.537232e-1
8.330298e+1	-2.543932e-1
8.335560e+1	-2.541451e-1
8.329200e+1	-2.552054e-1
8.331449e+1	-2.555560e-1
8.326611e+1	-2.558963e-1
8.329566e+1	-2.561911e-1
8.323379e+1	-2.567336e-1
8.327954e+1	-2.574760e-1
8.322035e+1	-2.579372e-1
8.324427e+1	-2.583527e-1
8.318106e+1	-2.587132e-1
8.322645e+1	-2.588045e-1
8.317498e+1	-2.592816e-1
8.320040e+1	-2.595862e-1
8.315293e+1	-2.601905e-1
8.316302e+1	-2.606423e-1
8.312001e+1	-2.605845e-1
8.315762e+1	-2.609724e-1
8.309729e+1	-2.613387e-1
8.310527e+1	-2.615373e-1
8.306248e+1	-2.619093e-1
8.309098e+1	-2.622497e-1
8.305503e+1	-2.624835e-1
8.307142e+1	-2.628945e-1
8.303297e+1	-2.632603e-1
8.304715e+1	-2.636374e-1
8.300385e+1	-2.642857e-1
8.303615e+1	-2.642739e-1
8.299348e+1	-2.645344e-1
8.300240e+1	-2.647773e-1
8.297926e+1	-2.650898e-1
8.299137e+1	-2.656085e-1
8.295301e+1	-2.659320e-1
8.297459e+1	-2.659176e-1
8.293716e+1	-2.664056e-1
8.292837e+1	-2.667254e-1
8.290233e+1	-2.670188e-1
8.293275e+1	-2.673018e-1
8.290792e+1	-2.676179e-1
8.289731e+1	-2.678289e-1
8.287602e+1	-2.680353e-1
8.287240e+1	-2.686692e-1
8.285508e+1	-2.690482e-1
8.287370e+1	-2.694434e-1
8.282948e+1	-2.695310e-1
8.283405e+1	-2.695226e-1
8.281167e+1	-2.695260e-1
8.281455e+1	-2.698367e-1
8.281125e+1	-2.705811e-1
8.278611e+1	-2.710788e-1
8.277498e+1	-2.709552e-1
8.276261e+1	-2.711031e-1
8.277764e+1	-2.713670e-1
8.274791e+1	-2.715020e-1
8.272953e+1	-2.715693e-1
8.272237e+1	-2.719315e-1
8.271040e+1	-2.721582e-1
8.271751e+1	-2.720096e-1
8.270367e+1	-2.723060e-1
8.268182e+1	-2.726417e-1
8.266445e+1	-2.726960e-1
8.266745e+1	-2.729644e-1
8.266811e+1	-2.730223e-1
8.265399e+1	-2.732906e-1
8.263328e+1	-2.734973e-1
8.263495e+1	-2.735125e-1
8.261264e+1	-2.740065e-1
8.263365e+1	-2.738771e-1
8.261051e+1	-2.741871e-1
8.259048e+1	-2.739430e-1
8.256662e+1	-2.741993e-1
8.259602e+1	-2.744946e-1
8.257075e+1	-2.748119e-1
8.258032e+1	-2.748396e-1
8.256427e+1	-2.750993e-1
8.257411e+1	-2.751324e-1
8.253508e+1	-2.752626e-1
8.255340e+1	-2.756350e-1
8.253580e+1	-2.760772e-1
8.253250e+1	-2.770330e-1
8.249186e+1	-2.787457e-1
8.250798e+1	-2.797731e-1
8.247721e+1	-2.809705e-1
8.248881e+1	-2.814263e-1
8.245951e+1	-2.815953e-1
8.246438e+1	-2.815892e-1
8.241961e+1	-2.822276e-1
8.244722e+1	-2.823996e-1
8.239882e+1	-2.826989e-1
8.242404e+1	-2.825514e-1
8.239071e+1	-2.828235e-1
8.240450e+1	-2.830030e-1
8.235322e+1	-2.833307e-1
8.239536e+1	-2.837360e-1
8.235070e+1	-2.838579e-1
8.235174e+1	-2.839667e-1
8.230259e+1	-2.840036e-1
8.234765e+1	-2.841923e-1
8.229689e+1	-2.844951e-1
8.233116e+1	-2.844506e-1
8.228432e+1	-2.844760e-1
8.229236e+1	-2.850644e-1
8.224334e+1	-2.848576e-1
8.227982e+1	-2.851131e-1
8.222862e+1	-2.851154e-1
8.226886e+1	-2.852980e-1
8.220942e+1	-2.853976e-1
8.224690e+1	-2.857168e-1
8.219029e+1	-2.860543e-1
8.223748e+1	-2.858362e-1
8.217690e+1	-2.859113e-1
8.220586e+1	-2.862372e-1
8.213874e+1	-2.860643e-1
8.218646e+1	-2.864644e-1
8.212117e+1	-2.860602e-1
8.216406e+1	-2.861841e-1
8.211504e+1	-2.864567e-1
8.214593e+1	-2.865796e-1
8.207762e+1	-2.866278e-1
8.212533e+1	-2.865195e-1
8.206607e+1	-2.872213e-1
8.210025e+1	-2.867360e-1
8.203767e+1	-2.867794e-1
8.209016e+1	-2.868818e-1
8.202569e+1	-2.866240e-1
8.208068e+1	-2.869519e-1
8.201369e+1	-2.874570e-1
8.206258e+1	-2.875587e-1
8.198240e+1	-2.875372e-1
8.204779e+1	-2.875205e-1
8.197144e+1	-2.875132e-1
8.203037e+1	-2.874028e-1
8.196171e+1	-2.873823e-1
8.201721e+1	-2.875105e-1
8.193792e+1	-2.875633e-1
8.199876e+1	-2.879516e-1
8.193250e+1	-2.878800e-1
8.198427e+1	-2.880014e-1
8.189744e+1	-2.880709e-1
8.196687e+1	-2.882622e-1
8.189022e+1	-2.881784e-1
8.195209e+1	-2.884228e-1
8.188388e+1	-2.887227e-1
8.193766e+1	-2.883575e-1
8.186428e+1	-2.885401e-1
8.193139e+1	-2.890523e-1
8.186514e+1	-2.886209e-1
8.191719e+1	-2.889651e-1
8.183369e+1	-2.892070e-1
8.189691e+1	-2.888646e-1
8.182498e+1	-2.892539e-1
8.189412e+1	-2.893381e-1
8.182697e+1	-2.895439e-1
8.187916e+1	-2.893333e-1
8.180206e+1	-2.893785e-1
8.185820e+1	-2.896525e-1
8.178326e+1	-2.893868e-1
8.183588e+1	-2.895867e-1
8.177586e+1	-2.895607e-1
8.182737e+1	-2.898996e-1
8.175242e+1	-2.899680e-1
8.181512e+1	-2.897970e-1
8.175057e+1	-2.900036e-1
8.179563e+1	-2.900626e-1
8.172622e+1	-2.901940e-1
8.177630e+1	-2.902565e-1
8.171352e+1	-2.903794e-1
8.177519e+1	-2.904858e-1
8.171173e+1	-2.903387e-1
8.176641e+1	-2.905543e-1
8.169246e+1	-2.903980e-1
8.175398e+1	-2.904999e-1
8.171959e+1	-2.904964e-1
8.173127e+1	-2.904636e-1
8.166563e+1	-2.906177e-1
8.170691e+1	-2.907266e-1
8.164312e+1	-2.907756e-1
8.170795e+1	-2.909748e-1
8.163569e+1	-2.909685e-1
8.167630e+1	-2.908019e-1
8.160878e+1	-2.911102e-1
8.166893e+1	-2.912786e-1
8.160182e+1	-2.911946e-1
8.165115e+1	-2.915527e-1
8.159735e+1	-2.912688e-1
8.163464e+1	-2.914392e-1
8.157794e+1	-2.912282e-1
8.164124e+1	-2.914394e-1
8.157830e+1	-2.915049e-1
8.161485e+1	-2.915280e-1
8.155367e+1	-2.917221e-1
8.160503e+1	-2.919286e-1
8.154455e+1	-2.918033e-1
8.159413e+1	-2.919382e-1
8.154341e+1	-2.919800e-1
8.157719e+1	-2.921777e-1
8.151754e+1	-2.918091e-1
8.157043e+1	-2.921561e-1
8.151030e+1	-2.920131e-1
8.155224e+1	-2.919783e-1
8.150130e+1	-2.919247e-1
8.153126e+1	-2.922437e-1
8.148244e+1	-2.924043e-1
8.154027e+1	-2.924146e-1
8.148495e+1	-2.923243e-1
8.151045e+1	-2.924290e-1
8.145718e+1	-2.926811e-1
8.150878e+1	-2.927509e-1
8.145703e+1	-2.926665e-1
8.149173e+1	-2.926834e-1
8.145196e+1	-2.930104e-1
8.147075e+1	-2.925166e-1
8.143918e+1	-2.930602e-1
8.148558e+1	-2.929670e-1
8.143543e+1	-2.927771e-1
8.146475e+1	-2.927908e-1
8.142113e+1	-2.931002e-1
8.146111e+1	-2.928501e-1
8.140739e+1	-2.930793e-1
8.145222e+1	-2.930803e-1
8.140598e+1	-2.926960e-1
8.142072e+1	-2.929379e-1
8.139016e+1	-2.932282e-1
8.143711e+1	-2.928571e-1
8.139463e+1	-2.932718e-1
8.140771e+1	-2.929180e-1
8.137858e+1	-2.931099e-1
8.140541e+1	-2.933059e-1
8.136992e+1	-2.929958e-1
8.141166e+1	-2.933330e-1
8.136596e+1	-2.935447e-1
8.138276e+1	-2.933542e-1
8.135188e+1	-2.931064e-1
8.137724e+1	-2.932523e-1
8.136036e+1	-2.932089e-1
8.137602e+1	-2.934134e-1
8.134260e+1	-2.934797e-1
8.134788e+1	-2.933177e-1
8.133530e+1	-2.934105e-1
8.136210e+1	-2.936568e-1
8.132540e+1	-2.937549e-1
8.133074e+1	-2.937229e-1
8.131526e+1	-2.938181e-1
8.132203e+1	-2.939608e-1
8.132010e+1	-2.939062e-1
8.132404e+1	-2.939765e-1
8.129521e+1	-2.938981e-1
8.129799e+1	-2.938471e-1
8.129380e+1	-2.940480e-1
8.130653e+1	-2.939129e-1
8.128193e+1	-2.941493e-1
8.128153e+1	-2.943817e-1
8.126437e+1	-2.937627e-1
8.126722e+1	-2.942057e-1
8.126469e+1	-2.938457e-1
8.127433e+1	-2.942350e-1
8.125603e+1	-2.941707e-1
8.124247e+1	-2.943262e-1
8.124394e+1	-2.945552e-1
8.124649e+1	-2.942250e-1
8.125671e+1	-2.943219e-1
8.123847e+1	-2.943375e-1
8.122764e+1	-2.944043e-1
8.121316e+1	-2.941351e-1
8.121448e+1	-2.944036e-1
8.121823e+1	-2.946368e-1
8.120111e+1	-2.945252e-1
8.119078e+1	-2.946006e-1
8.119552e+1	-2.948159e-1
8.118501e+1	-2.946538e-1
8.119597e+1	-2.947811e-1
8.118483e+1	-2.946752e-1
8.116896e+1	-2.950947e-1
8.115144e+1	-2.946717e-1
8.117180e+1	-2.947477e-1
8.116430e+1	-2.945487e-1
8.116791e+1	-2.948062e-1
8.114845e+1	-2.947191e-1
8.116135e+1	-2.949582e-1
8.113320e+1	-2.948519e-1
8.116830e+1	-2.949212e-1
8.113658e+1	-2.947004e-1
8.112895e+1	-2.947457e-1
8.110940e+1	-2.951096e-1
8.112862e+1	-2.949974e-1
8.110019e+1	-2.951801e-1
8.113222e+1	-2.949955e-1
8.110502e+1	-2.949160e-1
8.111417e+1	-2.949647e-1
8.108654e+1	-2.950751e-1
8.111509e+1	-2.950644e-1
8.109464e+1	-2.950953e-1
8.110714e+1	-2.952046e-1
8.106539e+1	-2.953697e-1
8.109723e+1	-2.957435e-1
8.106222e+1	-2.954765e-1
8.110465e+1	-2.955266e-1
8.105934e+1	-2.954151e-1
8.106879e+1	-2.956513e-1
8.102933e+1	-2.956360e-1
8.107640e+1	-2.955335e-1
8.102828e+1	-2.953819e-1
8.106436e+1	-2.955749e-1
8.101159e+1	-2.960173e-1
8.105324e+1	-2.957975e-1
8.100445e+1	-2.955984e-1
8.105887e+1	-2.956572e-1
8.100702e+1	-2.957929e-1
8.102958e+1	-2.955307e-1
8.098389e+1	-2.956908e-1
8.104086e+1	-2.954503e-1
8.098251e+1	-2.956870e-1
8.103768e+1	-2.957657e-1
8.097946e+1	-2.952729e-1
8.102424e+1	-2.954788e-1
8.097073e+1	-2.953190e-1
8.102814e+1	-2.957703e-1
8.097147e+1	-2.960245e-1
8.101285e+1	-2.958381e-1
8.094839e+1	-2.955379e-1
8.100978e+1	-2.958451e-1
8.095290e+1	-2.958650e-1
8.100852e+1	-2.957964e-1
8.095660e+1	-2.959495e-1
8.099899e+1	-2.956637e-1
8.093585e+1	-2.962298e-1
8.099488e+1	-2.960576e-1
8.093529e+1	-2.960868e-1
8.098012e+1	-2.961320e-1
8.091899e+1	-2.962300e-1
8.097797e+1	-2.965208e-1
8.091070e+1	-2.960622e-1
8.097265e+1	-2.959429e-1
8.090698e+1	-2.961214e-1
8.096178e+1	-2.964182e-1
8.088532e+1	-2.961526e-1
8.096091e+1	-2.961039e-1
8.088570e+1	-2.962496e-1
8.095500e+1	-2.961758e-1
8.089061e+1	-2.961396e-1
8.095208e+1	-2.962735e-1
8.087682e+1	-2.960331e-1
8.094486e+1	-2.963835e-1
8.088064e+1	-2.962258e-1
8.093871e+1	-2.963675e-1
8.087047e+1	-2.966402e-1
8.093302e+1	-2.965286e-1
8.085887e+1	-2.966552e-1
8.092788e+1	-2.964044e-1
8.086450e+1	-2.961458e-1
8.092279e+1	-2.968044e-1
8.084897e+1	-2.965250e-1
8.091994e+1	-2.966464e-1
8.084286e+1	-2.966817e-1
8.090544e+1	-2.964918e-1
8.084115e+1	-2.967595e-1
8.089790e+1	-2.965877e-1
8.082018e+1	-2.965841e-1
8.088518e+1	-2.969098e-1
8.081906e+1	-2.968176e-1
8.087540e+1	-2.968980e-1
8.080064e+1	-2.967135e-1
8.086214e+1	-2.965794e-1
8.078918e+1	-2.968951e-1
8.086406e+1	-2.966713e-1
8.079464e+1	-2.966815e-1
8.084551e+1	-2.968668e-1
8.077224e+1	-2.969184e-1
8.083548e+1	-2.970925e-1
8.076631e+1	-2.969244e-1
8.082441e+1	-2.968386e-1
8.076031e+1	-2.970380e-1
8.081060e+1	-2.971157e-1
8.074368e+1	-2.973231e-1
8.081964e+1	-2.970667e-1
8.074692e+1	-2.972156e-1
8.078801e+1	-2.971032e-1
8.072324e+1	-2.971498e-1
8.079089e+1	-2.970557e-1
8.072664e+1	-2.972515e-1
8.079125e+1	-2.969617e-1
8.073291e+1	-2.972477e-1
8.078126e+1	-2.969132e-1
8.071619e+1	-2.972941e-1
8.077581e+1	-2.969429e-1
8.071872e+1	-2.968731e-1
8.076570e+1	-2.972501e-1
8.070398e+1	-2.969389e-1
8.075124e+1	-2.968827e-1
8.069343e+1	-2.969169e-1
8.076440e+1	-2.972120e-1
8.068870e+1	-2.970811e-1
8.074102e+1	-2.971046e-1
8.068254e+1	-2.970864e-1
8.073583e+1	-2.973422e-1
8.067702e+1	-2.970377e-1
8.072504e+1	-2.971844e-1
8.067308e+1	-2.975174e-1
8.070511e+1	-2.973261e-1
8.065418e+1	-2.972263e-1
8.071375e+1	-2.970632e-1
8.065442e+1	-2.973620e-1
8.069360e+1	-2.975256e-1
8.062894e+1	-2.972034e-1
8.068787e+1	-2.972745e-1
8.062585e+1	-2.976082e-1
8.067411e+1	-2.976228e-1
8.062570e+1	-2.973754e-1
8.065314e+1	-2.974895e-1
8.060600e+1	-2.974910e-1
8.066517e+1	-2.972210e-1
8.060997e+1	-2.976677e-1
8.064388e+1	-2.978023e-1
8.059830e+1	-2.976408e-1
8.064169e+1	-2.975507e-1
8.059455e+1	-2.975222e-1
8.064650e+1	-2.976186e-1
8.059472e+1	-2.975680e-1
8.061561e+1	-2.973482e-1
8.057953e+1	-2.973283e-1
8.062919e+1	-2.976186e-1
8.056892e+1	-2.975137e-1
8.059125e+1	-2.979364e-1
