8.047947e+1	-8.696383e+0
8.049930e+1	-8.696239e+0
8.049372e+1	-8.696193e+0
8.048982e+1	-8.696187e+0
8.046919e+1	-8.696207e+0
8.049239e+1	-8.695975e+0
8.049030e+1	-8.696375e+0
8.051397e+1	-8.696787e+0
8.049316e+1	-8.700374e+0
8.049164e+1	-8.700748e+0
8.047279e+1	-8.702105e+0
8.050020e+1	-8.702554e+0
8.048667e+1	-8.703601e+0
8.049196e+1	-8.703091e+0
8.045484e+1	-8.702831e+0
8.048259e+1	-8.702232e+0
8.046147e+1	-8.700169e+0
8.047973e+1	-8.699768e+0
8.045826e+1	-8.697894e+0
8.046982e+1	-8.697531e+0
8.042959e+1	-8.696992e+0
8.044107e+1	-8.695957e+0
8.040376e+1	-8.692310e+0
8.040696e+1	-8.692309e+0
8.037957e+1	-8.692334e+0
8.039590e+1	-8.691708e+0
8.035954e+1	-8.692453e+0
8.041058e+1	-8.691701e+0
8.037918e+1	-8.691458e+0
8.038952e+1	-8.691479e+0
8.036602e+1	-8.693106e+0
8.042491e+1	-8.693364e+0
8.040388e+1	-8.693815e+0
8.046293e+1	-8.693637e+0
8.044999e+1	-8.693823e+0
8.050865e+1	-8.694093e+0
8.048523e+1	-8.693314e+0
8.056534e+1	-8.693597e+0
8.054884e+1	-8.697006e+0
8.060088e+1	-8.702082e+0
8.059921e+1	-8.694927e+0
8.068360e+1	-8.693140e+0
8.065903e+1	-8.693069e+0
8.073261e+1	-8.693244e+0
8.070562e+1	-8.692984e+0
8.076721e+1	-8.692976e+0
8.072720e+1	-8.691599e+0
8.078278e+1	-8.692490e+0
8.071113e+1	-8.693813e+0
8.071500e+1	-8.694048e+0
8.064208e+1	-8.694157e+0
8.065650e+1	-8.694237e+0
8.057320e+1	-8.694069e+0
8.060470e+1	-8.693948e+0
8.052961e+1	-8.693699e+0
8.054442e+1	-8.694938e+0
8.045275e+1	-8.702986e+0
8.050957e+1	-8.702881e+0
8.046942e+1	-8.715634e+0
8.056230e+1	-8.738344e+0
8.054780e+1	-8.771539e+0
8.065585e+1	-8.785409e+0
8.066251e+1	-8.777573e+0
8.080909e+1	-8.773852e+0
8.083358e+1	-8.758128e+0
8.097931e+1	-8.748168e+0
8.101412e+1	-8.738662e+0
8.134922e+1	-8.692258e+0
8.156774e+1	-8.689356e+0
8.166279e+1	-8.687821e+0
8.185886e+1	-8.687788e+0
8.196151e+1	-8.687433e+0
8.222444e+1	-8.687469e+0
8.233708e+1	-8.687671e+0
8.257451e+1	-8.689611e+0
8.269214e+1	-8.705866e+0
8.289537e+1	-8.716016e+0
8.295601e+1	-8.742218e+0
8.312958e+1	-8.763840e+0
8.315483e+1	-8.778930e+0
8.328105e+1	-8.785094e+0
8.326822e+1	-8.785516e+0
8.340398e+1	-8.786167e+0
8.340001e+1	-8.787172e+0
8.352591e+1	-8.788498e+0
8.352808e+1	-8.787708e+0
8.364325e+1	-8.782359e+0
8.363866e+1	-8.781978e+0
8.376770e+1	-8.770708e+0
8.376031e+1	-8.770700e+0
8.387164e+1	-8.771066e+0
8.386692e+1	-8.760751e+0
8.398204e+1	-8.749281e+0
8.396285e+1	-8.748330e+0
8.408124e+1	-8.748242e+0
8.405996e+1	-8.748080e+0
8.415996e+1	-8.748162e+0
8.413778e+1	-8.747880e+0
8.424720e+1	-8.745193e+0
8.422776e+1	-8.742513e+0
8.433549e+1	-8.742562e+0
8.432451e+1	-8.741292e+0
8.441977e+1	-8.740389e+0
8.440258e+1	-8.740622e+0
8.451158e+1	-8.740683e+0
8.450342e+1	-8.740410e+0
8.459658e+1	-8.739267e+0
8.457311e+1	-8.738804e+0
8.468599e+1	-8.737712e+0
8.466591e+1	-8.736658e+0
8.477010e+1	-8.736137e+0
8.475440e+1	-8.735898e+0
8.484304e+1	-8.736271e+0
8.482398e+1	-8.735833e+0
8.491467e+1	-8.735637e+0
8.501629e+1	-8.735664e+0
8.500962e+1	-8.735510e+0
8.510318e+1	-8.735318e+0
8.508894e+1	-8.735257e+0
8.519368e+1	-8.735306e+0
8.519130e+1	-8.735096e+0
8.527620e+1	-8.734936e+0
8.525988e+1	-8.734729e+0
8.536973e+1	-8.734589e+0
8.536027e+1	-8.734648e+0
8.545754e+1	-8.734622e+0
8.546175e+1	-8.734397e+0
8.554443e+1	-8.734456e+0
8.554193e+1	-8.734151e+0
8.565129e+1	-8.734188e+0
8.564677e+1	-8.733916e+0
8.572799e+1	-8.733993e+0
8.572800e+1	-8.733594e+0
8.582756e+1	-8.733875e+0
8.582280e+1	-8.733632e+0
8.593257e+1	-8.733634e+0
8.592636e+1	-8.733505e+0
8.601265e+1	-8.733478e+0
8.600878e+1	-8.733377e+0
8.611327e+1	-8.733253e+0
8.610988e+1	-8.732924e+0
8.620248e+1	-8.732852e+0
8.621128e+1	-8.732753e+0
8.629384e+1	-8.732733e+0
8.630089e+1	-8.732747e+0
8.640749e+1	-8.732618e+0
8.641096e+1	-8.732411e+0
8.648891e+1	-8.732397e+0
8.649577e+1	-8.732466e+0
8.659879e+1	-8.732237e+0
8.661362e+1	-8.732280e+0
8.669598e+1	-8.732117e+0
8.671622e+1	-8.731834e+0
8.680052e+1	-8.731894e+0
8.682252e+1	-8.731699e+0
8.691288e+1	-8.731706e+0
8.692479e+1	-8.731260e+0
8.700814e+1	-8.731359e+0
8.702786e+1	-8.731328e+0
8.712244e+1	-8.731215e+0
8.713531e+1	-8.731141e+0
8.723465e+1	-8.730905e+0
8.724905e+1	-8.731029e+0
8.732527e+1	-8.730967e+0
8.735104e+1	-8.730798e+0
8.744716e+1	-8.730647e+0
8.747225e+1	-8.730571e+0
8.753950e+1	-8.730361e+0
8.758426e+1	-8.730388e+0
8.765676e+1	-8.730479e+0
8.768869e+1	-8.730203e+0
8.777293e+1	-8.730094e+0
8.780660e+1	-8.729937e+0
8.786526e+1	-8.729779e+0
8.790371e+1	-8.729900e+0
8.799220e+1	-8.729688e+0
8.803879e+1	-8.729584e+0
8.808926e+1	-8.729533e+0
8.812971e+1	-8.729498e+0
8.819691e+1	-8.729369e+0
8.825621e+1	-8.729340e+0
8.832449e+1	-8.729240e+0
8.836401e+1	-8.729344e+0
8.841400e+1	-8.729142e+0
8.846418e+1	-8.728897e+0
8.853654e+1	-8.728864e+0
8.859022e+1	-8.728673e+0
8.864053e+1	-8.728665e+0
8.868418e+1	-8.728465e+0
8.874693e+1	-8.728513e+0
8.881495e+1	-8.728222e+0
8.887198e+1	-8.728195e+0
8.892051e+1	-8.728151e+0
8.896709e+1	-8.728042e+0
8.903215e+1	-8.728000e+0
8.909121e+1	-8.727819e+0
8.914911e+1	-8.727674e+0
8.921411e+1	-8.727584e+0
8.926664e+1	-8.727559e+0
8.931004e+1	-8.727479e+0
8.939622e+1	-8.727338e+0
8.944240e+1	-8.727194e+0
8.949915e+1	-8.727259e+0
8.953766e+1	-8.726851e+0
8.960886e+1	-8.727107e+0
8.965733e+1	-8.726821e+0
8.974347e+1	-8.726894e+0
8.978595e+1	-8.726810e+0
8.986007e+1	-8.726777e+0
8.989002e+1	-8.726461e+0
8.996785e+1	-8.726414e+0
9.001693e+1	-8.726255e+0
9.007670e+1	-8.726123e+0
9.011423e+1	-8.726051e+0
9.020656e+1	-8.725955e+0
9.024424e+1	-8.725919e+0
9.032249e+1	-8.725695e+0
9.036264e+1	-8.725534e+0
9.043595e+1	-8.725509e+0
9.047103e+1	-8.725271e+0
9.057137e+1	-8.724958e+0
9.060414e+1	-8.725173e+0
9.068105e+1	-8.725088e+0
9.070148e+1	-8.725046e+0
9.079326e+1	-8.724848e+0
9.082257e+1	-8.724876e+0
9.090806e+1	-8.724801e+0
9.095008e+1	-8.724666e+0
9.104435e+1	-8.724441e+0
9.105786e+1	-8.724438e+0
9.117098e+1	-8.724028e+0
9.118594e+1	-8.724091e+0
9.126137e+1	-8.723935e+0
9.128802e+1	-8.723854e+0
9.139405e+1	-8.723774e+0
9.141764e+1	-8.723638e+0
9.151314e+1	-8.723567e+0
9.153216e+1	-8.723395e+0
9.162753e+1	-8.723296e+0
9.164171e+1	-8.723377e+0
9.175956e+1	-8.723219e+0
9.177364e+1	-8.723250e+0
9.187145e+1	-8.723137e+0
9.187650e+1	-8.722676e+0
9.198378e+1	-8.722825e+0
9.199726e+1	-8.722796e+0
9.209930e+1	-8.722718e+0
9.211537e+1	-8.722522e+0
9.222435e+1	-8.722247e+0
9.223173e+1	-8.722200e+0
9.234978e+1	-8.722123e+0
9.236324e+1	-8.721860e+0
9.246071e+1	-8.721937e+0
9.246430e+1	-8.721768e+0
9.258363e+1	-8.721776e+0
9.259672e+1	-8.721519e+0
9.270588e+1	-8.721372e+0
9.270624e+1	-8.721278e+0
9.282599e+1	-8.721183e+0
9.282385e+1	-8.721161e+0
9.293151e+1	-8.721006e+0
9.294906e+1	-8.720659e+0
9.305999e+1	-8.720624e+0
9.305891e+1	-8.720707e+0
9.317669e+1	-8.720579e+0
9.318419e+1	-8.720195e+0
9.329992e+1	-8.720190e+0
9.330375e+1	-8.720157e+0
9.341914e+1	-8.719706e+0
9.341880e+1	-8.719768e+0
9.353938e+1	-8.719782e+0
9.354623e+1	-8.719637e+0
9.365856e+1	-8.719488e+0
9.364910e+1	-8.719502e+0
9.378041e+1	-8.719360e+0
9.377380e+1	-8.719060e+0
9.389718e+1	-8.718791e+0
9.390368e+1	-8.718953e+0
9.401675e+1	-8.718854e+0
9.401278e+1	-8.718740e+0
9.413918e+1	-8.718619e+0
9.414082e+1	-8.718382e+0
9.426034e+1	-8.718493e+0
9.426415e+1	-8.718321e+0
9.437867e+1	-8.717922e+0
9.437875e+1	-8.718120e+0
9.450835e+1	-8.717683e+0
9.450985e+1	-8.717713e+0
9.461928e+1	-8.717635e+0
9.461429e+1	-8.717547e+0
9.473971e+1	-8.717279e+0
9.474037e+1	-8.717003e+0
9.485681e+1	-8.717120e+0
9.486681e+1	-8.716921e+0
9.497970e+1	-8.716828e+0
9.497571e+1	-8.716917e+0
9.510115e+1	-8.716558e+0
9.510435e+1	-8.716365e+0
9.521689e+1	-8.716413e+0
9.522406e+1	-8.716263e+0
9.533751e+1	-8.715934e+0
9.533789e+1	-8.716047e+0
9.545920e+1	-8.715842e+0
9.547251e+1	-8.715875e+0
9.557876e+1	-8.715643e+0
9.557356e+1	-8.715586e+0
9.569969e+1	-8.715522e+0
9.570091e+1	-8.715327e+0
9.582313e+1	-8.715378e+0
9.583384e+1	-8.714977e+0
9.594257e+1	-8.715111e+0
9.594430e+1	-8.715034e+0
9.606266e+1	-8.714754e+0
9.606693e+1	-8.714576e+0
9.618325e+1	-8.714355e+0
9.619575e+1	-8.714576e+0
9.630119e+1	-8.714347e+0
9.631058e+1	-8.714077e+0
9.643145e+1	-8.713883e+0
9.644387e+1	-8.714007e+0
9.654333e+1	-8.713781e+0
9.655079e+1	-8.713594e+0
9.666912e+1	-8.713334e+0
9.667743e+1	-8.713613e+0
9.679919e+1	-8.713307e+0
9.680957e+1	-8.713115e+0
9.690854e+1	-8.713033e+0
9.692308e+1	-8.712833e+0
9.704144e+1	-8.712684e+0
9.704826e+1	-8.712695e+0
9.715187e+1	-8.712558e+0
9.717447e+1	-8.712537e+0
9.727752e+1	-8.712370e+0
9.729067e+1	-8.712203e+0
9.740599e+1	-8.712139e+0
9.742270e+1	-8.711916e+0
9.751888e+1	-8.711816e+0
9.753016e+1	-8.711655e+0
9.764369e+1	-8.711620e+0
9.765849e+1	-8.711426e+0
9.776803e+1	-8.711177e+0
9.779013e+1	-8.711218e+0
9.787885e+1	-8.711188e+0
9.790034e+1	-8.710828e+0
9.801310e+1	-8.710793e+0
9.803506e+1	-8.710506e+0
9.812066e+1	-8.710425e+0
9.814942e+1	-8.710444e+0
9.824466e+1	-8.710158e+0
9.826323e+1	-8.710078e+0
9.837406e+1	-8.710100e+0
9.839360e+1	-8.709971e+0
9.848241e+1	-8.709875e+0
9.850004e+1	-8.709643e+0
9.860474e+1	-8.709578e+0
9.863724e+1	-8.709297e+0
9.872282e+1	-8.709232e+0
9.875402e+1	-8.709066e+0
9.884397e+1	-8.709184e+0
9.887939e+1	-8.708955e+0
9.897085e+1	-8.708987e+0
9.899578e+1	-8.708881e+0
9.908084e+1	-8.708644e+0
9.911317e+1	-8.708449e+0
9.920069e+1	-8.708389e+0
9.924378e+1	-8.708192e+0
9.932775e+1	-8.708154e+0
9.935496e+1	-8.707862e+0
9.943696e+1	-8.707973e+0
9.946897e+1	-8.707689e+0
9.955687e+1	-8.707506e+0
9.960715e+1	-8.707534e+0
9.968453e+1	-8.707119e+0
9.971461e+1	-8.707282e+0
9.979322e+1	-8.707016e+0
9.984993e+1	-8.707018e+0
9.992767e+1	-8.706762e+0
9.996300e+1	-8.706844e+0
1.000297e+2	-8.706628e+0
1.000770e+2	-8.706560e+0
1.001502e+2	-8.706496e+0
1.002115e+2	-8.706262e+0
1.002840e+2	-8.706010e+0
1.003122e+2	-8.706195e+0
1.003845e+2	-8.705983e+0
1.004435e+2	-8.705633e+0
1.005135e+2	-8.705595e+0
1.005821e+2	-8.705498e+0
1.006339e+2	-8.705297e+0
1.006845e+2	-8.705067e+0
1.007470e+2	-8.705133e+0
1.008188e+2	-8.705113e+0
1.008781e+2	-8.705013e+0
1.009124e+2	-8.704834e+0
1.009816e+2	-8.704650e+0
1.010498e+2	-8.704692e+0
1.011059e+2	-8.704319e+0
1.011669e+2	-8.704280e+0
1.012341e+2	-8.704149e+0
1.012899e+2	-8.703932e+0
1.013368e+2	-8.703776e+0
1.014024e+2	-8.703679e+0
1.014643e+2	-8.703549e+0
1.015210e+2	-8.703564e+0
1.015771e+2	-8.703396e+0
1.016435e+2	-8.703294e+0
1.016942e+2	-8.702980e+0
1.017804e+2	-8.702845e+0
1.018284e+2	-8.703037e+0
1.018803e+2	-8.703003e+0
1.019302e+2	-8.702622e+0
1.020187e+2	-8.702540e+0
1.020568e+2	-8.702342e+0
1.021368e+2	-8.702181e+0
1.021843e+2	-8.702183e+0
1.022483e+2	-8.701971e+0
1.022892e+2	-8.701757e+0
1.023759e+2	-8.701620e+0
1.024178e+2	-8.701716e+0
1.024757e+2	-8.701470e+0
1.025328e+2	-8.701464e+0
1.026052e+2	-8.701237e+0
1.026427e+2	-8.701203e+0
1.027417e+2	-8.701161e+0
1.027755e+2	-8.700956e+0
1.028358e+2	-8.701017e+0
1.028777e+2	-8.700490e+0
1.029787e+2	-8.700654e+0
1.030018e+2	-8.700339e+0
1.030942e+2	-8.700348e+0
1.031291e+2	-8.700085e+0
1.031999e+2	-8.699917e+0
1.032322e+2	-8.700028e+0
1.033316e+2	-8.699817e+0
1.033548e+2	-8.699817e+0
1.034307e+2	-8.699491e+0
1.034722e+2	-8.699412e+0
1.035649e+2	-8.699186e+0
1.035839e+2	-8.699100e+0
1.036950e+2	-8.698910e+0
1.037087e+2	-8.698755e+0
1.037897e+2	-8.698903e+0
1.038111e+2	-8.698668e+0
1.039126e+2	-8.698382e+0
1.039348e+2	-8.698378e+0
1.040375e+2	-8.698342e+0
1.040592e+2	-8.698207e+0
1.041517e+2	-8.697971e+0
1.041604e+2	-8.697977e+0
1.042722e+2	-8.697745e+0
1.042890e+2	-8.697516e+0
1.043760e+2	-8.697632e+0
1.044056e+2	-8.697544e+0
1.045087e+2	-8.697233e+0
1.045154e+2	-8.697301e+0
1.046295e+2	-8.697087e+0
1.046441e+2	-8.696756e+0
1.047336e+2	-8.696564e+0
1.047472e+2	-8.696327e+0
1.048624e+2	-8.696460e+0
1.048686e+2	-8.696379e+0
1.049706e+2	-8.696018e+0
1.049961e+2	-8.696035e+0
1.050915e+2	-8.695730e+0
1.050990e+2	-8.695768e+0
1.052172e+2	-8.695567e+0
1.052202e+2	-8.695549e+0
1.053275e+2	-8.695438e+0
1.053461e+2	-8.695144e+0
1.054516e+2	-8.695191e+0
1.054510e+2	-8.695198e+0
1.055682e+2	-8.694803e+0
1.055779e+2	-8.694933e+0
1.056799e+2	-8.694824e+0
1.056867e+2	-8.694338e+0
1.058008e+2	-8.694427e+0
1.058004e+2	-8.694204e+0
1.059234e+2	-8.694064e+0
1.059277e+2	-8.693757e+0
1.060332e+2	-8.694054e+0
1.060323e+2	-8.693782e+0
1.061488e+2	-8.693504e+0
1.061491e+2	-8.693729e+0
1.062635e+2	-8.693670e+0
1.062717e+2	-8.693136e+0
1.063792e+2	-8.693196e+0
1.063790e+2	-8.693024e+0
1.064960e+2	-8.692980e+0
1.065057e+2	-8.692689e+0
1.066091e+2	-8.692687e+0
1.066088e+2	-8.692575e+0
1.067226e+2	-8.692310e+0
1.067244e+2	-8.692302e+0
1.068428e+2	-8.692217e+0
1.068491e+2	-8.692117e+0
1.069499e+2	-8.692123e+0
1.069537e+2	-8.691919e+0
1.070672e+2	-8.691624e+0
1.070689e+2	-8.691600e+0
1.071786e+2	-8.691337e+0
1.071901e+2	-8.691457e+0
1.072935e+2	-8.691112e+0
1.072971e+2	-8.691022e+0
1.074092e+2	-8.690923e+0
1.074227e+2	-8.690851e+0
1.075207e+2	-8.690873e+0
1.075210e+2	-8.690741e+0
1.076350e+2	-8.690602e+0
1.076398e+2	-8.690480e+0
1.077502e+2	-8.690265e+0
1.077629e+2	-8.690066e+0
1.078599e+2	-8.689928e+0
1.078669e+2	-8.689989e+0
1.079765e+2	-8.689635e+0
1.079817e+2	-8.689605e+0
1.080859e+2	-8.689603e+0
1.081015e+2	-8.689337e+0
1.081982e+2	-8.689264e+0
1.082106e+2	-8.689168e+0
1.083212e+2	-8.689146e+0
1.083339e+2	-8.688733e+0
1.084260e+2	-8.688833e+0
1.084350e+2	-8.688649e+0
1.085432e+2	-8.688565e+0
1.085523e+2	-8.688465e+0
1.086628e+2	-8.688251e+0
1.086755e+2	-8.688283e+0
1.087655e+2	-8.688033e+0
1.087802e+2	-8.687889e+0
1.088883e+2	-8.687654e+0
1.088950e+2	-8.687582e+0
1.089929e+2	-8.687340e+0
1.090147e+2	-8.687201e+0
1.091084e+2	-8.687093e+0
1.091224e+2	-8.686869e+0
1.092279e+2	-8.686822e+0
1.092460e+2	-8.687094e+0
1.093347e+2	-8.686574e+0
1.093466e+2	-8.686642e+0
1.094492e+2	-8.686481e+0
1.094649e+2	-8.686208e+0
1.095663e+2	-8.686212e+0
1.095827e+2	-8.686191e+0
1.096673e+2	-8.685840e+0
1.096882e+2	-8.685732e+0
1.097879e+2	-8.685591e+0
1.098011e+2	-8.685558e+0
1.098911e+2	-8.685290e+0
1.099202e+2	-8.685238e+0
1.100066e+2	-8.685088e+0
1.100276e+2	-8.685232e+0
1.101279e+2	-8.685141e+0
1.101486e+2	-8.684879e+0
1.102284e+2	-8.684821e+0
1.102514e+2	-8.684563e+0
1.103464e+2	-8.684374e+0
1.103772e+2	-8.684336e+0
1.104579e+2	-8.684156e+0
1.104869e+2	-8.684012e+0
1.105709e+2	-8.684012e+0
1.106048e+2	-8.683795e+0
1.106867e+2	-8.683675e+0
1.107130e+2	-8.683647e+0
1.107909e+2	-8.683465e+0
1.108235e+2	-8.683053e+0
1.109046e+2	-8.683126e+0
1.109438e+2	-8.682985e+0
1.110239e+2	-8.682909e+0
1.110484e+2	-8.682985e+0
1.111203e+2	-8.682684e+0
1.111610e+2	-8.682463e+0
1.112443e+2	-8.682513e+0
1.112888e+2	-8.682292e+0
1.113458e+2	-8.682173e+0
1.113870e+2	-8.682202e+0
1.114573e+2	-8.681862e+0
1.114996e+2	-8.681858e+0
1.115800e+2	-8.681738e+0
1.116122e+2	-8.681698e+0
1.116755e+2	-8.681792e+0
1.117222e+2	-8.681435e+0
1.118000e+2	-8.681343e+0
1.118495e+2	-8.681244e+0
1.119109e+2	-8.681130e+0
1.119449e+2	-8.680876e+0
1.120107e+2	-8.680852e+0
1.120519e+2	-8.680520e+0
1.121308e+2	-8.680682e+0
1.121793e+2	-8.680590e+0
1.122310e+2	-8.680481e+0
1.122764e+2	-8.680397e+0
1.123402e+2	-8.680135e+0
1.124055e+2	-8.680062e+0
1.124610e+2	-8.679942e+0
1.124920e+2	-8.679913e+0
1.125550e+2	-8.679555e+0
1.126165e+2	-8.679445e+0
1.126711e+2	-8.679332e+0
1.127273e+2	-8.679204e+0
1.127895e+2	-8.679201e+0
1.128400e+2	-8.678874e+0
1.128841e+2	-8.678884e+0
1.129455e+2	-8.678860e+0
1.130064e+2	-8.678711e+0
1.130569e+2	-8.678462e+0
1.131054e+2	-8.678380e+0
1.131668e+2	-8.678130e+0
1.132149e+2	-8.677972e+0
1.132787e+2	-8.677932e+0
1.133328e+2	-8.677813e+0
1.133819e+2	-8.677853e+0
1.134268e+2	-8.677639e+0
1.134950e+2	-8.677528e+0
1.135415e+2	-8.677445e+0
1.136230e+2	-8.677261e+0
1.136548e+2	-8.677207e+0
1.137132e+2	-8.676947e+0
1.137522e+2	-8.676733e+0
1.138324e+2	-8.676875e+0
1.138731e+2	-8.676608e+0
1.139412e+2	-8.676405e+0
1.139692e+2	-8.676466e+0
1.140470e+2	-8.676187e+0
1.140811e+2	-8.676236e+0
1.141582e+2	-8.675806e+0
1.141982e+2	-8.675855e+0
1.142646e+2	-8.675710e+0
1.142933e+2	-8.675624e+0
1.143730e+2	-8.675576e+0
1.144074e+2	-8.675486e+0
1.144875e+2	-8.675573e+0
1.145208e+2	-8.675208e+0
1.145949e+2	-8.674938e+0
1.146214e+2	-8.674931e+0
1.147124e+2	-8.674794e+0
1.147365e+2	-8.674614e+0
1.148008e+2	-8.674681e+0
1.148288e+2	-8.674401e+0
1.149252e+2	-8.674422e+0
1.149415e+2	-8.674222e+0
1.150347e+2	-8.674100e+0
1.150601e+2	-8.674077e+0
1.151260e+2	-8.674041e+0
1.151541e+2	-8.673714e+0
1.152463e+2	-8.673652e+0
1.152650e+2	-8.673581e+0
1.153582e+2	-8.673412e+0
1.153759e+2	-8.673411e+0
1.154619e+2	-8.673243e+0
1.154765e+2	-8.673078e+0
1.155713e+2	-8.673043e+0
1.155929e+2	-8.672938e+0
1.156752e+2	-8.672931e+0
1.156882e+2	-8.672546e+0
1.157846e+2	-8.672492e+0
1.158002e+2	-8.672483e+0
1.158968e+2	-8.672094e+0
1.159158e+2	-8.672011e+0
1.160017e+2	-8.671958e+0
1.160106e+2	-8.671865e+0
1.161142e+2	-8.671668e+0
1.161241e+2	-8.671591e+0
1.162126e+2	-8.671525e+0
1.162342e+2	-8.671424e+0
1.163301e+2	-8.671313e+0
1.163304e+2	-8.671321e+0
1.164363e+2	-8.671164e+0
1.164482e+2	-8.670889e+0
1.165350e+2	-8.670717e+0
1.165461e+2	-8.670471e+0
1.166495e+2	-8.670268e+0
1.166514e+2	-8.670298e+0
1.167499e+2	-8.670139e+0
1.167641e+2	-8.670123e+0
1.168606e+2	-8.670100e+0
1.168609e+2	-8.669801e+0
1.169636e+2	-8.669872e+0
1.169694e+2	-8.669708e+0
1.170704e+2	-8.669439e+0
1.170792e+2	-8.669442e+0
1.171787e+2	-8.669320e+0
1.171782e+2	-8.669131e+0
1.172837e+2	-8.669070e+0
1.172917e+2	-8.668842e+0
1.173876e+2	-8.668787e+0
1.173899e+2	-8.668538e+0
1.174901e+2	-8.668315e+0
1.174928e+2	-8.668450e+0
1.175984e+2	-8.668340e+0
1.176078e+2	-8.668217e+0
1.176987e+2	-8.668037e+0
1.177005e+2	-8.667891e+0
1.178060e+2	-8.667939e+0
1.178131e+2	-8.667723e+0
1.179072e+2	-8.667578e+0
1.179135e+2	-8.667201e+0
1.180122e+2	-8.667383e+0
1.180156e+2	-8.667322e+0
1.181221e+2	-8.667233e+0
1.181275e+2	-8.666973e+0
1.182188e+2	-8.666866e+0
1.182243e+2	-8.666683e+0
1.183237e+2	-8.666656e+0
1.183280e+2	-8.666588e+0
1.184273e+2	-8.666501e+0
1.184390e+2	-8.666444e+0
1.185274e+2	-8.666140e+0
1.185356e+2	-8.666218e+0
1.186403e+2	-8.666010e+0
1.186483e+2	-8.665674e+0
1.187362e+2	-8.665663e+0
1.187401e+2	-8.665643e+0
1.188355e+2	-8.665534e+0
1.188469e+2	-8.665530e+0
1.189446e+2	-8.665061e+0
1.189569e+2	-8.664985e+0
1.190434e+2	-8.665010e+0
1.190482e+2	-8.664994e+0
1.191457e+2	-8.664792e+0
1.191517e+2	-8.664720e+0
1.192446e+2	-8.664697e+0
1.192609e+2	-8.664560e+0
1.193431e+2	-8.664371e+0
1.193567e+2	-8.664400e+0
1.194562e+2	-8.664113e+0
1.194651e+2	-8.663891e+0
1.195490e+2	-8.663696e+0
1.195605e+2	-8.663762e+0
1.196553e+2	-8.663639e+0
1.196660e+2	-8.663457e+0
1.197675e+2	-8.663306e+0
1.197787e+2	-8.663205e+0
1.198592e+2	-8.663176e+0
1.198754e+2	-8.663092e+0
1.199651e+2	-8.663003e+0
1.199789e+2	-8.662635e+0
1.200666e+2	-8.662454e+0
1.200853e+2	-8.662459e+0
1.201727e+2	-8.662571e+0
1.201874e+2	-8.662261e+0
1.202789e+2	-8.662281e+0
1.202981e+2	-8.661982e+0
1.203784e+2	-8.661894e+0
1.203927e+2	-8.661842e+0
1.204851e+2	-8.661653e+0
1.204976e+2	-8.661486e+0
1.205919e+2	-8.661490e+0
1.206103e+2	-8.661399e+0
1.206868e+2	-8.661101e+0
1.207060e+2	-8.661078e+0
1.207974e+2	-8.660783e+0
1.208086e+2	-8.660962e+0
1.208882e+2	-8.660707e+0
1.209194e+2	-8.660544e+0
1.209983e+2	-8.660431e+0
1.210163e+2	-8.660271e+0
1.211064e+2	-8.660318e+0
1.211257e+2	-8.660158e+0
1.211970e+2	-8.659973e+0
1.212217e+2	-8.659648e+0
1.213047e+2	-8.659757e+0
1.213373e+2	-8.659597e+0
1.214082e+2	-8.659563e+0
1.214343e+2	-8.659529e+0
1.215084e+2	-8.659336e+0
1.215463e+2	-8.659188e+0
1.216166e+2	-8.659081e+0
1.216416e+2	-8.659067e+0
1.217086e+2	-8.658950e+0
1.217400e+2	-8.658847e+0
1.218112e+2	-8.658813e+0
1.218541e+2	-8.658284e+0
1.219228e+2	-8.658319e+0
1.219452e+2	-8.658279e+0
1.220106e+2	-8.658158e+0
1.220511e+2	-8.658000e+0
1.221240e+2	-8.657855e+0
1.221529e+2	-8.657720e+0
1.222166e+2	-8.657707e+0
1.222578e+2	-8.657447e+0
1.223155e+2	-8.657636e+0
1.223591e+2	-8.657524e+0
1.224255e+2	-8.657161e+0
1.224570e+2	-8.657085e+0
1.225165e+2	-8.656923e+0
1.225582e+2	-8.656715e+0
1.226190e+2	-8.656803e+0
1.226743e+2	-8.656517e+0
1.227279e+2	-8.656296e+0
1.227625e+2	-8.656223e+0
1.228165e+2	-8.656054e+0
1.228744e+2	-8.655950e+0
1.229268e+2	-8.656003e+0
1.229710e+2	-8.655877e+0
1.230169e+2	-8.655850e+0
1.230718e+2	-8.655618e+0
1.231207e+2	-8.655220e+0
1.231743e+2	-8.655432e+0
1.232291e+2	-8.655299e+0
1.232750e+2	-8.655286e+0
1.233157e+2	-8.655021e+0
1.233739e+2	-8.654937e+0
1.234220e+2	-8.654862e+0
1.234767e+2	-8.654694e+0
1.235268e+2	-8.654780e+0
1.235773e+2	-8.654319e+0
1.236167e+2	-8.654316e+0
1.236865e+2	-8.654369e+0
1.237295e+2	-8.654341e+0
1.237682e+2	-8.654135e+0
1.238139e+2	-8.653896e+0
1.238826e+2	-8.653830e+0
1.239202e+2	-8.653754e+0
1.239827e+2	-8.653465e+0
1.240251e+2	-8.653319e+0
1.240837e+2	-8.653381e+0
1.241142e+2	-8.653456e+0
1.241795e+2	-8.653206e+0
1.242189e+2	-8.653097e+0
1.242814e+2	-8.652889e+0
1.243209e+2	-8.652781e+0
1.243807e+2	-8.652697e+0
1.244146e+2	-8.652594e+0
1.244975e+2	-8.652497e+0
1.245247e+2	-8.652328e+0
1.245759e+2	-8.652278e+0
1.246125e+2	-8.651971e+0
1.246960e+2	-8.652116e+0
1.247143e+2	-8.651869e+0
1.247937e+2	-8.651727e+0
1.248227e+2	-8.651525e+0
1.248813e+2	-8.651489e+0
1.249093e+2	-8.651436e+0
1.249928e+2	-8.651177e+0
1.250137e+2	-8.651226e+0
1.250909e+2	-8.651049e+0
1.251120e+2	-8.650626e+0
1.251875e+2	-8.650844e+0
1.252062e+2	-8.650501e+0
1.252973e+2	-8.650352e+0
1.253107e+2	-8.650491e+0
1.253787e+2	-8.650333e+0
1.253977e+2	-8.650046e+0
1.254841e+2	-8.650063e+0
1.254965e+2	-8.649950e+0
1.255662e+2	-8.649990e+0
1.255976e+2	-8.649925e+0
1.256755e+2	-8.649710e+0
1.256875e+2	-8.649464e+0
1.257724e+2	-8.649374e+0
1.257905e+2	-8.649378e+0
1.258672e+2	-8.649237e+0
1.258750e+2	-8.648857e+0
1.259616e+2	-8.648922e+0
1.259733e+2	-8.648803e+0
1.260645e+2	-8.648551e+0
1.260749e+2	-8.648632e+0
1.261558e+2	-8.648567e+0
1.261634e+2	-8.648452e+0
1.262506e+2	-8.648356e+0
1.262616e+2	-8.648085e+0
1.263537e+2	-8.647755e+0
1.263607e+2	-8.647593e+0
1.264453e+2	-8.647564e+0
1.264520e+2	-8.647446e+0
1.265387e+2	-8.647575e+0
1.265512e+2	-8.647345e+0
1.266384e+2	-8.647317e+0
1.266451e+2	-8.647217e+0
1.267343e+2	-8.647261e+0
1.267395e+2	-8.647177e+0
1.268324e+2	-8.646889e+0
1.268397e+2	-8.646862e+0
1.269263e+2	-8.646791e+0
1.269234e+2	-8.646556e+0
1.270217e+2	-8.646455e+0
1.270239e+2	-8.646290e+0
1.271155e+2	-8.646141e+0
1.271250e+2	-8.646101e+0
1.272134e+2	-8.645944e+0
1.272144e+2	-8.645937e+0
1.273088e+2	-8.645856e+0
1.273149e+2	-8.645578e+0
1.274035e+2	-8.645493e+0
1.274110e+2	-8.645360e+0
1.274981e+2	-8.645254e+0
1.274999e+2	-8.645046e+0
1.275947e+2	-8.644782e+0
1.276051e+2	-8.644951e+0
1.276884e+2	-8.644814e+0
1.276878e+2	-8.644481e+0
1.277849e+2	-8.644397e+0
1.277888e+2	-8.644234e+0
1.278778e+2	-8.644310e+0
1.278882e+2	-8.644324e+0
1.279764e+2	-8.644186e+0
1.279758e+2	-8.643934e+0
1.280728e+2	-8.643654e+0
1.280775e+2	-8.643586e+0
1.281651e+2	-8.643413e+0
1.281694e+2	-8.643344e+0
1.282580e+2	-8.643355e+0
1.282629e+2	-8.642915e+0
1.283594e+2	-8.643075e+0
1.283645e+2	-8.642959e+0
1.284445e+2	-8.643006e+0
1.284519e+2	-8.642665e+0
1.285407e+2	-8.642806e+0
1.285461e+2	-8.642623e+0
1.286323e+2	-8.642632e+0
1.286462e+2	-8.642251e+0
1.287297e+2	-8.642327e+0
1.287354e+2	-8.642010e+0
1.288241e+2	-8.642033e+0
1.288362e+2	-8.641756e+0
1.289152e+2	-8.641749e+0
1.289226e+2	-8.641524e+0
1.290118e+2	-8.641512e+0
1.290187e+2	-8.641587e+0
1.291103e+2	-8.641302e+0
1.291202e+2	-8.641213e+0
1.291969e+2	-8.641240e+0
1.292018e+2	-8.640995e+0
1.292921e+2	-8.640747e+0
1.292996e+2	-8.640641e+0
1.293831e+2	-8.640570e+0
1.293961e+2	-8.640638e+0
1.294725e+2	-8.640436e+0
1.294867e+2	-8.640166e+0
1.295749e+2	-8.640104e+0
1.295855e+2	-8.640159e+0
1.296597e+2	-8.640004e+0
1.296714e+2	-8.639931e+0
1.297543e+2	-8.639826e+0
1.297649e+2	-8.639674e+0
1.298488e+2	-8.639650e+0
1.298654e+2	-8.639357e+0
1.299332e+2	-8.639449e+0
1.299487e+2	-8.639229e+0
1.300341e+2	-8.638941e+0
1.300439e+2	-8.638943e+0
1.301176e+2	-8.638781e+0
1.301370e+2	-8.638627e+0
1.302115e+2	-8.638607e+0
1.302246e+2	-8.638418e+0
1.303115e+2	-8.638320e+0
1.303251e+2	-8.638063e+0
1.303943e+2	-8.638008e+0
1.304082e+2	-8.637782e+0
1.304879e+2	-8.637816e+0
1.305082e+2	-8.637707e+0
1.305785e+2	-8.637542e+0
1.305995e+2	-8.637436e+0
1.306702e+2	-8.637187e+0
1.306939e+2	-8.637416e+0
1.307660e+2	-8.636912e+0
1.307852e+2	-8.636920e+0
1.308524e+2	-8.636921e+0
1.308743e+2	-8.636738e+0
1.309459e+2	-8.636464e+0
1.309656e+2	-8.636292e+0
1.310427e+2	-8.636322e+0
1.310621e+2	-8.635991e+0
1.311208e+2	-8.636151e+0
1.311497e+2	-8.636010e+0
1.312215e+2	-8.635839e+0
1.312529e+2	-8.635846e+0
1.313003e+2	-8.635670e+0
1.313330e+2	-8.635637e+0
1.313929e+2	-8.635530e+0
1.314240e+2	-8.635499e+0
1.314926e+2	-8.635382e+0
1.315154e+2	-8.635057e+0
1.315721e+2	-8.634986e+0
1.316032e+2	-8.635052e+0
1.316632e+2	-8.634604e+0
1.317046e+2	-8.634681e+0
1.317605e+2	-8.634481e+0
1.317827e+2	-8.634406e+0
1.318407e+2	-8.634017e+0
1.318830e+2	-8.634049e+0
1.319396e+2	-8.633857e+0
1.319688e+2	-8.633760e+0
1.320149e+2	-8.633672e+0
1.320542e+2	-8.633615e+0
1.321124e+2	-8.633186e+0
1.321564e+2	-8.633270e+0
1.322028e+2	-8.633307e+0
1.322327e+2	-8.633012e+0
1.322816e+2	-8.633023e+0
1.323273e+2	-8.632981e+0
1.323773e+2	-8.632802e+0
1.324138e+2	-8.632483e+0
1.324599e+2	-8.632289e+0
1.324944e+2	-8.632321e+0
1.325430e+2	-8.632305e+0
1.325968e+2	-8.632195e+0
1.326398e+2	-8.632214e+0
1.326649e+2	-8.631836e+0
1.327141e+2	-8.631794e+0
1.327661e+2	-8.631633e+0
1.328055e+2	-8.631632e+0
1.328523e+2	-8.631371e+0
1.328990e+2	-8.631373e+0
1.329409e+2	-8.631382e+0
1.329765e+2	-8.631111e+0
1.330385e+2	-8.630917e+0
1.330746e+2	-8.630789e+0
1.331083e+2	-8.630850e+0
1.331523e+2	-8.630645e+0
1.332006e+2	-8.630455e+0
1.332361e+2	-8.630521e+0
1.333013e+2	-8.630042e+0
1.333332e+2	-8.630017e+0
1.333692e+2	-8.630037e+0
1.334086e+2	-8.629944e+0
1.334709e+2	-8.629977e+0
1.334961e+2	-8.629662e+0
1.335563e+2	-8.629540e+0
1.335914e+2	-8.629542e+0
1.336367e+2	-8.629235e+0
1.336681e+2	-8.629189e+0
1.337307e+2	-8.629176e+0
1.337614e+2	-8.629056e+0
1.338172e+2	-8.628842e+0
1.338395e+2	-8.628777e+0
1.339027e+2	-8.628593e+0
1.339287e+2	-8.628492e+0
1.339919e+2	-8.628255e+0
1.340168e+2	-8.628041e+0
1.340731e+2	-8.628015e+0
1.340939e+2	-8.627948e+0
1.341631e+2	-8.628041e+0
1.341851e+2	-8.627859e+0
1.342530e+2	-8.627729e+0
1.342751e+2	-8.627440e+0
1.343386e+2	-8.627455e+0
1.343574e+2	-8.627220e+0
1.344230e+2	-8.627176e+0
1.344453e+2	-8.627024e+0
1.345137e+2	-8.626857e+0
1.345290e+2	-8.626808e+0
1.345967e+2	-8.626672e+0
1.346112e+2	-8.626511e+0
1.346847e+2	-8.626481e+0
1.347006e+2	-8.626405e+0
1.347624e+2	-8.626240e+0
1.347751e+2	-8.626130e+0
1.348514e+2	-8.626022e+0
1.348644e+2	-8.625890e+0
1.349423e+2	-8.625654e+0
1.349549e+2	-8.625534e+0
1.350237e+2	-8.625654e+0
1.350322e+2	-8.625365e+0
1.351142e+2	-8.625235e+0
1.351210e+2	-8.625250e+0
1.351923e+2	-8.625178e+0
1.352093e+2	-8.624992e+0
1.352875e+2	-8.624707e+0
1.353688e+2	-8.624656e+0
1.353796e+2	-8.624574e+0
1.354462e+2	-8.624348e+0
1.354547e+2	-8.624330e+0
1.355378e+2	-8.624205e+0
1.355397e+2	-8.624061e+0
1.356167e+2	-8.623699e+0
1.356290e+2	-8.623656e+0
1.357044e+2	-8.623568e+0
1.357060e+2	-8.623449e+0
1.357874e+2	-8.623289e+0
1.357954e+2	-8.623419e+0
1.358747e+2	-8.623394e+0
1.358784e+2	-8.623180e+0
1.359598e+2	-8.622860e+0
1.359605e+2	-8.622869e+0
1.360429e+2	-8.622758e+0
1.360509e+2	-8.622705e+0
1.361261e+2	-8.622468e+0
1.361236e+2	-8.622544e+0
1.362134e+2	-8.622251e+0
1.362120e+2	-8.621929e+0
1.362971e+2	-8.621933e+0
1.363031e+2	-8.621663e+0
1.363798e+2	-8.621639e+0
1.363781e+2	-8.621587e+0
1.364647e+2	-8.621393e+0
1.364663e+2	-8.621350e+0
1.365439e+2	-8.621192e+0
1.365501e+2	-8.621089e+0
1.366296e+2	-8.620776e+0
1.366286e+2	-8.620619e+0
1.367202e+2	-8.620533e+0
1.367206e+2	-8.620621e+0
1.367937e+2	-8.620283e+0
1.367927e+2	-8.620099e+0
1.368786e+2	-8.620178e+0
1.368783e+2	-8.619849e+0
1.369592e+2	-8.619486e+0
1.369677e+2	-8.619800e+0
1.370422e+2	-8.619282e+0
1.370399e+2	-8.619302e+0
1.371261e+2	-8.619124e+0
1.371283e+2	-8.618961e+0
1.372061e+2	-8.618776e+0
1.372102e+2	-8.618504e+0
1.372861e+2	-8.618486e+0
1.372894e+2	-8.618582e+0
1.373779e+2	-8.618208e+0
1.373790e+2	-8.618070e+0
1.374485e+2	-8.618032e+0
1.374526e+2	-8.617851e+0
1.375329e+2	-8.617833e+0
1.375354e+2	-8.617444e+0
1.376156e+2	-8.617143e+0
1.376240e+2	-8.617029e+0
1.376928e+2	-8.617119e+0
1.376975e+2	-8.616839e+0
1.377767e+2	-8.616616e+0
1.377861e+2	-8.616501e+0
1.378557e+2	-8.616296e+0
1.378634e+2	-8.616305e+0
1.379408e+2	-8.616132e+0
1.379433e+2	-8.615963e+0
1.380290e+2	-8.615627e+0
1.380338e+2	-8.615724e+0
1.381005e+2	-8.615543e+0
1.381033e+2	-8.615184e+0
1.381831e+2	-8.615188e+0
1.381899e+2	-8.614975e+0
1.382641e+2	-8.614882e+0
1.382771e+2	-8.614602e+0
1.383409e+2	-8.614584e+0
1.383512e+2	-8.614506e+0
1.384316e+2	-8.614288e+0
1.384384e+2	-8.614111e+0
1.385026e+2	-8.613869e+0
1.385152e+2	-8.614038e+0
1.385863e+2	-8.613590e+0
1.385959e+2	-8.613631e+0
1.386766e+2	-8.613197e+0
1.386830e+2	-8.613047e+0
1.387451e+2	-8.613140e+0
1.387570e+2	-8.612800e+0
1.388276e+2	-8.612739e+0
1.388407e+2	-8.612658e+0
1.389065e+2	-8.612313e+0
1.389224e+2	-8.612053e+0
1.389874e+2	-8.612107e+0
1.390027e+2	-8.612150e+0
1.390713e+2	-8.611853e+0
1.390840e+2	-8.611651e+0
1.391440e+2	-8.611673e+0
1.391597e+2	-8.611396e+0
1.392244e+2	-8.611082e+0
1.392420e+2	-8.610966e+0
1.393113e+2	-8.611005e+0
1.393213e+2	-8.610803e+0
1.393764e+2	-8.610718e+0
1.394010e+2	-8.610406e+0
1.394656e+2	-8.610045e+0
1.394779e+2	-8.610313e+0
1.395355e+2	-8.610255e+0
1.395606e+2	-8.609857e+0
1.396191e+2	-8.609609e+0
1.396400e+2	-8.609510e+0
1.397055e+2	-8.609483e+0
1.397195e+2	-8.609324e+0
1.397742e+2	-8.609099e+0
1.397937e+2	-8.608998e+0
1.398567e+2	-8.608641e+0
1.398841e+2	-8.608671e+0
1.399388e+2	-8.608390e+0
1.399556e+2	-8.608258e+0
1.400108e+2	-8.608029e+0
1.400459e+2	-8.608064e+0
1.400990e+2	-8.608002e+0
1.401198e+2	-8.607827e+0
1.401669e+2	-8.607604e+0
1.401990e+2	-8.607477e+0
1.402532e+2	-8.607277e+0
1.402772e+2	-8.607002e+0
1.403347e+2	-8.606782e+0
1.403613e+2	-8.606681e+0
1.404019e+2	-8.606693e+0
1.404348e+2	-8.606365e+0
1.404890e+2	-8.606439e+0
1.405157e+2	-8.606009e+0
1.405690e+2	-8.605896e+0
1.406016e+2	-8.605822e+0
1.406350e+2	-8.605506e+0
1.406781e+2	-8.605545e+0
1.407258e+2	-8.605415e+0
1.407534e+2	-8.605130e+0
1.407915e+2	-8.604898e+0
1.408304e+2	-8.604930e+0
1.408759e+2	-8.604629e+0
1.409233e+2	-8.604619e+0
1.409582e+2	-8.604139e+0
1.409868e+2	-8.604148e+0
1.410241e+2	-8.604033e+0
1.410730e+2	-8.603749e+0
1.411108e+2	-8.603584e+0
1.411490e+2	-8.603395e+0
1.411837e+2	-8.603419e+0
1.412249e+2	-8.603165e+0
1.412617e+2	-8.603063e+0
1.413152e+2	-8.602787e+0
1.413442e+2	-8.602798e+0
1.413769e+2	-8.602524e+0
1.414131e+2	-8.602628e+0
1.414652e+2	-8.602410e+0
1.414940e+2	-8.602269e+0
1.415423e+2	-8.602056e+0
1.415772e+2	-8.601974e+0
1.416133e+2	-8.601651e+0
1.416452e+2	-8.601751e+0
1.416997e+2	-8.601474e+0
1.417317e+2	-8.601238e+0
1.417753e+2	-8.601244e+0
1.417963e+2	-8.601005e+0
1.418518e+2	-8.600797e+0
1.418782e+2	-8.600523e+0
1.419325e+2	-8.600535e+0
1.419604e+2	-8.600231e+0
1.420077e+2	-8.599990e+0
1.420263e+2	-8.599771e+0
1.420844e+2	-8.599547e+0
1.421091e+2	-8.599572e+0
1.421651e+2	-8.599366e+0
1.421895e+2	-8.599300e+0
1.422428e+2	-8.599006e+0
1.422608e+2	-8.598884e+0
1.423284e+2	-8.598685e+0
1.423441e+2	-8.598514e+0
1.423878e+2	-8.598431e+0
1.424111e+2	-8.598150e+0
1.424785e+2	-8.598136e+0
1.424886e+2	-8.598077e+0
1.425547e+2	-8.597807e+0
1.425734e+2	-8.597592e+0
1.426200e+2	-8.597465e+0
1.426391e+2	-8.597380e+0
1.427056e+2	-8.597158e+0
1.427188e+2	-8.597045e+0
1.427841e+2	-8.596547e+0
1.427970e+2	-8.596679e+0
1.428593e+2	-8.596270e+0
1.428682e+2	-8.596270e+0
1.429371e+2	-8.596035e+0
1.429501e+2	-8.595788e+0
1.430082e+2	-8.595670e+0
1.430153e+2	-8.595744e+0
1.430847e+2	-8.595459e+0
1.430944e+2	-8.595356e+0
1.431675e+2	-8.595024e+0
1.431756e+2	-8.594876e+0
1.432367e+2	-8.594645e+0
1.432402e+2	-8.594724e+0
1.433181e+2	-8.594468e+0
1.433209e+2	-8.594144e+0
1.433862e+2	-8.593986e+0
1.434004e+2	-8.593913e+0
1.434692e+2	-8.593644e+0
1.434690e+2	-8.593539e+0
1.435466e+2	-8.593272e+0
1.435525e+2	-8.593244e+0
1.436147e+2	-8.592930e+0
1.436207e+2	-8.592918e+0
1.436986e+2	-8.592860e+0
1.436960e+2	-8.592428e+0
1.437750e+2	-8.592132e+0
1.437770e+2	-8.592244e+0
1.438477e+2	-8.591854e+0
1.438457e+2	-8.591712e+0
1.439199e+2	-8.591547e+0
1.439221e+2	-8.591444e+0
1.439981e+2	-8.591158e+0
1.439994e+2	-8.591006e+0
1.440707e+2	-8.590917e+0
1.440680e+2	-8.590832e+0
1.441437e+2	-8.590439e+0
1.441521e+2	-8.590260e+0
1.442217e+2	-8.590099e+0
1.442138e+2	-8.590028e+0
1.442938e+2	-8.589787e+0
1.442920e+2	-8.589516e+0
1.443700e+2	-8.589547e+0
1.443735e+2	-8.589445e+0
1.444405e+2	-8.589133e+0
1.444383e+2	-8.588908e+0
1.445184e+2	-8.588652e+0
1.445191e+2	-8.588627e+0
1.445897e+2	-8.588457e+0
1.445909e+2	-8.588243e+0
1.446638e+2	-8.588026e+0
1.446612e+2	-8.587788e+0
1.447424e+2	-8.587724e+0
1.447418e+2	-8.587680e+0
1.448100e+2	-8.587404e+0
1.448066e+2	-8.587243e+0
1.448838e+2	-8.587006e+0
1.448826e+2	-8.587008e+0
1.449562e+2	-8.586766e+0
1.449604e+2	-8.586580e+0
1.450294e+2	-8.586413e+0
1.450271e+2	-8.586255e+0
1.451029e+2	-8.586111e+0
1.451031e+2	-8.585714e+0
1.451748e+2	-8.585687e+0
1.451802e+2	-8.585391e+0
1.452465e+2	-8.585328e+0
1.452495e+2	-8.585161e+0
1.453315e+2	-8.584825e+0
1.453288e+2	-8.584729e+0
1.453913e+2	-8.584742e+0
1.453928e+2	-8.584348e+0
1.454663e+2	-8.584001e+0
1.454675e+2	-8.584222e+0
1.455413e+2	-8.583809e+0
1.455469e+2	-8.583745e+0
1.456090e+2	-8.583476e+0
1.456113e+2	-8.583373e+0
1.456864e+2	-8.583187e+0
1.456846e+2	-8.583025e+0
1.457546e+2	-8.582699e+0
1.457630e+2	-8.582415e+0
1.458251e+2	-8.582533e+0
1.458295e+2	-8.582274e+0
1.459051e+2	-8.581706e+0
1.459068e+2	-8.581750e+0
1.459670e+2	-8.581621e+0
1.459734e+2	-8.581386e+0
1.460403e+2	-8.581204e+0
1.460462e+2	-8.581277e+0
1.461227e+2	-8.580901e+0
1.461236e+2	-8.580719e+0
1.461815e+2	-8.580516e+0
1.461889e+2	-8.580433e+0
1.462558e+2	-8.580104e+0
1.462623e+2	-8.579980e+0
1.463247e+2	-8.579871e+0
1.463370e+2	-8.579614e+0
1.463985e+2	-8.579475e+0
1.464067e+2	-8.579258e+0
1.464749e+2	-8.578875e+0
1.464829e+2	-8.578631e+0
1.465392e+2	-8.578546e+0
1.465492e+2	-8.578447e+0
1.466125e+2	-8.578229e+0
1.466232e+2	-8.577833e+0
1.466886e+2	-8.577834e+0
1.466959e+2	-8.577486e+0
1.467493e+2	-8.577235e+0
1.467663e+2	-8.577115e+0
1.468286e+2	-8.577047e+0
1.468336e+2	-8.576790e+0
1.468918e+2	-8.576468e+0
1.469110e+2	-8.576358e+0
1.469671e+2	-8.576018e+0
1.469795e+2	-8.576025e+0
1.470447e+2	-8.575679e+0
1.470535e+2	-8.575497e+0
1.471041e+2	-8.575216e+0
1.471216e+2	-8.574941e+0
1.471808e+2	-8.574859e+0
1.472006e+2	-8.574461e+0
1.472519e+2	-8.574259e+0
1.472673e+2	-8.573925e+0
1.473156e+2	-8.573846e+0
1.473431e+2	-8.573598e+0
1.473939e+2	-8.573331e+0
1.474103e+2	-8.573047e+0
1.474569e+2	-8.572823e+0
1.474782e+2	-8.572733e+0
1.475358e+2	-8.572382e+0
1.475618e+2	-8.572205e+0
1.476074e+2	-8.571985e+0
1.476245e+2	-8.571799e+0
1.476685e+2	-8.571491e+0
1.477019e+2	-8.571243e+0
1.477481e+2	-8.570935e+0
1.477673e+2	-8.570750e+0
1.478092e+2	-8.570637e+0
1.478327e+2	-8.570168e+0
1.478785e+2	-8.569892e+0
1.479125e+2	-8.569633e+0
1.479578e+2	-8.569433e+0
1.479704e+2	-8.569225e+0
1.480144e+2	-8.568822e+0
1.480479e+2	-8.568512e+0
1.480908e+2	-8.568309e+0
1.481293e+2	-8.568320e+0
1.481608e+2	-8.567673e+0
1.481874e+2	-8.567505e+0
1.482253e+2	-8.567370e+0
1.482670e+2	-8.566876e+0
1.483042e+2	-8.566533e+0
1.483310e+2	-8.566562e+0
1.483622e+2	-8.566116e+0
1.483981e+2	-8.565997e+0
1.484353e+2	-8.565634e+0
1.484701e+2	-8.565053e+0
1.485082e+2	-8.564960e+0
1.485409e+2	-8.564629e+0
1.485687e+2	-8.564409e+0
1.486087e+2	-8.564028e+0
1.486479e+2	-8.563717e+0
1.486803e+2	-8.563500e+0
1.487107e+2	-8.563088e+0
1.487499e+2	-8.562929e+0
1.487799e+2	-8.562649e+0
1.488294e+2	-8.562179e+0
1.488543e+2	-8.561936e+0
1.488832e+2	-8.561695e+0
1.489137e+2	-8.561309e+0
1.489630e+2	-8.561022e+0
1.489843e+2	-8.560815e+0
1.490303e+2	-8.560195e+0
1.490588e+2	-8.560034e+0
1.490925e+2	-8.559709e+0
1.491195e+2	-8.559431e+0
1.491686e+2	-8.558977e+0
1.491958e+2	-8.558771e+0
1.492373e+2	-8.558323e+0
1.492541e+2	-8.557727e+0
1.493046e+2	-8.557471e+0
1.493257e+2	-8.557013e+0
1.493764e+2	-8.556674e+0
1.494020e+2	-8.556431e+0
1.494461e+2	-8.555715e+0
1.494579e+2	-8.555500e+0
1.495165e+2	-8.555176e+0
1.495322e+2	-8.554689e+0
1.495875e+2	-8.554240e+0
1.496050e+2	-8.553895e+0
1.496552e+2	-8.553682e+0
1.496689e+2	-8.553182e+0
1.497230e+2	-8.552488e+0
1.497412e+2	-8.552316e+0
1.497951e+2	-8.551876e+0
1.498070e+2	-8.551455e+0
1.498620e+2	-8.551021e+0
1.498739e+2	-8.550344e+0
1.499328e+2	-8.550184e+0
1.499459e+2	-8.549720e+0
1.499945e+2	-8.549151e+0
1.500047e+2	-8.548653e+0
1.500652e+2	-8.548172e+0
1.500754e+2	-8.548043e+0
1.501371e+2	-8.547501e+0
1.501474e+2	-8.547249e+0
1.502012e+2	-8.546642e+0
1.502052e+2	-8.546091e+0
1.502732e+2	-8.545531e+0
1.502801e+2	-8.545207e+0
1.503312e+2	-8.544670e+0
1.503466e+2	-8.544102e+0
1.504066e+2	-8.543534e+0
1.504086e+2	-8.543106e+0
1.504774e+2	-8.542660e+0
1.504834e+2	-8.542032e+0
1.505359e+2	-8.541431e+0
1.505400e+2	-8.541008e+0
1.506091e+2	-8.540508e+0
1.506106e+2	-8.539926e+0
1.506795e+2	-8.539328e+0
1.506810e+2	-8.538839e+0
1.507425e+2	-8.538370e+0
1.507432e+2	-8.537644e+0
1.508098e+2	-8.536977e+0
1.508130e+2	-8.536676e+0
1.508778e+2	-8.536074e+0
1.508779e+2	-8.535415e+0
1.509440e+2	-8.535105e+0
1.509426e+2	-8.534223e+0
1.510125e+2	-8.533762e+0
1.510143e+2	-8.533069e+0
1.510765e+2	-8.532449e+0
1.510710e+2	-8.531750e+0
1.511445e+2	-8.531228e+0
1.511398e+2	-8.530544e+0
1.512081e+2	-8.529934e+0
1.512132e+2	-8.529444e+0
1.512766e+2	-8.528667e+0
1.512729e+2	-8.527986e+0
1.513468e+2	-8.527384e+0
1.513441e+2	-8.526614e+0
1.514115e+2	-8.526141e+0
1.514113e+2	-8.525317e+0
1.514755e+2	-8.524598e+0
1.514725e+2	-8.523775e+0
1.515450e+2	-8.523273e+0
1.515449e+2	-8.522526e+0
1.516073e+2	-8.521732e+0
1.516018e+2	-8.521091e+0
1.516758e+2	-8.520111e+0
1.516726e+2	-8.519662e+0
1.517399e+2	-8.518737e+0
1.517424e+2	-8.518156e+0
1.518067e+2	-8.517375e+0
1.518018e+2	-8.516635e+0
1.518739e+2	-8.515779e+0
1.518727e+2	-8.514918e+0
1.519375e+2	-8.513918e+0
1.519397e+2	-8.513186e+0
1.520036e+2	-8.512429e+0
1.520003e+2	-8.511594e+0
1.520774e+2	-8.510644e+0
1.520724e+2	-8.509870e+0
1.521330e+2	-8.508740e+0
1.521329e+2	-8.508135e+0
1.522014e+2	-8.506955e+0
1.521980e+2	-8.506146e+0
1.522642e+2	-8.504986e+0
1.522682e+2	-8.504285e+0
1.523279e+2	-8.503471e+0
1.523285e+2	-8.502407e+0
1.524024e+2	-8.501374e+0
1.524003e+2	-8.500123e+0
1.524578e+2	-8.499330e+0
1.524577e+2	-8.498353e+0
1.525235e+2	-8.497214e+0
1.525236e+2	-8.495952e+0
1.525926e+2	-8.495292e+0
1.525948e+2	-8.494117e+0
1.526527e+2	-8.492886e+0
1.526527e+2	-8.491707e+0
1.527199e+2	-8.490657e+0
1.527235e+2	-8.489595e+0
1.527825e+2	-8.488444e+0
1.527863e+2	-8.487143e+0
1.528445e+2	-8.486061e+0
1.528517e+2	-8.484863e+0
1.529209e+2	-8.483605e+0
1.529222e+2	-8.482152e+0
1.529757e+2	-8.481068e+0
1.529807e+2	-8.479684e+0
1.530467e+2	-8.478221e+0
1.530460e+2	-8.477035e+0
1.531051e+2	-8.475844e+0
1.531153e+2	-8.474123e+0
1.531729e+2	-8.472646e+0
1.531755e+2	-8.471542e+0
1.532405e+2	-8.470147e+0
1.532471e+2	-8.468754e+0
1.532993e+2	-8.467126e+0
1.533047e+2	-8.465584e+0
1.533652e+2	-8.464320e+0
1.533717e+2	-8.462597e+0
1.534328e+2	-8.461111e+0
1.534387e+2	-8.459444e+0
1.534897e+2	-8.457837e+0
1.535003e+2	-8.456026e+0
1.535609e+2	-8.454562e+0
1.535624e+2	-8.452967e+0
1.536172e+2	-8.451129e+0
1.536326e+2	-8.449546e+0
1.536842e+2	-8.447674e+0
1.536928e+2	-8.446009e+0
1.537543e+2	-8.443996e+0
1.537601e+2	-8.442251e+0
1.538106e+2	-8.440272e+0
1.538190e+2	-8.438491e+0
1.538760e+2	-8.436495e+0
1.538912e+2	-8.433833e+0
1.539394e+2	-8.432408e+0
1.539527e+2	-8.430411e+0
1.540019e+2	-8.428538e+0
1.540191e+2	-8.426343e+0
1.540674e+2	-8.424075e+0
1.540805e+2	-8.421832e+0
1.541264e+2	-8.419751e+0
1.541417e+2	-8.417452e+0
1.541925e+2	-8.415267e+0
1.542088e+2	-8.412841e+0
1.542615e+2	-8.410612e+0
1.542764e+2	-8.408258e+0
1.543142e+2	-8.405882e+0
1.543352e+2	-8.403095e+0
1.543834e+2	-8.400874e+0
1.543995e+2	-8.398193e+0
1.544413e+2	-8.395437e+0
1.544644e+2	-8.392854e+0
1.545020e+2	-8.390261e+0
1.545263e+2	-8.387491e+0
1.545725e+2	-8.384728e+0
1.545866e+2	-8.381950e+0
1.546272e+2	-8.378972e+0
1.546513e+2	-8.375947e+0
1.546916e+2	-8.373167e+0
1.547241e+2	-8.369947e+0
1.547620e+2	-8.366911e+0
1.547800e+2	-8.363917e+0
1.548173e+2	-8.360685e+0
1.548870e+2	-8.354320e+0
1.549110e+2	-8.350828e+0
1.549461e+2	-8.347318e+0
1.549695e+2	-8.343724e+0
1.550044e+2	-8.340294e+0
1.550424e+2	-8.336750e+0
1.550745e+2	-8.333049e+0
1.550888e+2	-8.329400e+0
1.551259e+2	-8.325699e+0
1.551642e+2	-8.321769e+0
1.551933e+2	-8.317927e+0
1.552255e+2	-8.313835e+0
1.552608e+2	-8.309612e+0
1.552906e+2	-8.305307e+0
1.553150e+2	-8.301184e+0
1.553512e+2	-8.296845e+0
1.553832e+2	-8.292386e+0
1.554131e+2	-8.287709e+0
1.554416e+2	-8.283199e+0
1.554783e+2	-8.278210e+0
1.555055e+2	-8.273452e+0
1.555523e+2	-8.268444e+0
1.555729e+2	-8.263645e+0
1.555978e+2	-8.258525e+0
1.556266e+2	-8.253253e+0
1.556721e+2	-8.248002e+0
1.556894e+2	-8.242542e+0
1.557337e+2	-8.236919e+0
1.557583e+2	-8.231174e+0
1.558018e+2	-8.225572e+0
1.558127e+2	-8.219276e+0
1.558602e+2	-8.213083e+0
1.558810e+2	-8.207053e+0
1.559216e+2	-8.201031e+0
1.559349e+2	-8.193988e+0
1.559817e+2	-8.187807e+0
1.559982e+2	-8.181204e+0
1.560461e+2	-8.173782e+0
1.560658e+2	-8.166629e+0
1.561050e+2	-8.159308e+0
1.561185e+2	-8.151806e+0
1.561679e+2	-8.144546e+0
1.561813e+2	-8.136725e+0
1.562310e+2	-8.128598e+0
1.562499e+2	-8.120228e+0
1.562938e+2	-8.112151e+0
1.563037e+2	-8.103778e+0
1.563645e+2	-8.094867e+0
1.563740e+2	-8.085849e+0
1.564117e+2	-8.076521e+0
1.564289e+2	-8.067029e+0
1.564851e+2	-8.057563e+0
1.564889e+2	-8.048037e+0
1.565471e+2	-8.037222e+0
1.565575e+2	-8.027055e+0
1.565985e+2	-8.016730e+0
1.566086e+2	-8.005754e+0
1.566695e+2	-7.994645e+0
1.566734e+2	-7.983597e+0
1.567217e+2	-7.971667e+0
1.567377e+2	-7.959721e+0
1.567925e+2	-7.947682e+0
1.567939e+2	-7.935573e+0
1.568544e+2	-7.922851e+0
1.568610e+2	-7.909036e+0
1.569135e+2	-7.896376e+0
1.569138e+2	-7.882182e+0
1.569744e+2	-7.868508e+0
1.569771e+2	-7.854585e+0
1.570396e+2	-7.839639e+0
1.570960e+2	-7.793730e+0
1.571640e+2	-7.778068e+0
1.571634e+2	-7.761928e+0
1.572225e+2	-7.744756e+0
1.572161e+2	-7.727407e+0
1.572798e+2	-7.710129e+0
1.572802e+2	-7.692972e+0
1.573442e+2	-7.674139e+0
1.573430e+2	-7.655878e+0
1.574004e+2	-7.636665e+0
1.573978e+2	-7.616845e+0
1.574606e+2	-7.597830e+0
1.574590e+2	-7.578328e+0
1.575233e+2	-7.557182e+0
1.575216e+2	-7.535734e+0
1.575827e+2	-7.515185e+0
1.575775e+2	-7.493066e+0
1.576457e+2	-7.471776e+0
1.576434e+2	-7.448882e+0
1.577031e+2	-7.426883e+0
1.576976e+2	-7.403829e+0
1.577636e+2	-7.380564e+0
1.577564e+2	-7.356491e+0
1.578269e+2	-7.331768e+0
1.578203e+2	-7.308115e+0
1.578816e+2	-7.283940e+0
1.578751e+2	-7.258009e+0
1.579418e+2	-7.231690e+0
1.579348e+2	-7.206489e+0
1.579977e+2	-7.179736e+0
1.579999e+2	-7.154067e+0
1.580609e+2	-7.126663e+0
1.580542e+2	-7.100463e+0
1.581210e+2	-7.072617e+0
1.581187e+2	-7.045517e+0
1.581791e+2	-7.016878e+0
1.581790e+2	-6.988285e+0
1.582373e+2	-6.960402e+0
1.582337e+2	-6.932154e+0
1.583044e+2	-6.902605e+0
1.582977e+2	-6.873729e+0
1.583566e+2	-6.844916e+0
1.583528e+2	-6.814253e+0
1.584155e+2	-6.784619e+0
1.584120e+2	-6.755351e+0
1.584750e+2	-6.724300e+0
1.584755e+2	-6.694039e+0
1.585317e+2	-6.664108e+0
1.585306e+2	-6.631641e+0
1.585980e+2	-6.601580e+0
1.585956e+2	-6.571568e+0
1.586497e+2	-6.539798e+0
1.586497e+2	-6.508132e+0
1.587085e+2	-6.477730e+0
1.587101e+2	-6.447347e+0
1.587740e+2	-6.413811e+0
1.587731e+2	-6.383421e+0
1.588286e+2	-6.352935e+0
1.588253e+2	-6.320231e+0
1.588874e+2	-6.288095e+0
1.588854e+2	-6.257531e+0
1.589427e+2	-6.225247e+0
1.589476e+2	-6.193970e+0
1.590010e+2	-6.161410e+0
1.590027e+2	-6.130511e+0
1.590678e+2	-6.098388e+0
1.590665e+2	-6.067595e+0
1.591175e+2	-6.035481e+0
1.591200e+2	-6.003727e+0
1.591788e+2	-5.972881e+0
1.591791e+2	-5.942384e+0
1.592440e+2	-5.910038e+0
1.592438e+2	-5.879291e+0
1.592926e+2	-5.848847e+0
1.592963e+2	-5.816737e+0
1.593585e+2	-5.786324e+0
1.593576e+2	-5.756101e+0
1.594090e+2	-5.724745e+0
1.594176e+2	-5.694062e+0
1.594707e+2	-5.664401e+0
1.594737e+2	-5.633487e+0
1.595314e+2	-5.602474e+0
1.595361e+2	-5.573598e+0
1.595843e+2	-5.543324e+0
1.595889e+2	-5.514517e+0
1.596461e+2	-5.484323e+0
1.596475e+2	-5.456015e+0
1.597061e+2	-5.426421e+0
1.597108e+2	-5.398257e+0
1.597569e+2	-5.369035e+0
1.597649e+2	-5.340105e+0
1.598209e+2	-5.312582e+0
1.598211e+2	-5.285444e+0
1.598698e+2	-5.256616e+0
1.598844e+2	-5.228631e+0
1.599316e+2	-5.201920e+0
1.599395e+2	-5.174430e+0
1.599966e+2	-5.148001e+0
1.600002e+2	-5.120249e+0
1.600422e+2	-5.094309e+0
1.600541e+2	-5.067777e+0
1.601088e+2	-5.042265e+0
1.601201e+2	-5.016356e+0
1.601633e+2	-4.990424e+0
1.601729e+2	-4.965430e+0
1.602182e+2	-4.940527e+0
1.602363e+2	-4.914617e+0
1.602788e+2	-4.890249e+0
1.602900e+2	-4.866570e+0
1.603312e+2	-4.841461e+0
1.603455e+2	-4.817611e+0
1.603898e+2	-4.794249e+0
1.604117e+2	-4.769884e+0
1.604544e+2	-4.746937e+0
1.604609e+2	-4.724252e+0
1.605012e+2	-4.700572e+0
1.605234e+2	-4.678409e+0
1.605654e+2	-4.656285e+0
1.605798e+2	-4.633551e+0
1.606206e+2	-4.611197e+0
1.606401e+2	-4.590268e+0
1.606738e+2	-4.568561e+0
1.606996e+2	-4.547450e+0
1.607397e+2	-4.526770e+0
1.607543e+2	-4.505561e+0
1.607863e+2	-4.485037e+0
1.608107e+2	-4.464974e+0
1.608456e+2	-4.444276e+0
1.608774e+2	-4.424219e+0
1.609089e+2	-4.404704e+0
1.609254e+2	-4.385849e+0
1.609586e+2	-4.366119e+0
1.609908e+2	-4.346281e+0
1.610216e+2	-4.328024e+0
1.610442e+2	-4.309181e+0
1.610756e+2	-4.291173e+0
1.610975e+2	-4.273199e+0
1.611307e+2	-4.254953e+0
1.611631e+2	-4.236689e+0
1.611950e+2	-4.219470e+0
1.612189e+2	-4.201971e+0
1.612425e+2	-4.184260e+0
1.612752e+2	-4.167635e+0
1.613035e+2	-4.151426e+0
1.613340e+2	-4.134472e+0
1.613627e+2	-4.118311e+0
1.613924e+2	-4.101593e+0
1.614138e+2	-4.085431e+0
1.614481e+2	-4.069811e+0
1.614772e+2	-4.053850e+0
1.615063e+2	-4.038840e+0
1.615294e+2	-4.023169e+0
1.615627e+2	-4.008427e+0
1.615849e+2	-3.992796e+0
1.616292e+2	-3.977915e+0
1.616449e+2	-3.963768e+0
1.616709e+2	-3.949553e+0
1.616941e+2	-3.934617e+0
1.617389e+2	-3.920794e+0
1.617521e+2	-3.906538e+0
1.617938e+2	-3.892356e+0
1.618115e+2	-3.878898e+0
1.618496e+2	-3.865727e+0
1.618630e+2	-3.851947e+0
1.619059e+2	-3.838422e+0
1.619263e+2	-3.825627e+0
1.619629e+2	-3.813198e+0
1.619750e+2	-3.799890e+0
1.620194e+2	-3.787388e+0
1.620326e+2	-3.775163e+0
1.620782e+2	-3.761970e+0
1.620924e+2	-3.750006e+0
1.621297e+2	-3.738324e+0
1.621404e+2	-3.725977e+0
1.621881e+2	-3.714399e+0
1.622004e+2	-3.702191e+0
1.622436e+2	-3.690421e+0
1.622600e+2	-3.679260e+0
1.623009e+2	-3.668353e+0
1.623074e+2	-3.656559e+0
1.623639e+2	-3.645712e+0
1.623702e+2	-3.634999e+0
1.624073e+2	-3.623716e+0
1.624210e+2	-3.613004e+0
1.624733e+2	-3.602324e+0
1.624751e+2	-3.591995e+0
1.625303e+2	-3.581386e+0
1.625357e+2	-3.571095e+0
1.625748e+2	-3.560778e+0
1.625818e+2	-3.550736e+0
1.626402e+2	-3.540696e+0
1.626405e+2	-3.531053e+0
1.626875e+2	-3.520435e+0
1.626990e+2	-3.510911e+0
1.627504e+2	-3.501670e+0
1.627504e+2	-3.491868e+0
1.628069e+2	-3.482760e+0
1.628101e+2	-3.473028e+0
1.628611e+2	-3.464275e+0
1.628594e+2	-3.454848e+0
1.629162e+2	-3.445981e+0
1.629165e+2	-3.436783e+0
1.629737e+2	-3.427944e+0
1.629773e+2	-3.419260e+0
1.630279e+2	-3.410901e+0
1.630239e+2	-3.401870e+0
1.630867e+2	-3.392976e+0
1.630822e+2	-3.384862e+0
1.631387e+2	-3.376220e+0
1.631410e+2	-3.368199e+0
1.631978e+2	-3.359803e+0
1.631914e+2	-3.351808e+0
1.632553e+2	-3.343683e+0
1.633057e+2	-3.327721e+0
1.633032e+2	-3.319614e+0
1.633621e+2	-3.312178e+0
1.633571e+2	-3.304542e+0
1.634190e+2	-3.296657e+0
1.634173e+2	-3.288990e+0
1.634726e+2	-3.281381e+0
1.634663e+2	-3.273995e+0
1.635263e+2	-3.266549e+0
1.635225e+2	-3.259349e+0
1.635817e+2	-3.252231e+0
1.635801e+2	-3.244883e+0
1.636356e+2	-3.237915e+0
1.636298e+2	-3.230863e+0
1.636966e+2	-3.223530e+0
1.636880e+2	-3.216553e+0
1.637449e+2	-3.209579e+0
1.637378e+2	-3.202592e+0
1.637997e+2	-3.195913e+0
1.637933e+2	-3.189323e+0
1.638518e+2	-3.182609e+0
1.638517e+2	-3.176063e+0
1.639075e+2	-3.169362e+0
1.638995e+2	-3.163107e+0
1.639622e+2	-3.156376e+0
1.639587e+2	-3.150000e+0
1.640141e+2	-3.143487e+0
1.640106e+2	-3.137286e+0
1.640676e+2	-3.130884e+0
1.640632e+2	-3.124852e+0
1.641288e+2	-3.118606e+0
1.641208e+2	-3.112616e+0
1.641750e+2	-3.106618e+0
1.641719e+2	-3.100293e+0
1.642318e+2	-3.094241e+0
1.642259e+2	-3.088556e+0
1.642840e+2	-3.082939e+0
1.642833e+2	-3.076535e+0
1.643373e+2	-3.070990e+0
1.643333e+2	-3.065402e+0
1.643932e+2	-3.059309e+0
1.643915e+2	-3.053912e+0
1.644442e+2	-3.048408e+0
1.644414e+2	-3.042866e+0
1.644990e+2	-3.036920e+0
1.644956e+2	-3.031621e+0
1.645554e+2	-3.026151e+0
1.645536e+2	-3.020639e+0
1.646045e+2	-3.015609e+0
1.646008e+2	-3.009945e+0
1.646580e+2	-3.004774e+0
1.646565e+2	-2.999727e+0
1.647102e+2	-2.994454e+0
1.647139e+2	-2.989384e+0
1.647613e+2	-2.984042e+0
1.647640e+2	-2.979133e+0
1.648237e+2	-2.974087e+0
1.648212e+2	-2.969110e+0
1.648685e+2	-2.964002e+0
1.648716e+2	-2.959274e+0
1.649248e+2	-2.953951e+0
1.649244e+2	-2.949215e+0
1.649854e+2	-2.944754e+0
1.649836e+2	-2.939538e+0
1.650275e+2	-2.934914e+0
1.650312e+2	-2.930083e+0
1.650887e+2	-2.925479e+0
1.650842e+2	-2.921018e+0
1.651393e+2	-2.916478e+0
1.651443e+2	-2.911455e+0
1.651870e+2	-2.906882e+0
1.651902e+2	-2.902700e+0
1.652464e+2	-2.897786e+0
1.652446e+2	-2.893476e+0
1.652919e+2	-2.889265e+0
1.653018e+2	-2.884434e+0
1.653460e+2	-2.880137e+0
1.653492e+2	-2.875971e+0
1.654070e+2	-2.871434e+0
1.654082e+2	-2.867127e+0
1.654503e+2	-2.863230e+0
1.654564e+2	-2.858603e+0
1.655100e+2	-2.854425e+0
1.655166e+2	-2.850191e+0
1.655581e+2	-2.846226e+0
1.655672e+2	-2.841925e+0
1.656105e+2	-2.837970e+0
1.656218e+2	-2.833792e+0
1.656650e+2	-2.829736e+0
1.656729e+2	-2.825886e+0
1.657142e+2	-2.821767e+0
1.657241e+2	-2.817977e+0
1.657684e+2	-2.813980e+0
1.657781e+2	-2.809681e+0
1.658247e+2	-2.805819e+0
1.658352e+2	-2.802011e+0
1.658673e+2	-2.798206e+0
1.658843e+2	-2.794286e+0
1.659271e+2	-2.790680e+0
1.659361e+2	-2.786708e+0
1.659735e+2	-2.782964e+0
1.659895e+2	-2.779393e+0
1.660246e+2	-2.775675e+0
1.660424e+2	-2.772066e+0
1.660835e+2	-2.768524e+0
1.660937e+2	-2.764729e+0
1.661271e+2	-2.761163e+0
1.661454e+2	-2.757477e+0
1.661817e+2	-2.753977e+0
1.662064e+2	-2.750412e+0
1.662396e+2	-2.746999e+0
1.662512e+2	-2.743586e+0
1.662854e+2	-2.739943e+0
1.663122e+2	-2.736434e+0
1.663446e+2	-2.732858e+0
1.663610e+2	-2.729569e+0
1.663917e+2	-2.726012e+0
1.664090e+2	-2.722823e+0
1.664410e+2	-2.719274e+0
1.664703e+2	-2.716009e+0
1.665010e+2	-2.712867e+0
1.665103e+2	-2.709477e+0
1.665422e+2	-2.706455e+0
1.665710e+2	-2.703066e+0
1.665988e+2	-2.699745e+0
1.666252e+2	-2.696534e+0
1.666549e+2	-2.693322e+0
1.666771e+2	-2.690229e+0
1.667003e+2	-2.687148e+0
1.667300e+2	-2.683719e+0
1.667607e+2	-2.680789e+0
1.667790e+2	-2.677612e+0
1.668035e+2	-2.674536e+0
1.668319e+2	-2.671608e+0
1.668553e+2	-2.668400e+0
1.668943e+2	-2.665083e+0
1.669148e+2	-2.662528e+0
1.669333e+2	-2.659252e+0
1.669584e+2	-2.656559e+0
1.669958e+2	-2.653288e+0
1.670122e+2	-2.650635e+0
1.670482e+2	-2.647683e+0
1.670694e+2	-2.644777e+0
1.670938e+2	-2.641663e+0
1.671128e+2	-2.638959e+0
1.671545e+2	-2.635979e+0
1.671716e+2	-2.633157e+0
1.672035e+2	-2.630436e+0
1.672133e+2	-2.627522e+0
1.672515e+2	-2.624630e+0
1.672690e+2	-2.621868e+0
1.673067e+2	-2.619302e+0
1.673236e+2	-2.616315e+0
1.673559e+2	-2.613677e+0
1.673668e+2	-2.610913e+0
1.674071e+2	-2.608321e+0
1.674215e+2	-2.605209e+0
1.674593e+2	-2.602724e+0
1.674769e+2	-2.600205e+0
1.675114e+2	-2.597475e+0
1.675202e+2	-2.595004e+0
1.675727e+2	-2.592343e+0
1.675796e+2	-2.589812e+0
1.676093e+2	-2.587378e+0
1.676234e+2	-2.584628e+0
1.676729e+2	-2.582039e+0
1.676754e+2	-2.579363e+0
1.677258e+2	-2.576890e+0
1.677338e+2	-2.574450e+0
1.677778e+2	-2.572026e+0
1.677777e+2	-2.569608e+0
1.678263e+2	-2.567043e+0
1.678309e+2	-2.564545e+0
1.678797e+2	-2.562187e+0
1.678844e+2	-2.559570e+0
1.679286e+2	-2.557097e+0
1.679317e+2	-2.554818e+0
1.679838e+2	-2.552358e+0
1.679865e+2	-2.549775e+0
1.680298e+2	-2.547452e+0
1.680287e+2	-2.545336e+0
1.680822e+2	-2.542582e+0
1.680829e+2	-2.540484e+0
1.681362e+2	-2.538009e+0
1.681387e+2	-2.536086e+0
1.681852e+2	-2.533628e+0
1.681821e+2	-2.531439e+0
1.682375e+2	-2.529022e+0
1.682365e+2	-2.526692e+0
1.682841e+2	-2.524609e+0
1.682896e+2	-2.522445e+0
1.683395e+2	-2.519860e+0
1.683327e+2	-2.517716e+0
1.683923e+2	-2.515378e+0
1.683918e+2	-2.513375e+0
1.684375e+2	-2.511232e+0
1.684360e+2	-2.508975e+0
1.684917e+2	-2.506791e+0
1.684843e+2	-2.504688e+0
1.685389e+2	-2.502410e+0
1.685394e+2	-2.500362e+0
1.685917e+2	-2.498211e+0
1.685836e+2	-2.496247e+0
1.686410e+2	-2.494132e+0
1.686351e+2	-2.491958e+0
1.686921e+2	-2.489718e+0
1.686885e+2	-2.487568e+0
1.687409e+2	-2.485733e+0
1.687346e+2	-2.483696e+0
1.687918e+2	-2.481552e+0
1.687904e+2	-2.479526e+0
1.688413e+2	-2.477540e+0
1.688315e+2	-2.475648e+0
1.688920e+2	-2.473675e+0
1.688848e+2	-2.471646e+0
1.689422e+2	-2.469807e+0
1.689390e+2	-2.467664e+0
1.689886e+2	-2.465524e+0
1.689811e+2	-2.463726e+0
1.690398e+2	-2.461869e+0
1.690329e+2	-2.459765e+0
1.690886e+2	-2.457912e+0
1.690861e+2	-2.455952e+0
1.691383e+2	-2.454026e+0
1.691303e+2	-2.452112e+0
1.691916e+2	-2.450194e+0
1.691873e+2	-2.448318e+0
1.692380e+2	-2.446527e+0
1.692293e+2	-2.444809e+0
1.692887e+2	-2.442898e+0
1.692815e+2	-2.440876e+0
1.693388e+2	-2.439031e+0
1.693356e+2	-2.437204e+0
1.693872e+2	-2.435537e+0
1.693800e+2	-2.433780e+0
1.694386e+2	-2.431828e+0
1.694330e+2	-2.430105e+0
1.694864e+2	-2.428118e+0
1.694834e+2	-2.426571e+0
1.695328e+2	-2.424898e+0
1.695299e+2	-2.423139e+0
1.695926e+2	-2.421232e+0
1.695847e+2	-2.419541e+0
1.696322e+2	-2.417821e+0
1.696278e+2	-2.416056e+0
1.696831e+2	-2.414329e+0
1.696789e+2	-2.412712e+0
1.697362e+2	-2.411020e+0
1.697335e+2	-2.409353e+0
1.697810e+2	-2.407737e+0
1.697785e+2	-2.405985e+0
1.698322e+2	-2.404272e+0
1.698312e+2	-2.402742e+0
1.698790e+2	-2.400852e+0
1.698788e+2	-2.399332e+0
1.699244e+2	-2.397684e+0
1.699265e+2	-2.395967e+0
1.699832e+2	-2.394424e+0
1.699798e+2	-2.392602e+0
1.700262e+2	-2.391043e+0
1.700221e+2	-2.389562e+0
1.700178e+2	-2.388031e+0
1.700157e+2	-2.386366e+0
1.700659e+2	-2.384736e+0
1.700696e+2	-2.383134e+0
1.701118e+2	-2.381706e+0
1.701140e+2	-2.380112e+0
1.701680e+2	-2.378327e+0
1.701686e+2	-2.377146e+0
1.702088e+2	-2.375553e+0
1.702132e+2	-2.373990e+0
1.702609e+2	-2.372522e+0
1.702607e+2	-2.370977e+0
1.703127e+2	-2.369347e+0
1.703142e+2	-2.367765e+0
1.703551e+2	-2.366169e+0
1.703580e+2	-2.364671e+0
1.704098e+2	-2.363567e+0
1.704072e+2	-2.361924e+0
1.704519e+2	-2.360280e+0
1.704606e+2	-2.358946e+0
1.705022e+2	-2.357447e+0
1.705061e+2	-2.356071e+0
1.705582e+2	-2.354589e+0
1.705594e+2	-2.353250e+0
1.705989e+2	-2.351907e+0
1.706030e+2	-2.350464e+0
1.706484e+2	-2.349006e+0
1.706572e+2	-2.347535e+0
1.706966e+2	-2.346253e+0
1.707045e+2	-2.344625e+0
1.707448e+2	-2.343306e+0
1.707564e+2	-2.341800e+0
1.707944e+2	-2.340410e+0
1.708023e+2	-2.338898e+0
1.708402e+2	-2.337755e+0
1.708495e+2	-2.336197e+0
1.708879e+2	-2.334863e+0
1.709011e+2	-2.333679e+0
1.709413e+2	-2.332093e+0
1.709526e+2	-2.330893e+0
1.709811e+2	-2.329533e+0
1.709966e+2	-2.328226e+0
1.710354e+2	-2.326810e+0
1.710533e+2	-2.325773e+0
1.710779e+2	-2.324459e+0
1.710917e+2	-2.322875e+0
1.711255e+2	-2.321655e+0
1.711468e+2	-2.320349e+0
1.711814e+2	-2.319075e+0
1.711934e+2	-2.317717e+0
1.712189e+2	-2.316300e+0
1.712380e+2	-2.315119e+0
1.712732e+2	-2.313813e+0
1.712963e+2	-2.312624e+0
1.713195e+2	-2.311324e+0
1.713347e+2	-2.310127e+0
1.713644e+2	-2.308972e+0
1.713907e+2	-2.307656e+0
1.714208e+2	-2.306375e+0
1.714269e+2	-2.305318e+0
1.714580e+2	-2.303990e+0
1.714819e+2	-2.302668e+0
1.715111e+2	-2.301462e+0
1.715306e+2	-2.300186e+0
1.715612e+2	-2.298989e+0
1.715794e+2	-2.297644e+0
1.716027e+2	-2.296512e+0
1.716350e+2	-2.295508e+0
1.716577e+2	-2.294201e+0
1.716768e+2	-2.292908e+0
1.716963e+2	-2.291595e+0
1.717242e+2	-2.290557e+0
1.717475e+2	-2.289405e+0
1.717728e+2	-2.288100e+0
1.718219e+2	-2.285675e+0
1.718386e+2	-2.284577e+0
1.718682e+2	-2.283654e+0
1.718932e+2	-2.282286e+0
1.719180e+2	-2.281143e+0
1.719367e+2	-2.280131e+0
1.719650e+2	-2.279134e+0
1.719832e+2	-2.277832e+0
1.720232e+2	-2.276591e+0
1.720337e+2	-2.275555e+0
1.720549e+2	-2.274468e+0
1.720748e+2	-2.273322e+0
1.721125e+2	-2.272345e+0
1.721229e+2	-2.270905e+0
1.721588e+2	-2.269925e+0
1.721757e+2	-2.268755e+0
1.722015e+2	-2.267877e+0
1.722167e+2	-2.266906e+0
1.722563e+2	-2.265733e+0
1.722704e+2	-2.264638e+0
1.723024e+2	-2.263538e+0
1.723108e+2	-2.262437e+0
1.723489e+2	-2.261131e+0
1.723589e+2	-2.260413e+0
1.723973e+2	-2.259318e+0
1.724108e+2	-2.258041e+0
1.724410e+2	-2.257175e+0
1.724497e+2	-2.256224e+0
1.724914e+2	-2.255114e+0
1.725009e+2	-2.254220e+0
1.725413e+2	-2.252743e+0
1.725495e+2	-2.251824e+0
1.725886e+2	-2.250749e+0
1.725909e+2	-2.249788e+0
1.726408e+2	-2.248862e+0
1.726445e+2	-2.247621e+0
1.726776e+2	-2.246756e+0
1.726879e+2	-2.245884e+0
1.727328e+2	-2.244830e+0
1.727331e+2	-2.243586e+0
1.727820e+2	-2.242556e+0
1.727866e+2	-2.241820e+0
1.728184e+2	-2.240901e+0
1.728255e+2	-2.239788e+0
1.728733e+2	-2.238569e+0
1.728728e+2	-2.237699e+0
1.729222e+2	-2.236935e+0
1.729234e+2	-2.235785e+0
1.729655e+2	-2.234743e+0
1.729662e+2	-2.233751e+0
1.730195e+2	-2.232860e+0
1.730156e+2	-2.232046e+0
1.730599e+2	-2.231205e+0
1.730564e+2	-2.230161e+0
1.731056e+2	-2.229188e+0
1.731023e+2	-2.228241e+0
1.731550e+2	-2.227439e+0
1.731555e+2	-2.226365e+0
1.731991e+2	-2.225364e+0
1.731935e+2	-2.224584e+0
1.732473e+2	-2.223666e+0
1.732425e+2	-2.222554e+0
1.732896e+2	-2.221398e+0
1.732924e+2	-2.220845e+0
1.733405e+2	-2.220030e+0
1.733321e+2	-2.219151e+0
1.733879e+2	-2.218161e+0
1.733843e+2	-2.217214e+0
1.734309e+2	-2.216225e+0
1.734273e+2	-2.215429e+0
1.734791e+2	-2.214778e+0
1.734711e+2	-2.213635e+0
1.735242e+2	-2.212910e+0
1.735217e+2	-2.211966e+0
1.735713e+2	-2.210740e+0
1.735636e+2	-2.210117e+0
1.736178e+2	-2.209164e+0
1.736085e+2	-2.208310e+0
1.736636e+2	-2.207410e+0
1.736603e+2	-2.206655e+0
1.737102e+2	-2.205650e+0
1.737024e+2	-2.204640e+0
1.737587e+2	-2.203997e+0
1.737519e+2	-2.202911e+0
1.738018e+2	-2.202401e+0
1.737972e+2	-2.201350e+0
1.738466e+2	-2.200679e+0
1.738390e+2	-2.199693e+0
1.738980e+2	-2.199012e+0
1.738919e+2	-2.198180e+0
1.739386e+2	-2.197277e+0
1.739319e+2	-2.196581e+0
1.739853e+2	-2.195670e+0
1.739768e+2	-2.194744e+0
1.740288e+2	-2.194022e+0
1.740290e+2	-2.193055e+0
1.740772e+2	-2.192406e+0
1.740689e+2	-2.191422e+0
1.741257e+2	-2.190854e+0
1.741208e+2	-2.190063e+0
1.741672e+2	-2.188991e+0
1.741592e+2	-2.188438e+0
1.742136e+2	-2.187616e+0
1.742062e+2	-2.186705e+0
1.742597e+2	-2.185749e+0
1.742573e+2	-2.184998e+0
1.743039e+2	-2.184237e+0
1.742975e+2	-2.183448e+0
1.743498e+2	-2.182477e+0
1.743440e+2	-2.181876e+0
1.743951e+2	-2.181024e+0
1.743922e+2	-2.180330e+0
1.744375e+2	-2.179643e+0
1.744329e+2	-2.179013e+0
1.744914e+2	-2.178255e+0
1.744847e+2	-2.177479e+0
1.745276e+2	-2.176735e+0
1.745237e+2	-2.175943e+0
1.745733e+2	-2.175091e+0
1.745687e+2	-2.174409e+0
1.746238e+2	-2.173667e+0
1.746202e+2	-2.172842e+0
1.746625e+2	-2.172162e+0
1.746604e+2	-2.171411e+0
1.747094e+2	-2.170444e+0
1.747077e+2	-2.169874e+0
1.747542e+2	-2.169175e+0
1.747554e+2	-2.168584e+0
1.748008e+2	-2.167780e+0
1.747979e+2	-2.167163e+0
1.748516e+2	-2.166227e+0
1.748483e+2	-2.165498e+0
1.748877e+2	-2.164883e+0
1.748885e+2	-2.164163e+0
1.749367e+2	-2.163320e+0
1.749343e+2	-2.162713e+0
1.749787e+2	-2.162044e+0
1.749819e+2	-2.161246e+0
1.750256e+2	-2.160616e+0
1.750253e+2	-2.159896e+0
1.750729e+2	-2.159101e+0
1.750727e+2	-2.158480e+0
1.751115e+2	-2.157762e+0
1.751140e+2	-2.156958e+0
1.751592e+2	-2.156184e+0
1.751572e+2	-2.155479e+0
1.752068e+2	-2.155050e+0
1.752074e+2	-2.154127e+0
1.752438e+2	-2.153468e+0
1.752480e+2	-2.152941e+0
1.752933e+2	-2.152121e+0
1.752916e+2	-2.151402e+0
1.753298e+2	-2.150664e+0
1.753393e+2	-2.150173e+0
1.753779e+2	-2.149630e+0
1.753819e+2	-2.148651e+0
1.754284e+2	-2.148084e+0
1.754296e+2	-2.147240e+0
1.754623e+2	-2.146846e+0
1.754704e+2	-2.146318e+0
1.755103e+2	-2.145423e+0
1.755215e+2	-2.145045e+0
1.755571e+2	-2.144016e+0
1.755625e+2	-2.143227e+0
1.755944e+2	-2.142801e+0
1.756100e+2	-2.142163e+0
1.756444e+2	-2.141667e+0
1.756519e+2	-2.140887e+0
1.756845e+2	-2.140139e+0
1.756944e+2	-2.139483e+0
1.757296e+2	-2.139144e+0
1.757466e+2	-2.138551e+0
1.757811e+2	-2.137644e+0
1.757914e+2	-2.137102e+0
1.758161e+2	-2.136469e+0
1.758326e+2	-2.135734e+0
1.758668e+2	-2.135152e+0
1.758868e+2	-2.134554e+0
1.759092e+2	-2.133929e+0
1.759238e+2	-2.133233e+0
1.759502e+2	-2.132617e+0
1.759678e+2	-2.132080e+0
1.760022e+2	-2.131653e+0
1.760120e+2	-2.130754e+0
1.760370e+2	-2.130255e+0
1.760569e+2	-2.129605e+0
1.760827e+2	-2.128917e+0
1.761080e+2	-2.128325e+0
1.761332e+2	-2.127567e+0
1.761455e+2	-2.126867e+0
1.761709e+2	-2.126559e+0
1.761963e+2	-2.125872e+0
1.762380e+2	-2.124716e+0
1.762637e+2	-2.124116e+0
1.762781e+2	-2.123497e+0
1.763017e+2	-2.122976e+0
1.763332e+2	-2.122332e+0
1.763544e+2	-2.121874e+0
1.763636e+2	-2.121162e+0
1.763887e+2	-2.120557e+0
1.764181e+2	-2.119978e+0
1.764366e+2	-2.119382e+0
1.764615e+2	-2.118910e+0
1.764835e+2	-2.118390e+0
1.765068e+2	-2.117869e+0
1.765218e+2	-2.117098e+0
1.765507e+2	-2.116598e+0
1.765713e+2	-2.116081e+0
1.765952e+2	-2.115574e+0
1.766128e+2	-2.114891e+0
1.766384e+2	-2.114427e+0
1.766546e+2	-2.113549e+0
1.766919e+2	-2.113210e+0
1.767012e+2	-2.112550e+0
1.767205e+2	-2.112079e+0
1.767377e+2	-2.111539e+0
1.767744e+2	-2.110993e+0
1.767827e+2	-2.110523e+0
1.768171e+2	-2.109945e+0
1.768309e+2	-2.109238e+0
1.768657e+2	-2.108697e+0
1.768681e+2	-2.108291e+0
1.769055e+2	-2.107798e+0
1.769167e+2	-2.107346e+0
1.769467e+2	-2.106664e+0
1.769544e+2	-2.106170e+0
1.769895e+2	-2.105629e+0
1.769980e+2	-2.105044e+0
1.770346e+2	-2.104487e+0
1.770433e+2	-2.103939e+0
1.770749e+2	-2.103475e+0
1.770801e+2	-2.103023e+0
1.771202e+2	-2.102457e+0
1.771281e+2	-2.101901e+0
1.771676e+2	-2.101394e+0
1.771731e+2	-2.100884e+0
1.772104e+2	-2.100315e+0
1.772098e+2	-2.099783e+0
1.772579e+2	-2.099163e+0
1.772601e+2	-2.098820e+0
1.772898e+2	-2.098088e+0
1.772991e+2	-2.097750e+0
1.773420e+2	-2.097258e+0
1.773395e+2	-2.096870e+0
1.773853e+2	-2.096314e+0
1.773878e+2	-2.095767e+0
1.774298e+2	-2.095355e+0
1.774235e+2	-2.094811e+0
1.774693e+2	-2.094341e+0
1.774686e+2	-2.093897e+0
1.775155e+2	-2.093274e+0
1.775145e+2	-2.092707e+0
1.775558e+2	-2.092287e+0
1.775532e+2	-2.091527e+0
1.776050e+2	-2.091186e+0
1.775996e+2	-2.090646e+0
1.776418e+2	-2.090137e+0
1.776370e+2	-2.089468e+0
1.776861e+2	-2.089309e+0
1.776798e+2	-2.088698e+0
1.777259e+2	-2.088196e+0
1.777269e+2	-2.087794e+0
1.777718e+2	-2.087323e+0
1.777644e+2	-2.086812e+0
1.778138e+2	-2.086252e+0
1.778097e+2	-2.085757e+0
1.778572e+2	-2.085392e+0
1.778524e+2	-2.085082e+0
1.778993e+2	-2.084383e+0
1.778929e+2	-2.084045e+0
1.779448e+2	-2.083411e+0
1.779399e+2	-2.083085e+0
1.779850e+2	-2.082593e+0
1.779750e+2	-2.082218e+0
1.780283e+2	-2.081670e+0
1.780205e+2	-2.081097e+0
1.780709e+2	-2.080651e+0
1.780679e+2	-2.080163e+0
1.781127e+2	-2.079768e+0
1.781041e+2	-2.079220e+0
1.781589e+2	-2.078693e+0
1.781505e+2	-2.078389e+0
1.781987e+2	-2.077870e+0
1.781938e+2	-2.077383e+0
1.782391e+2	-2.076804e+0
1.782309e+2	-2.076377e+0
1.782878e+2	-2.075977e+0
1.782773e+2	-2.075755e+0
1.783247e+2	-2.075018e+0
1.783156e+2	-2.074644e+0
1.783680e+2	-2.074200e+0
1.783580e+2	-2.073773e+0
1.784081e+2	-2.073344e+0
1.784039e+2	-2.072819e+0
1.784515e+2	-2.072577e+0
1.784416e+2	-2.072264e+0
1.784933e+2	-2.071583e+0
1.784870e+2	-2.071149e+0
1.785351e+2	-2.070808e+0
1.785327e+2	-2.070344e+0
1.785753e+2	-2.069841e+0
1.785697e+2	-2.069406e+0
1.786250e+2	-2.068870e+0
1.786162e+2	-2.068604e+0
1.786597e+2	-2.067941e+0
1.786543e+2	-2.067517e+0
1.787042e+2	-2.067444e+0
1.786960e+2	-2.066863e+0
1.787438e+2	-2.066362e+0
1.787431e+2	-2.066056e+0
1.787841e+2	-2.065483e+0
1.787797e+2	-2.065164e+0
1.788348e+2	-2.064830e+0
1.788272e+2	-2.064346e+0
1.788681e+2	-2.063895e+0
1.788627e+2	-2.063606e+0
1.789116e+2	-2.062854e+0
1.789055e+2	-2.062671e+0
1.789566e+2	-2.062231e+0
1.789532e+2	-2.061533e+0
1.789938e+2	-2.061214e+0
1.789893e+2	-2.060996e+0
1.790367e+2	-2.060588e+0
1.790340e+2	-2.059869e+0
1.790769e+2	-2.059669e+0
1.790755e+2	-2.059345e+0
1.791158e+2	-2.058948e+0
1.791168e+2	-2.058408e+0
1.791668e+2	-2.057955e+0
1.791621e+2	-2.057767e+0
1.792000e+2	-2.057260e+0
1.791987e+2	-2.056768e+0
1.792480e+2	-2.056578e+0
1.792411e+2	-2.055860e+0
1.792838e+2	-2.055799e+0
1.792860e+2	-2.055037e+0
1.793278e+2	-2.054884e+0
1.793254e+2	-2.054586e+0
1.793729e+2	-2.054168e+0
1.793725e+2	-2.053757e+0
1.794107e+2	-2.053323e+0
1.794102e+2	-2.052894e+0
1.794520e+2	-2.052631e+0
1.794530e+2	-2.052342e+0
1.794986e+2	-2.051716e+0
1.794967e+2	-2.051399e+0
1.795323e+2	-2.051026e+0
1.795361e+2	-2.050720e+0
1.795806e+2	-2.050282e+0
1.795758e+2	-2.049794e+0
1.796145e+2	-2.049767e+0
1.796212e+2	-2.049357e+0
1.796586e+2	-2.048876e+0
1.796600e+2	-2.048586e+0
1.797058e+2	-2.047908e+0
1.797037e+2	-2.047730e+0
1.797377e+2	-2.047304e+0
1.797436e+2	-2.046879e+0
1.797863e+2	-2.046485e+0
1.797904e+2	-2.046193e+0
1.798241e+2	-2.045764e+0
1.798294e+2	-2.045343e+0
1.798633e+2	-2.045001e+0
1.798729e+2	-2.044781e+0
1.799056e+2	-2.044263e+0
1.799123e+2	-2.043792e+0
1.799442e+2	-2.043592e+0
1.799511e+2	-2.043179e+0
1.799852e+2	-2.042809e+0
1.799989e+2	-2.042436e+0
1.800317e+2	-2.042276e+0
1.800334e+2	-2.041895e+0
1.800638e+2	-2.041287e+0
1.800782e+2	-2.040920e+0
1.801114e+2	-2.040739e+0
1.801182e+2	-2.040307e+0
1.801498e+2	-2.040013e+0
1.801616e+2	-2.039609e+0
1.801883e+2	-2.039083e+0
1.802030e+2	-2.038749e+0
1.802358e+2	-2.038368e+0
1.802414e+2	-2.038183e+0
1.802692e+2	-2.037774e+0
1.802833e+2	-2.037521e+0
1.803110e+2	-2.037330e+0
1.803323e+2	-2.036950e+0
1.803579e+2	-2.036672e+0
1.803668e+2	-2.035977e+0
1.803916e+2	-2.035664e+0
1.804150e+2	-2.035443e+0
1.804377e+2	-2.035022e+0
1.804524e+2	-2.034841e+0
1.804761e+2	-2.034390e+0
1.804978e+2	-2.034051e+0
1.805135e+2	-2.033465e+0
1.805359e+2	-2.033316e+0
1.805599e+2	-2.033038e+0
1.805742e+2	-2.032767e+0
1.805914e+2	-2.032384e+0
1.806143e+2	-2.032047e+0
1.806349e+2	-2.031754e+0
1.806570e+2	-2.031388e+0
1.806787e+2	-2.030931e+0
1.806993e+2	-2.030662e+0
1.807138e+2	-2.030504e+0
1.807393e+2	-2.030102e+0
1.807613e+2	-2.029778e+0
1.807808e+2	-2.029216e+0
1.807982e+2	-2.029064e+0
1.808227e+2	-2.028578e+0
1.808375e+2	-2.028386e+0
1.808712e+2	-2.027875e+0
1.808824e+2	-2.027639e+0
1.808997e+2	-2.027363e+0
1.809162e+2	-2.027001e+0
1.809498e+2	-2.026525e+0
1.809580e+2	-2.026415e+0
1.809892e+2	-2.026089e+0
1.810038e+2	-2.025795e+0
1.810347e+2	-2.025543e+0
1.810375e+2	-2.025007e+0
1.810712e+2	-2.024887e+0
1.810834e+2	-2.024600e+0
1.811103e+2	-2.024224e+0
1.811171e+2	-2.023977e+0
1.811499e+2	-2.023495e+0
1.811594e+2	-2.023294e+0
1.811925e+2	-2.022955e+0
1.812025e+2	-2.022507e+0
1.812303e+2	-2.022448e+0
1.812363e+2	-2.022079e+0
1.812715e+2	-2.021856e+0
1.812767e+2	-2.021498e+0
1.813121e+2	-2.021134e+0
1.813223e+2	-2.020759e+0
1.813544e+2	-2.020480e+0
1.813605e+2	-2.020073e+0
1.814006e+2	-2.020037e+0
1.814020e+2	-2.019521e+0
1.814280e+2	-2.019300e+0
1.814371e+2	-2.019048e+0
1.814744e+2	-2.018520e+0
1.814757e+2	-2.018291e+0
1.815208e+2	-2.018116e+0
1.815216e+2	-2.017531e+0
1.815514e+2	-2.017193e+0
1.815535e+2	-2.017161e+0
1.815988e+2	-2.016798e+0
1.815962e+2	-2.016496e+0
1.816408e+2	-2.016253e+0
1.816400e+2	-2.015784e+0
1.816781e+2	-2.015498e+0
1.816755e+2	-2.015102e+0
1.817253e+2	-2.014931e+0
1.817204e+2	-2.014792e+0
1.817577e+2	-2.014561e+0
1.817534e+2	-2.014062e+0
1.818003e+2	-2.013648e+0
1.817953e+2	-2.013371e+0
1.818364e+2	-2.013224e+0
1.818373e+2	-2.013157e+0
1.818807e+2	-2.012881e+0
1.818741e+2	-2.012602e+0
1.819207e+2	-2.012183e+0
1.819184e+2	-2.011813e+0
1.819617e+2	-2.011716e+0
1.819567e+2	-2.011153e+0
1.819998e+2	-2.010752e+0
1.819926e+2	-2.010611e+0
1.820422e+2	-2.010261e+0
1.820382e+2	-2.010075e+0
1.820807e+2	-2.009699e+0
1.820701e+2	-2.009715e+0
1.821210e+2	-2.009197e+0
1.821112e+2	-2.008949e+0
1.821577e+2	-2.008906e+0
1.821548e+2	-2.008494e+0
1.821989e+2	-2.008344e+0
1.821892e+2	-2.007779e+0
1.822415e+2	-2.007431e+0
1.822328e+2	-2.007256e+0
1.822769e+2	-2.007052e+0
1.822718e+2	-2.006776e+0
1.823160e+2	-2.006645e+0
1.823061e+2	-2.006220e+0
1.823552e+2	-2.005881e+0
1.823490e+2	-2.005599e+0
1.823940e+2	-2.005328e+0
1.823845e+2	-2.004792e+0
1.824341e+2	-2.005025e+0
1.824229e+2	-2.004472e+0
1.824710e+2	-2.004315e+0
1.824672e+2	-2.003971e+0
1.825119e+2	-2.003754e+0
1.825022e+2	-2.003504e+0
1.825539e+2	-2.003247e+0
1.825447e+2	-2.002948e+0
1.825894e+2	-2.002611e+0
1.825821e+2	-2.002434e+0
1.826283e+2	-2.002173e+0
1.826199e+2	-2.001888e+0
1.826733e+2	-2.001832e+0
1.826638e+2	-2.001263e+0
1.827071e+2	-2.001064e+0
1.826991e+2	-2.000917e+0
1.827452e+2	-2.000609e+0
1.827379e+2	-2.000318e+0
1.827855e+2	-1.999892e+0
1.827813e+2	-1.999867e+0
1.828222e+2	-1.999623e+0
1.828162e+2	-1.999204e+0
1.828657e+2	-1.999117e+0
1.828588e+2	-1.998859e+0
1.829008e+2	-1.998406e+0
1.828942e+2	-1.998281e+0
1.829412e+2	-1.997971e+0
1.829323e+2	-1.997860e+0
1.829815e+2	-1.997401e+0
1.829756e+2	-1.997267e+0
1.830155e+2	-1.996918e+0
1.830100e+2	-1.996790e+0
1.830591e+2	-1.996628e+0
1.830507e+2	-1.996330e+0
1.830915e+2	-1.996076e+0
1.830910e+2	-1.995863e+0
1.831327e+2	-1.995398e+0
1.831275e+2	-1.995231e+0
1.831775e+2	-1.995099e+0
1.831710e+2	-1.994680e+0
1.832101e+2	-1.994493e+0
1.832053e+2	-1.994140e+0
1.832494e+2	-1.993956e+0
1.832443e+2	-1.993715e+0
1.832874e+2	-1.993300e+0
1.832877e+2	-1.993253e+0
1.833228e+2	-1.993080e+0
1.833221e+2	-1.992811e+0
1.833688e+2	-1.992478e+0
1.833632e+2	-1.992347e+0
1.833990e+2	-1.992007e+0
1.834006e+2	-1.991712e+0
1.834398e+2	-1.991515e+0
1.834375e+2	-1.991274e+0
1.834849e+2	-1.991043e+0
1.834807e+2	-1.990474e+0
1.835139e+2	-1.990599e+0
1.835120e+2	-1.990364e+0
1.835572e+2	-1.990216e+0
1.835561e+2	-1.990051e+0
1.835902e+2	-1.989747e+0
1.835944e+2	-1.989514e+0
1.836296e+2	-1.989076e+0
1.836332e+2	-1.988938e+0
1.836718e+2	-1.988802e+0
1.836718e+2	-1.988480e+0
1.837062e+2	-1.988269e+0
1.837100e+2	-1.987903e+0
1.837457e+2	-1.987851e+0
1.837481e+2	-1.987810e+0
1.837897e+2	-1.987357e+0
1.837894e+2	-1.986946e+0
1.838177e+2	-1.986730e+0
1.838257e+2	-1.986739e+0
1.838626e+2	-1.986366e+0
1.838619e+2	-1.985987e+0
1.838979e+2	-1.986012e+0
1.839023e+2	-1.985667e+0
1.839311e+2	-1.985586e+0
1.839414e+2	-1.985138e+0
1.839744e+2	-1.985014e+0
1.839794e+2	-1.984636e+0
1.840073e+2	-1.984433e+0
1.840156e+2	-1.984247e+0
1.840504e+2	-1.984113e+0
1.840634e+2	-1.983733e+0
1.840909e+2	-1.983618e+0
1.840949e+2	-1.983264e+0
1.841200e+2	-1.983067e+0
1.841400e+2	-1.982775e+0
1.841681e+2	-1.982631e+0
1.841738e+2	-1.982625e+0
1.841995e+2	-1.982213e+0
1.842088e+2	-1.982062e+0
1.842380e+2	-1.981755e+0
1.842536e+2	-1.981747e+0
1.842816e+2	-1.981398e+0
1.842911e+2	-1.981088e+0
1.843101e+2	-1.980803e+0
1.843279e+2	-1.980801e+0
1.843542e+2	-1.980692e+0
1.843659e+2	-1.980182e+0
1.843942e+2	-1.979904e+0
1.844094e+2	-1.979681e+0
1.844230e+2	-1.979396e+0
1.844447e+2	-1.979618e+0
1.844705e+2	-1.979192e+0
1.844812e+2	-1.978941e+0
1.844990e+2	-1.978899e+0
1.845172e+2	-1.978633e+0
1.845376e+2	-1.978454e+0
1.845643e+2	-1.978107e+0
1.845828e+2	-1.978072e+0
1.845925e+2	-1.977740e+0
1.846129e+2	-1.977491e+0
1.846395e+2	-1.977136e+0
1.846557e+2	-1.977033e+0
1.846749e+2	-1.976856e+0
1.846944e+2	-1.976563e+0
1.847181e+2	-1.976337e+0
1.847263e+2	-1.976232e+0
1.847555e+2	-1.975958e+0
1.847722e+2	-1.975725e+0
1.847901e+2	-1.975555e+0
1.847998e+2	-1.975392e+0
1.848285e+2	-1.975223e+0
1.848419e+2	-1.975073e+0
1.848681e+2	-1.974692e+0
1.848835e+2	-1.974597e+0
1.849047e+2	-1.974248e+0
1.849150e+2	-1.974070e+0
1.849428e+2	-1.974060e+0
1.849567e+2	-1.973822e+0
1.849810e+2	-1.973598e+0
1.849941e+2	-1.973297e+0
1.850185e+2	-1.973186e+0
1.850269e+2	-1.973035e+0
1.850646e+2	-1.972708e+0
1.850708e+2	-1.972646e+0
1.850884e+2	-1.972457e+0
1.851007e+2	-1.972041e+0
1.851375e+2	-1.971994e+0
1.851398e+2	-1.971805e+0
1.851739e+2	-1.971334e+0
1.851802e+2	-1.971263e+0
1.852107e+2	-1.971200e+0
1.852151e+2	-1.970860e+0
1.852542e+2	-1.970526e+0
1.852562e+2	-1.970523e+0
1.852813e+2	-1.970198e+0
1.852886e+2	-1.970325e+0
1.853263e+2	-1.970044e+0
1.853257e+2	-1.969808e+0
1.853652e+2	-1.969540e+0
1.853674e+2	-1.969268e+0
1.854010e+2	-1.969060e+0
1.854009e+2	-1.968933e+0
1.854423e+2	-1.968689e+0
1.854414e+2	-1.968502e+0
1.854729e+2	-1.968392e+0
1.854755e+2	-1.968038e+0
1.855158e+2	-1.968037e+0
1.855127e+2	-1.967873e+0
1.855548e+2	-1.967713e+0
1.855528e+2	-1.967504e+0
1.855891e+2	-1.967207e+0
1.855835e+2	-1.967070e+0
1.856290e+2	-1.966640e+0
1.856248e+2	-1.966828e+0
1.856607e+2	-1.966495e+0
1.856643e+2	-1.966259e+0
1.857031e+2	-1.965968e+0
1.856965e+2	-1.965922e+0
1.857425e+2	-1.965523e+0
1.857378e+2	-1.965529e+0
1.857770e+2	-1.965619e+0
1.857710e+2	-1.965173e+0
1.858133e+2	-1.964955e+0
1.858088e+2	-1.964692e+0
1.858520e+2	-1.964605e+0
1.858479e+2	-1.964396e+0
1.858876e+2	-1.964308e+0
1.858810e+2	-1.963979e+0
1.859270e+2	-1.963763e+0
1.859204e+2	-1.963742e+0
1.859605e+2	-1.963632e+0
1.859538e+2	-1.963297e+0
1.859980e+2	-1.963218e+0
1.859888e+2	-1.963026e+0
1.860337e+2	-1.962890e+0
1.860292e+2	-1.962638e+0
1.860725e+2	-1.962385e+0
1.860621e+2	-1.962153e+0
1.861090e+2	-1.962310e+0
1.860975e+2	-1.961942e+0
1.861453e+2	-1.961666e+0
1.861399e+2	-1.961506e+0
1.861824e+2	-1.961407e+0
1.861706e+2	-1.961242e+0
1.862221e+2	-1.960952e+0
1.862136e+2	-1.960868e+0
1.862558e+2	-1.960664e+0
1.862447e+2	-1.960633e+0
1.862913e+2	-1.960320e+0
1.862814e+2	-1.960156e+0
1.863315e+2	-1.959831e+0
1.863236e+2	-1.959833e+0
1.863644e+2	-1.959701e+0
1.863535e+2	-1.959474e+0
1.864028e+2	-1.959257e+0
1.863941e+2	-1.959038e+0
1.864369e+2	-1.958941e+0
1.864294e+2	-1.958791e+0
1.864730e+2	-1.958492e+0
1.864637e+2	-1.958252e+0
1.865159e+2	-1.958151e+0
1.865047e+2	-1.958123e+0
1.865447e+2	-1.957896e+0
1.865360e+2	-1.957711e+0
1.865825e+2	-1.957446e+0
1.865722e+2	-1.957401e+0
1.866181e+2	-1.957131e+0
1.866132e+2	-1.957108e+0
1.866542e+2	-1.956890e+0
1.866450e+2	-1.956675e+0
1.866928e+2	-1.956544e+0
1.866863e+2	-1.956434e+0
1.867262e+2	-1.956177e+0
1.867193e+2	-1.956054e+0
1.867635e+2	-1.955731e+0
1.867549e+2	-1.955701e+0
1.868023e+2	-1.955494e+0
1.867963e+2	-1.955238e+0
1.868355e+2	-1.955257e+0
1.868276e+2	-1.955237e+0
1.868721e+2	-1.955014e+0
1.868654e+2	-1.954570e+0
1.869059e+2	-1.954517e+0
1.869046e+2	-1.954400e+0
1.869418e+2	-1.954251e+0
1.869374e+2	-1.953954e+0
1.869863e+2	-1.953907e+0
1.869782e+2	-1.953973e+0
1.870132e+2	-1.953215e+0
1.870109e+2	-1.953349e+0
1.870517e+2	-1.953215e+0
1.870455e+2	-1.953108e+0
1.870927e+2	-1.952827e+0
1.870865e+2	-1.952830e+0
1.871194e+2	-1.952334e+0
1.871182e+2	-1.952319e+0
1.871623e+2	-1.952267e+0
1.871549e+2	-1.952215e+0
1.871916e+2	-1.952106e+0
1.871924e+2	-1.951985e+0
1.872301e+2	-1.951613e+0
1.872270e+2	-1.951716e+0
1.872692e+2	-1.951307e+0
1.872661e+2	-1.951119e+0
1.872995e+2	-1.951030e+0
1.872979e+2	-1.950580e+0
1.873352e+2	-1.950731e+0
1.873345e+2	-1.950549e+0
1.873760e+2	-1.950447e+0
1.873725e+2	-1.950250e+0
1.874028e+2	-1.949834e+0
1.874059e+2	-1.950034e+0
1.874443e+2	-1.949831e+0
1.874401e+2	-1.949687e+0
1.874737e+2	-1.949444e+0
1.874791e+2	-1.949410e+0
1.875114e+2	-1.949252e+0
1.875120e+2	-1.948975e+0
1.875532e+2	-1.948760e+0
1.875507e+2	-1.948525e+0
1.875794e+2	-1.948393e+0
1.875845e+2	-1.948309e+0
1.876217e+2	-1.948090e+0
1.876256e+2	-1.948020e+0
1.876555e+2	-1.947570e+0
1.876574e+2	-1.947799e+0
1.876845e+2	-1.947693e+0
1.876979e+2	-1.947278e+0
1.877262e+2	-1.947293e+0
1.877311e+2	-1.946964e+0
1.877579e+2	-1.946996e+0
1.877637e+2	-1.946949e+0
1.877960e+2	-1.946546e+0
1.878035e+2	-1.946468e+0
1.878353e+2	-1.946186e+0
1.878421e+2	-1.946130e+0
1.878631e+2	-1.945966e+0
1.878744e+2	-1.945953e+0
1.879036e+2	-1.945764e+0
1.879096e+2	-1.945664e+0
1.879375e+2	-1.945505e+0
1.879476e+2	-1.945127e+0
1.879696e+2	-1.944930e+0
1.879832e+2	-1.944996e+0
1.880109e+2	-1.944885e+0
1.880148e+2	-1.944854e+0
1.880386e+2	-1.944431e+0
1.880514e+2	-1.944443e+0
1.880750e+2	-1.944187e+0
1.880952e+2	-1.944300e+0
1.881155e+2	-1.943972e+0
1.881243e+2	-1.943765e+0
1.881446e+2	-1.943751e+0
1.881662e+2	-1.943665e+0
1.881856e+2	-1.943539e+0
1.881990e+2	-1.943234e+0
1.882196e+2	-1.943119e+0
1.882309e+2	-1.943083e+0
1.882500e+2	-1.942946e+0
1.882751e+2	-1.942787e+0
1.882930e+2	-1.942441e+0
1.883063e+2	-1.942281e+0
1.883182e+2	-1.942261e+0
1.883409e+2	-1.942248e+0
1.883579e+2	-1.941870e+0
1.883785e+2	-1.941855e+0
1.883956e+2	-1.941652e+0
1.884144e+2	-1.941501e+0
1.884250e+2	-1.941337e+0
1.884482e+2	-1.941281e+0
1.884655e+2	-1.941116e+0
1.884824e+2	-1.940909e+0
1.884980e+2	-1.940905e+0
1.885184e+2	-1.940643e+0
1.885296e+2	-1.940430e+0
1.885604e+2	-1.940378e+0
1.885704e+2	-1.940232e+0
1.885848e+2	-1.940157e+0
1.885960e+2	-1.939996e+0
1.886285e+2	-1.939818e+0
1.886362e+2	-1.939718e+0
1.886642e+2	-1.939735e+0
1.886752e+2	-1.939479e+0
1.886950e+2	-1.939200e+0
1.887041e+2	-1.939279e+0
1.887367e+2	-1.938931e+0
1.887455e+2	-1.939036e+0
1.887708e+2	-1.938511e+0
1.887749e+2	-1.938640e+0
1.888041e+2	-1.938684e+0
1.888101e+2	-1.938570e+0
1.888417e+2	-1.938440e+0
1.888503e+2	-1.938143e+0
1.888677e+2	-1.937903e+0
1.888740e+2	-1.937843e+0
1.889117e+2	-1.937718e+0
1.889133e+2	-1.937541e+0
1.889475e+2	-1.937258e+0
1.889501e+2	-1.937226e+0
1.889815e+2	-1.937295e+0
1.889796e+2	-1.937034e+0
1.890211e+2	-1.936918e+0
1.890197e+2	-1.936844e+0
1.890452e+2	-1.936594e+0
1.890489e+2	-1.936453e+0
1.890877e+2	-1.936303e+0
1.890841e+2	-1.936239e+0
1.891243e+2	-1.936146e+0
1.891235e+2	-1.936017e+0
1.891565e+2	-1.935967e+0
1.891535e+2	-1.935804e+0
1.891949e+2	-1.935481e+0
1.891903e+2	-1.935463e+0
1.892216e+2	-1.935236e+0
1.892226e+2	-1.935221e+0
1.892625e+2	-1.935237e+0
1.892561e+2	-1.934934e+0
1.892976e+2	-1.934930e+0
1.892939e+2	-1.934615e+0
1.893311e+2	-1.934522e+0
1.893251e+2	-1.934470e+0
1.893666e+2	-1.934130e+0
1.893580e+2	-1.934117e+0
1.893973e+2	-1.933949e+0
1.893959e+2	-1.933747e+0
1.894341e+2	-1.933960e+0
1.894239e+2	-1.933620e+0
1.894701e+2	-1.933318e+0
1.894644e+2	-1.933365e+0
1.894990e+2	-1.933338e+0
1.894930e+2	-1.933116e+0
1.895346e+2	-1.933211e+0
1.895265e+2	-1.932785e+0
1.895735e+2	-1.932678e+0
1.895661e+2	-1.932615e+0
1.896049e+2	-1.932510e+0
1.895949e+2	-1.932227e+0
1.896387e+2	-1.932229e+0
1.896283e+2	-1.931942e+0
1.896728e+2	-1.931958e+0
1.896663e+2	-1.931915e+0
1.897074e+2	-1.931728e+0
1.896967e+2	-1.931624e+0
1.897439e+2	-1.931446e+0
1.897353e+2	-1.931424e+0
1.897750e+2	-1.931353e+0
1.897630e+2	-1.931217e+0
1.898087e+2	-1.931067e+0
1.897983e+2	-1.931055e+0
1.898446e+2	-1.930748e+0
1.898378e+2	-1.930779e+0
1.898754e+2	-1.930594e+0
1.898647e+2	-1.930419e+0
1.899127e+2	-1.930398e+0
1.899015e+2	-1.930241e+0
1.899435e+2	-1.930084e+0
1.899394e+2	-1.930101e+0
1.899776e+2	-1.930071e+0
1.899677e+2	-1.929862e+0
1.900172e+2	-1.929638e+0
1.900077e+2	-1.929522e+0
1.900461e+2	-1.929495e+0
1.900350e+2	-1.929220e+0
1.900770e+2	-1.929186e+0
1.900706e+2	-1.929053e+0
1.901140e+2	-1.928949e+0
1.901068e+2	-1.928551e+0
1.901456e+2	-1.928755e+0
1.901369e+2	-1.928640e+0
1.901835e+2	-1.928550e+0
1.901751e+2	-1.928234e+0
1.902141e+2	-1.928312e+0
1.902047e+2	-1.928115e+0
1.902477e+2	-1.928096e+0
1.902377e+2	-1.927947e+0
1.902845e+2	-1.927741e+0
1.902767e+2	-1.927586e+0
1.903055e+2	-1.927347e+0
1.903503e+2	-1.927157e+0
1.903438e+2	-1.927277e+0
1.903802e+2	-1.927104e+0
1.903752e+2	-1.927028e+0
1.904155e+2	-1.927054e+0
1.904082e+2	-1.926706e+0
1.904546e+2	-1.926751e+0
1.904453e+2	-1.926580e+0
1.904807e+2	-1.926411e+0
1.904737e+2	-1.926137e+0
1.905172e+2	-1.925979e+0
1.905089e+2	-1.926070e+0
1.905485e+2	-1.925998e+0
1.905459e+2	-1.925702e+0
1.905800e+2	-1.925688e+0
1.905754e+2	-1.925815e+0
1.906212e+2	-1.925564e+0
1.906136e+2	-1.925489e+0
1.906444e+2	-1.925450e+0
1.906447e+2	-1.925012e+0
1.906807e+2	-1.925311e+0
1.906767e+2	-1.925054e+0
1.907215e+2	-1.924881e+0
1.907149e+2	-1.924716e+0
1.907475e+2	-1.924432e+0
1.907434e+2	-1.924614e+0
1.907817e+2	-1.924434e+0
1.907792e+2	-1.924435e+0
1.908128e+2	-1.924314e+0
1.908137e+2	-1.924181e+0
1.908476e+2	-1.923880e+0
1.908480e+2	-1.923905e+0
1.908857e+2	-1.923956e+0
1.908821e+2	-1.923732e+0
1.909135e+2	-1.923628e+0
1.909142e+2	-1.923527e+0
1.909485e+2	-1.923376e+0
1.909481e+2	-1.923158e+0
1.909857e+2	-1.923060e+0
1.909840e+2	-1.922996e+0
1.910110e+2	-1.922849e+0
1.910138e+2	-1.922569e+0
1.910502e+2	-1.922800e+0
1.910543e+2	-1.922503e+0
1.910765e+2	-1.922356e+0
1.910829e+2	-1.922361e+0
1.911122e+2	-1.922346e+0
1.911194e+2	-1.922070e+0
1.911503e+2	-1.922174e+0
1.911499e+2	-1.921989e+0
1.911783e+2	-1.921837e+0
1.911888e+2	-1.921818e+0
1.912129e+2	-1.921777e+0
1.912171e+2	-1.921418e+0
1.912468e+2	-1.921425e+0
1.912486e+2	-1.921261e+0
1.912765e+2	-1.921327e+0
1.912885e+2	-1.921218e+0
1.913143e+2	-1.921151e+0
1.913184e+2	-1.920879e+0
1.913419e+2	-1.920724e+0
1.913489e+2	-1.920656e+0
1.913758e+2	-1.920666e+0
1.913902e+2	-1.920502e+0
1.914164e+2	-1.920350e+0
1.914228e+2	-1.920375e+0
1.914402e+2	-1.920155e+0
1.914537e+2	-1.920048e+0
1.914793e+2	-1.920006e+0
1.914876e+2	-1.919984e+0
1.915109e+2	-1.919705e+0
1.915212e+2	-1.919654e+0
1.915397e+2	-1.919448e+0
1.915553e+2	-1.919503e+0
1.915802e+2	-1.919441e+0
1.915874e+2	-1.919383e+0
1.916038e+2	-1.919128e+0
1.916194e+2	-1.919263e+0
1.916384e+2	-1.919034e+0
1.916600e+2	-1.918556e+0
1.916775e+2	-1.918671e+0
1.916861e+2	-1.918664e+0
1.917040e+2	-1.918552e+0
1.917264e+2	-1.918438e+0
1.917418e+2	-1.918445e+0
1.917571e+2	-1.918029e+0
1.917757e+2	-1.918073e+0
1.917862e+2	-1.918021e+0
1.918020e+2	-1.917878e+0
1.918284e+2	-1.917837e+0
1.918431e+2	-1.917798e+0
1.918574e+2	-1.917944e+0
1.918662e+2	-1.917742e+0
1.918896e+2	-1.917644e+0
1.919041e+2	-1.917470e+0
1.919337e+2	-1.917470e+0
1.919395e+2	-1.917308e+0
1.919579e+2	-1.917283e+0
1.919670e+2	-1.917067e+0
1.919973e+2	-1.916916e+0
1.920057e+2	-1.916926e+0
1.920173e+2	-1.916727e+0
1.920317e+2	-1.916512e+0
1.920585e+2	-1.916608e+0
1.920657e+2	-1.916582e+0
1.920925e+2	-1.916483e+0
1.921029e+2	-1.916281e+0
1.921238e+2	-1.916255e+0
1.921291e+2	-1.916251e+0
1.921557e+2	-1.916042e+0
1.921620e+2	-1.915947e+0
1.921898e+2	-1.915801e+0
1.922007e+2	-1.915660e+0
1.922233e+2	-1.915394e+0
1.922269e+2	-1.915636e+0
1.922650e+2	-1.915171e+0
1.922674e+2	-1.915271e+0
1.922857e+2	-1.915047e+0
1.922899e+2	-1.915002e+0
1.923272e+2	-1.915138e+0
1.923266e+2	-1.914987e+0
1.923608e+2	-1.914705e+0
1.923620e+2	-1.914615e+0
1.923920e+2	-1.914812e+0
1.923915e+2	-1.914552e+0
1.924295e+2	-1.914426e+0
1.924268e+2	-1.914471e+0
1.924518e+2	-1.914171e+0
1.924572e+2	-1.914285e+0
1.924930e+2	-1.914166e+0
1.924871e+2	-1.914023e+0
1.925278e+2	-1.913846e+0
1.925258e+2	-1.913706e+0
1.925504e+2	-1.913701e+0
1.925496e+2	-1.913740e+0
1.925902e+2	-1.913589e+0
1.925851e+2	-1.913461e+0
1.926170e+2	-1.913423e+0
1.926191e+2	-1.913249e+0
1.926549e+2	-1.913271e+0
1.926491e+2	-1.913188e+0
1.926889e+2	-1.913001e+0
1.926840e+2	-1.912841e+0
1.927204e+2	-1.912926e+0
1.927125e+2	-1.912559e+0
1.927538e+2	-1.912661e+0
1.927449e+2	-1.912445e+0
1.927829e+2	-1.912480e+0
1.927811e+2	-1.912488e+0
1.928178e+2	-1.912306e+0
1.928098e+2	-1.912476e+0
1.928504e+2	-1.912289e+0
1.928432e+2	-1.912186e+0
1.928828e+2	-1.911891e+0
1.928756e+2	-1.911977e+0
1.929144e+2	-1.911829e+0
1.929031e+2	-1.911728e+0
1.929491e+2	-1.911832e+0
1.929412e+2	-1.911575e+0
1.929788e+2	-1.911584e+0
1.929653e+2	-1.911202e+0
1.930110e+2	-1.911235e+0
1.929997e+2	-1.911183e+0
1.930422e+2	-1.910975e+0
1.930373e+2	-1.911000e+0
1.930740e+2	-1.910895e+0
1.930634e+2	-1.910898e+0
1.931103e+2	-1.910749e+0
1.930987e+2	-1.910795e+0
1.931391e+2	-1.910506e+0
1.931303e+2	-1.910291e+0
1.931700e+2	-1.910352e+0
1.931589e+2	-1.910308e+0
1.932054e+2	-1.910113e+0
1.931974e+2	-1.910150e+0
1.932334e+2	-1.910154e+0
1.932225e+2	-1.909859e+0
1.932672e+2	-1.909943e+0
1.932556e+2	-1.909731e+0
1.932986e+2	-1.909530e+0
1.932908e+2	-1.909543e+0
1.933289e+2	-1.909507e+0
1.933183e+2	-1.909453e+0
1.933643e+2	-1.909402e+0
1.933551e+2	-1.909323e+0
1.933918e+2	-1.909210e+0
1.933812e+2	-1.909039e+0
1.934246e+2	-1.908984e+0
1.934139e+2	-1.908992e+0
1.934575e+2	-1.908767e+0
1.934500e+2	-1.908759e+0
1.934879e+2	-1.908831e+0
1.934775e+2	-1.908543e+0
1.935193e+2	-1.908464e+0
1.935094e+2	-1.908299e+0
1.935495e+2	-1.908196e+0
1.935450e+2	-1.908159e+0
1.935791e+2	-1.908146e+0
1.935721e+2	-1.907951e+0
1.936197e+2	-1.907882e+0
1.936082e+2	-1.907837e+0
1.936416e+2	-1.907906e+0
1.936346e+2	-1.907675e+0
1.936751e+2	-1.907762e+0
1.936670e+2	-1.907479e+0
1.937069e+2	-1.907408e+0
1.937023e+2	-1.907217e+0
1.937364e+2	-1.907212e+0
1.937288e+2	-1.907174e+0
1.937691e+2	-1.907006e+0
1.937627e+2	-1.906823e+0
1.937992e+2	-1.906889e+0
1.937945e+2	-1.906697e+0
1.938266e+2	-1.906804e+0
1.938240e+2	-1.906548e+0
1.938679e+2	-1.906654e+0
1.938600e+2	-1.906703e+0
1.938911e+2	-1.906389e+0
1.938869e+2	-1.906336e+0
1.939280e+2	-1.906350e+0
1.939194e+2	-1.906097e+0
1.939545e+2	-1.906118e+0
1.939536e+2	-1.905946e+0
1.939875e+2	-1.905867e+0
1.939820e+2	-1.905834e+0
1.940228e+2	-1.905750e+0
1.940183e+2	-1.905726e+0
1.940494e+2	-1.905662e+0
1.940468e+2	-1.905480e+0
1.940820e+2	-1.905611e+0
1.940756e+2	-1.905482e+0
1.941148e+2	-1.905154e+0
1.941120e+2	-1.905379e+0
1.941404e+2	-1.905245e+0
1.941390e+2	-1.905060e+0
1.941769e+2	-1.904896e+0
1.941700e+2	-1.905169e+0
1.942026e+2	-1.904897e+0
1.942050e+2	-1.904882e+0
1.942352e+2	-1.904625e+0
1.942333e+2	-1.904753e+0
1.942726e+2	-1.904652e+0
1.942679e+2	-1.904570e+0
1.942967e+2	-1.904303e+0
1.942959e+2	-1.904366e+0
1.943279e+2	-1.904318e+0
1.943319e+2	-1.904122e+0
1.943605e+2	-1.904121e+0
1.943624e+2	-1.904102e+0
1.943900e+2	-1.904210e+0
1.943916e+2	-1.903983e+0
1.944242e+2	-1.903844e+0
1.944286e+2	-1.903660e+0
1.944495e+2	-1.903656e+0
1.944546e+2	-1.903738e+0
1.944827e+2	-1.903524e+0
1.944908e+2	-1.903348e+0
1.945193e+2	-1.903402e+0
1.945166e+2	-1.903267e+0
1.945415e+2	-1.903323e+0
1.945517e+2	-1.903074e+0
1.945777e+2	-1.903000e+0
1.945810e+2	-1.903347e+0
1.946072e+2	-1.903154e+0
1.946139e+2	-1.902922e+0
1.946361e+2	-1.902885e+0
1.946450e+2	-1.902752e+0
1.946716e+2	-1.902680e+0
1.946732e+2	-1.902657e+0
1.946970e+2	-1.902598e+0
1.947053e+2	-1.902615e+0
1.947282e+2	-1.902417e+0
1.947440e+2	-1.902399e+0
1.947651e+2	-1.902189e+0
1.947692e+2	-1.902275e+0
1.947894e+2	-1.902113e+0
1.948079e+2	-1.902081e+0
1.948269e+2	-1.901917e+0
1.948368e+2	-1.901862e+0
1.948554e+2	-1.901859e+0
1.948640e+2	-1.901782e+0
1.948825e+2	-1.901578e+0
1.949026e+2	-1.901568e+0
1.949197e+2	-1.901541e+0
1.949222e+2	-1.901598e+0
1.949414e+2	-1.901582e+0
1.949613e+2	-1.901281e+0
1.949754e+2	-1.901260e+0
1.949915e+2	-1.901291e+0
1.950092e+2	-1.901181e+0
1.950243e+2	-1.901042e+0
1.950337e+2	-1.901008e+0
1.950554e+2	-1.901040e+0
1.950707e+2	-1.900939e+0
1.950859e+2	-1.900920e+0
1.950986e+2	-1.900736e+0
1.951174e+2	-1.900666e+0
1.951280e+2	-1.900485e+0
1.951555e+2	-1.900257e+0
1.951631e+2	-1.900550e+0
1.951753e+2	-1.900174e+0
1.951873e+2	-1.900272e+0
1.952139e+2	-1.900249e+0
1.952191e+2	-1.900111e+0
1.952441e+2	-1.900212e+0
1.952544e+2	-1.899979e+0
1.952702e+2	-1.899990e+0
1.952790e+2	-1.899985e+0
1.953075e+2	-1.899667e+0
1.953148e+2	-1.899746e+0
1.953365e+2	-1.899552e+0
1.953398e+2	-1.899635e+0
1.953660e+2	-1.899413e+0
1.953720e+2	-1.899514e+0
1.953983e+2	-1.899169e+0
1.954062e+2	-1.899325e+0
1.954279e+2	-1.899218e+0
1.954299e+2	-1.898870e+0
1.954590e+2	-1.898957e+0
1.954630e+2	-1.899125e+0
1.954924e+2	-1.899066e+0
1.954960e+2	-1.898813e+0
1.955232e+2	-1.898729e+0
1.955235e+2	-1.898753e+0
1.955587e+2	-1.898616e+0
1.955570e+2	-1.898396e+0
1.955801e+2	-1.898806e+0
1.955843e+2	-1.898608e+0
1.956168e+2	-1.898325e+0
1.956130e+2	-1.898310e+0
1.956489e+2	-1.898286e+0
1.956482e+2	-1.898288e+0
1.956793e+2	-1.897933e+0
1.956716e+2	-1.897778e+0
1.957066e+2	-1.897861e+0
1.957031e+2	-1.898010e+0
1.957402e+2	-1.898049e+0
1.957368e+2	-1.897822e+0
1.957678e+2	-1.897754e+0
1.957638e+2	-1.897709e+0
1.958004e+2	-1.897803e+0
1.957961e+2	-1.897566e+0
1.958288e+2	-1.897508e+0
1.958213e+2	-1.897513e+0
1.958585e+2	-1.897409e+0
1.958537e+2	-1.897185e+0
1.958912e+2	-1.897208e+0
1.958858e+2	-1.897251e+0
1.959190e+2	-1.896831e+0
1.959099e+2	-1.897006e+0
1.959508e+2	-1.897055e+0
1.959422e+2	-1.896905e+0
1.959776e+2	-1.896865e+0
1.959753e+2	-1.896706e+0
1.960116e+2	-1.896778e+0
1.960008e+2	-1.896809e+0
1.960426e+2	-1.896571e+0
1.960353e+2	-1.896551e+0
1.960693e+2	-1.896454e+0
1.960633e+2	-1.896295e+0
1.961003e+2	-1.896396e+0
1.960909e+2	-1.896162e+0
1.961345e+2	-1.896293e+0
1.961251e+2	-1.896038e+0
1.961614e+2	-1.895990e+0
1.961501e+2	-1.895991e+0
1.961912e+2	-1.895935e+0
1.961792e+2	-1.895879e+0
1.962213e+2	-1.895788e+0
1.962146e+2	-1.895697e+0
1.962517e+2	-1.895647e+0
1.962399e+2	-1.895716e+0
1.962844e+2	-1.895611e+0
1.962742e+2	-1.895419e+0
1.963106e+2	-1.895566e+0
1.962976e+2	-1.895416e+0
1.963376e+2	-1.895308e+0
1.963273e+2	-1.895307e+0
1.963705e+2	-1.895280e+0
1.963620e+2	-1.895112e+0
1.963969e+2	-1.895253e+0
1.963846e+2	-1.894940e+0
1.964274e+2	-1.894937e+0
1.964152e+2	-1.894912e+0
1.964569e+2	-1.894607e+0
1.964501e+2	-1.894668e+0
1.964855e+2	-1.894689e+0
1.964740e+2	-1.894623e+0
1.965193e+2	-1.894459e+0
1.965083e+2	-1.894578e+0
1.965452e+2	-1.894392e+0
1.965325e+2	-1.894501e+0
1.965744e+2	-1.894436e+0
1.965632e+2	-1.894236e+0
1.966057e+2	-1.894148e+0
1.965968e+2	-1.894173e+0
1.966302e+2	-1.894151e+0
1.966209e+2	-1.894217e+0
1.966656e+2	-1.893971e+0
1.966545e+2	-1.893822e+0
1.966890e+2	-1.893818e+0
1.966819e+2	-1.893860e+0
1.967210e+2	-1.893903e+0
1.967101e+2	-1.893766e+0
1.967522e+2	-1.893633e+0
1.967434e+2	-1.893731e+0
1.967776e+2	-1.893687e+0
1.967686e+2	-1.893334e+0
1.968078e+2	-1.893126e+0
1.967986e+2	-1.893120e+0
1.968348e+2	-1.893219e+0
1.968310e+2	-1.893198e+0
1.968621e+2	-1.892982e+0
1.968563e+2	-1.893035e+0
1.968990e+2	-1.893159e+0
1.968906e+2	-1.893148e+0
1.969207e+2	-1.892874e+0
1.969164e+2	-1.892719e+0
1.969517e+2	-1.892707e+0
1.969442e+2	-1.892706e+0
1.969835e+2	-1.892676e+0
1.969903e+2	-1.892661e+0
1.970092e+2	-1.892510e+0
1.970029e+2	-1.892476e+0
1.970393e+2	-1.892472e+0
1.970325e+2	-1.892483e+0
1.970668e+2	-1.892387e+0
1.970644e+2	-1.892231e+0
1.970963e+2	-1.892255e+0
1.970921e+2	-1.892094e+0
1.971300e+2	-1.892348e+0
1.971249e+2	-1.892049e+0
1.971537e+2	-1.892018e+0
1.971514e+2	-1.891928e+0
1.971848e+2	-1.891962e+0
1.971787e+2	-1.891820e+0
1.972156e+2	-1.891772e+0
1.972131e+2	-1.891876e+0
1.972396e+2	-1.891704e+0
1.972381e+2	-1.891688e+0
1.972738e+2	-1.891453e+0
1.972670e+2	-1.891658e+0
1.972968e+2	-1.891639e+0
1.972996e+2	-1.891340e+0
1.973281e+2	-1.891240e+0
1.973267e+2	-1.891282e+0
1.973639e+2	-1.891188e+0
1.973585e+2	-1.891089e+0
1.973840e+2	-1.891097e+0
1.973863e+2	-1.891104e+0
1.974152e+2	-1.890964e+0
1.974198e+2	-1.890913e+0
1.974463e+2	-1.891007e+0
1.974466e+2	-1.890737e+0
1.974699e+2	-1.890677e+0
1.974769e+2	-1.890555e+0
1.975042e+2	-1.890756e+0
1.975049e+2	-1.890650e+0
1.975275e+2	-1.890449e+0
1.975317e+2	-1.890313e+0
1.975613e+2	-1.890389e+0
1.975685e+2	-1.890404e+0
1.975914e+2	-1.890260e+0
1.975927e+2	-1.890280e+0
1.976149e+2	-1.890186e+0
1.976267e+2	-1.890289e+0
1.976482e+2	-1.890139e+0
1.976513e+2	-1.890002e+0
1.976717e+2	-1.890185e+0
1.976772e+2	-1.889813e+0
1.977013e+2	-1.889775e+0
1.977119e+2	-1.889947e+0
1.977375e+2	-1.889851e+0
1.977421e+2	-1.889682e+0
1.977568e+2	-1.889794e+0
1.977690e+2	-1.889769e+0
1.977901e+2	-1.889539e+0
1.978056e+2	-1.889296e+0
1.978186e+2	-1.889391e+0
1.978280e+2	-1.889540e+0
1.978441e+2	-1.889486e+0
1.978614e+2	-1.889514e+0
1.978776e+2	-1.889025e+0
1.978795e+2	-1.889029e+0
1.978983e+2	-1.889137e+0
1.979145e+2	-1.889089e+0
1.979304e+2	-1.888909e+0
1.979437e+2	-1.889176e+0
1.979612e+2	-1.888978e+0
1.979738e+2	-1.888954e+0
1.979845e+2	-1.888757e+0
1.980027e+2	-1.888755e+0
1.980212e+2	-1.888786e+0
1.980301e+2	-1.888505e+0
1.980438e+2	-1.888411e+0
1.980596e+2	-1.888674e+0
1.980730e+2	-1.888582e+0
1.980967e+2	-1.888557e+0
1.981081e+2	-1.888643e+0
1.981159e+2	-1.888243e+0
1.981290e+2	-1.888405e+0
1.981525e+2	-1.888344e+0
