8.039315e+1	-2.981593e-1
8.047182e+1	-2.979819e-1
8.040819e+1	-2.980872e-1
8.046721e+1	-2.981542e-1
8.039950e+1	-2.981657e-1
8.046043e+1	-2.989030e-1
8.040124e+1	-2.999953e-1
8.045566e+1	-3.005324e-1
8.040655e+1	-3.004444e-1
8.044795e+1	-3.002704e-1
8.038894e+1	-3.003651e-1
8.044796e+1	-2.997749e-1
8.039022e+1	-2.997812e-1
8.043602e+1	-2.980835e-1
8.038472e+1	-2.971361e-1
8.042777e+1	-2.967397e-1
8.037122e+1	-2.969507e-1
8.043823e+1	-2.967663e-1
8.037459e+1	-2.964673e-1
8.040826e+1	-2.938570e-1
8.035410e+1	-2.919474e-1
8.040755e+1	-2.919212e-1
8.034801e+1	-2.898333e-1
8.038961e+1	-2.875259e-1
8.032754e+1	-2.847322e-1
8.035361e+1	-2.843418e-1
8.028926e+1	-2.835138e-1
8.033490e+1	-2.816735e-1
8.028957e+1	-2.805064e-1
8.032724e+1	-2.797925e-1
8.028416e+1	-2.792529e-1
8.034371e+1	-2.786596e-1
8.030116e+1	-2.780351e-1
8.037285e+1	-2.775538e-1
8.034262e+1	-2.768015e-1
8.039207e+1	-2.768093e-1
8.037787e+1	-2.761373e-1
8.046303e+1	-2.761537e-1
8.045242e+1	-2.754398e-1
8.050754e+1	-2.754021e-1
8.051736e+1	-2.756027e-1
8.058887e+1	-2.754924e-1
8.058652e+1	-2.752716e-1
8.067626e+1	-2.748294e-1
8.067899e+1	-2.745881e-1
8.074738e+1	-2.746636e-1
8.073787e+1	-2.745180e-1
8.082523e+1	-2.748198e-1
8.080732e+1	-2.752049e-1
8.087578e+1	-2.756138e-1
8.087707e+1	-2.754121e-1
8.092256e+1	-2.754214e-1
8.093479e+1	-2.752241e-1
8.100509e+1	-2.755040e-1
8.099278e+1	-2.751741e-1
8.103431e+1	-2.750810e-1
8.103755e+1	-2.750377e-1
8.109029e+1	-2.749535e-1
8.110178e+1	-2.746525e-1
8.114436e+1	-2.745264e-1
8.113666e+1	-2.744620e-1
8.117055e+1	-2.743482e-1
8.118311e+1	-2.739474e-1
8.122757e+1	-2.733635e-1
8.121511e+1	-2.733780e-1
8.124348e+1	-2.733938e-1
8.124622e+1	-2.732172e-1
8.127745e+1	-2.725764e-1
8.129639e+1	-2.724267e-1
8.132465e+1	-2.719221e-1
8.131432e+1	-2.714723e-1
8.132993e+1	-2.708868e-1
8.135169e+1	-2.709185e-1
8.138441e+1	-2.703465e-1
8.138074e+1	-2.698114e-1
8.140308e+1	-2.694721e-1
8.141773e+1	-2.693186e-1
8.143684e+1	-2.685315e-1
8.144476e+1	-2.679570e-1
8.147290e+1	-2.680967e-1
8.146870e+1	-2.678246e-1
8.147709e+1	-2.667179e-1
8.149042e+1	-2.663394e-1
8.151651e+1	-2.673561e-1
8.162820e+1	-2.653570e-1
8.167487e+1	-2.636345e-1
8.168194e+1	-2.631075e-1
8.168144e+1	-2.624159e-1
8.171050e+1	-2.619313e-1
8.171587e+1	-2.615844e-1
8.172705e+1	-2.608678e-1
8.172312e+1	-2.602471e-1
8.175709e+1	-2.598788e-1
8.176593e+1	-2.594302e-1
8.181398e+1	-2.591300e-1
8.180694e+1	-2.585205e-1
8.183246e+1	-2.579408e-1
8.183151e+1	-2.576573e-1
8.186760e+1	-2.571104e-1
8.188726e+1	-2.566246e-1
8.191651e+1	-2.562992e-1
8.192782e+1	-2.557745e-1
8.196521e+1	-2.549054e-1
8.195658e+1	-2.545385e-1
8.200338e+1	-2.543127e-1
8.201790e+1	-2.535902e-1
8.204243e+1	-2.531475e-1
8.204240e+1	-2.524743e-1
8.209252e+1	-2.520339e-1
8.209097e+1	-2.517867e-1
8.216024e+1	-2.512563e-1
8.214999e+1	-2.508372e-1
8.218825e+1	-2.505253e-1
8.218267e+1	-2.497196e-1
8.225075e+1	-2.490422e-1
8.224529e+1	-2.486865e-1
8.229975e+1	-2.484179e-1
8.228563e+1	-2.478714e-1
8.234893e+1	-2.474134e-1
8.233724e+1	-2.474894e-1
8.241849e+1	-2.468296e-1
8.239426e+1	-2.464497e-1
8.244707e+1	-2.458268e-1
8.243218e+1	-2.455336e-1
8.249956e+1	-2.450410e-1
8.248874e+1	-2.447601e-1
8.255244e+1	-2.443552e-1
8.255269e+1	-2.440147e-1
8.261140e+1	-2.436033e-1
8.258956e+1	-2.432858e-1
8.267370e+1	-2.427706e-1
8.266147e+1	-2.423545e-1
8.271158e+1	-2.423577e-1
8.269733e+1	-2.415854e-1
8.278426e+1	-2.410501e-1
8.276272e+1	-2.407198e-1
8.284933e+1	-2.404473e-1
8.282935e+1	-2.399154e-1
8.290132e+1	-2.395508e-1
8.287056e+1	-2.394980e-1
8.296602e+1	-2.389121e-1
8.294317e+1	-2.386299e-1
8.300922e+1	-2.380613e-1
8.299519e+1	-2.373843e-1
8.308362e+1	-2.373219e-1
8.305287e+1	-2.369241e-1
8.314581e+1	-2.363325e-1
8.312541e+1	-2.362364e-1
8.319342e+1	-2.355452e-1
8.316787e+1	-2.356706e-1
8.326800e+1	-2.352095e-1
8.323331e+1	-2.347721e-1
8.333404e+1	-2.341515e-1
8.330363e+1	-2.340904e-1
8.339188e+1	-2.333653e-1
8.335695e+1	-2.331838e-1
8.345005e+1	-2.325609e-1
8.342344e+1	-2.323270e-1
8.351719e+1	-2.318981e-1
8.348527e+1	-2.318544e-1
8.358091e+1	-2.311841e-1
8.354611e+1	-2.309301e-1
8.364553e+1	-2.304515e-1
8.362336e+1	-2.300454e-1
8.371172e+1	-2.297090e-1
8.367439e+1	-2.295228e-1
8.378070e+1	-2.287868e-1
8.374399e+1	-2.288603e-1
8.384694e+1	-2.284703e-1
8.382289e+1	-2.278772e-1
8.391717e+1	-2.274056e-1
8.388032e+1	-2.271104e-1
8.398743e+1	-2.267988e-1
8.396161e+1	-2.262994e-1
8.405357e+1	-2.256802e-1
8.401582e+1	-2.253950e-1
8.412097e+1	-2.254526e-1
8.409056e+1	-2.249594e-1
8.419884e+1	-2.245021e-1
8.417237e+1	-2.237978e-1
8.426501e+1	-2.237013e-1
8.423160e+1	-2.235428e-1
8.433194e+1	-2.230121e-1
8.430350e+1	-2.246024e-1
8.440496e+1	-2.223753e-1
8.438179e+1	-2.220138e-1
8.447164e+1	-2.215873e-1
8.444487e+1	-2.215024e-1
8.454970e+1	-2.212320e-1
8.452999e+1	-2.207796e-1
8.461633e+1	-2.207212e-1
8.458070e+1	-2.202906e-1
8.468978e+1	-2.200456e-1
8.466282e+1	-2.193559e-1
8.476639e+1	-2.191798e-1
8.474367e+1	-2.192401e-1
8.483328e+1	-2.188804e-1
8.480523e+1	-2.186656e-1
8.491109e+1	-2.186862e-1
8.488452e+1	-2.183114e-1
8.497889e+1	-2.176390e-1
8.495737e+1	-2.170270e-1
8.504859e+1	-2.170222e-1
8.502483e+1	-2.166647e-1
8.513550e+1	-2.164677e-1
8.511207e+1	-2.164034e-1
8.519507e+1	-2.157525e-1
8.516894e+1	-2.156180e-1
8.527025e+1	-2.152206e-1
8.525008e+1	-2.147580e-1
8.533961e+1	-2.145048e-1
8.533235e+1	-2.142461e-1
8.541252e+1	-2.141866e-1
8.539871e+1	-2.138236e-1
8.550130e+1	-2.133143e-1
8.548331e+1	-2.128496e-1
8.556095e+1	-2.129958e-1
8.554571e+1	-2.125900e-1
8.564008e+1	-2.122213e-1
8.562389e+1	-2.118838e-1
8.572725e+1	-2.115656e-1
8.571038e+1	-2.113778e-1
8.578537e+1	-2.110160e-1
8.577241e+1	-2.107167e-1
8.586530e+1	-2.104279e-1
8.585002e+1	-2.100209e-1
8.593527e+1	-2.098873e-1
8.593298e+1	-2.097566e-1
8.601361e+1	-2.095395e-1
8.600041e+1	-2.089339e-1
8.609056e+1	-2.088556e-1
8.608298e+1	-2.084454e-1
8.615860e+1	-2.082641e-1
8.614979e+1	-2.080776e-1
8.623378e+1	-2.076084e-1
8.622815e+1	-2.072791e-1
8.631882e+1	-2.073001e-1
8.631044e+1	-2.071425e-1
8.637498e+1	-2.064608e-1
8.637436e+1	-2.061118e-1
8.646574e+1	-2.060923e-1
8.645113e+1	-2.054545e-1
8.653381e+1	-2.055550e-1
8.653930e+1	-2.050912e-1
8.660798e+1	-2.049702e-1
8.661114e+1	-2.043718e-1
8.669886e+1	-2.040037e-1
8.669500e+1	-2.039833e-1
8.675653e+1	-2.038299e-1
8.676136e+1	-2.035334e-1
8.684304e+1	-2.030920e-1
8.685528e+1	-2.028960e-1
8.692102e+1	-2.024008e-1
8.692974e+1	-2.023224e-1
8.698622e+1	-2.017361e-1
8.701045e+1	-2.014756e-1
8.708660e+1	-2.011133e-1
8.708935e+1	-2.009513e-1
8.714678e+1	-2.007459e-1
8.716661e+1	-2.003155e-1
8.723302e+1	-2.004191e-1
8.726294e+1	-1.998966e-1
8.732268e+1	-1.993002e-1
8.733094e+1	-1.991060e-1
8.738490e+1	-1.989334e-1
8.742503e+1	-1.986703e-1
8.748742e+1	-1.981645e-1
8.749989e+1	-1.976410e-1
8.754891e+1	-1.974095e-1
8.757914e+1	-1.969840e-1
8.763329e+1	-1.968081e-1
8.767782e+1	-1.965991e-1
8.772805e+1	-1.964515e-1
8.774362e+1	-1.961682e-1
8.779018e+1	-1.958098e-1
8.783710e+1	-1.954795e-1
8.789436e+1	-1.951410e-1
8.791519e+1	-1.948624e-1
8.795658e+1	-1.944369e-1
8.799889e+1	-1.944441e-1
8.804455e+1	-1.940606e-1
8.809903e+1	-1.935491e-1
8.813724e+1	-1.934799e-1
8.816167e+1	-1.929498e-1
8.820118e+1	-1.927707e-1
8.825036e+1	-1.925622e-1
8.830317e+1	-1.921814e-1
8.833291e+1	-1.919194e-1
8.836696e+1	-1.916751e-1
8.841292e+1	-1.912327e-1
8.844678e+1	-1.908319e-1
8.851281e+1	-1.908302e-1
8.854299e+1	-1.903974e-1
8.857126e+1	-1.902621e-1
8.860254e+1	-1.902200e-1
8.867226e+1	-1.897171e-1
8.869968e+1	-1.895650e-1
8.875020e+1	-1.894901e-1
8.878597e+1	-1.886857e-1
8.883949e+1	-1.885923e-1
8.885692e+1	-1.878388e-1
8.891632e+1	-1.879760e-1
8.895328e+1	-1.876688e-1
8.899250e+1	-1.873651e-1
8.901833e+1	-1.872390e-1
8.908026e+1	-1.866286e-1
8.910517e+1	-1.868677e-1
8.917871e+1	-1.859500e-1
8.920370e+1	-1.857692e-1
8.927321e+1	-1.858007e-1
8.927570e+1	-1.853205e-1
8.934550e+1	-1.848320e-1
8.937218e+1	-1.844740e-1
8.942599e+1	-1.845031e-1
8.944436e+1	-1.841470e-1
8.952957e+1	-1.835679e-1
8.953887e+1	-1.835041e-1
8.961253e+1	-1.830768e-1
8.963064e+1	-1.825193e-1
8.969725e+1	-1.825145e-1
8.970453e+1	-1.819096e-1
8.979972e+1	-1.815856e-1
8.980996e+1	-1.815355e-1
8.987933e+1	-1.809856e-1
8.987721e+1	-1.804007e-1
8.996500e+1	-1.800828e-1
8.996916e+1	-1.801690e-1
9.005031e+1	-1.795786e-1
9.006035e+1	-1.792451e-1
9.014908e+1	-1.789140e-1
9.014458e+1	-1.787283e-1
9.024557e+1	-1.783167e-1
9.023864e+1	-1.777609e-1
9.030680e+1	-1.774051e-1
9.031246e+1	-1.773595e-1
9.040875e+1	-1.772998e-1
9.040365e+1	-1.764435e-1
9.049946e+1	-1.761919e-1
9.049304e+1	-1.757376e-1
9.057765e+1	-1.757202e-1
9.056739e+1	-1.750852e-1
9.067527e+1	-1.748273e-1
9.066841e+1	-1.744941e-1
9.076156e+1	-1.742098e-1
9.074226e+1	-1.737237e-1
9.083896e+1	-1.733959e-1
9.082587e+1	-1.732107e-1
9.092742e+1	-1.725049e-1
9.091983e+1	-1.724622e-1
9.101743e+1	-1.720982e-1
9.100234e+1	-1.715396e-1
9.110523e+1	-1.713890e-1
9.109629e+1	-1.709399e-1
9.118633e+1	-1.706585e-1
9.116837e+1	-1.700868e-1
9.127844e+1	-1.701868e-1
9.126308e+1	-1.694711e-1
9.136557e+1	-1.692628e-1
9.134881e+1	-1.685240e-1
9.145018e+1	-1.683584e-1
9.143122e+1	-1.677372e-1
9.153879e+1	-1.675030e-1
9.153106e+1	-1.673986e-1
9.162695e+1	-1.667330e-1
9.160356e+1	-1.663615e-1
9.171191e+1	-1.658552e-1
9.169615e+1	-1.658289e-1
9.180025e+1	-1.652084e-1
9.178342e+1	-1.646715e-1
9.188945e+1	-1.643617e-1
9.186782e+1	-1.640373e-1
9.197952e+1	-1.635920e-1
9.196616e+1	-1.629653e-1
9.206359e+1	-1.627199e-1
9.204235e+1	-1.622586e-1
9.215297e+1	-1.616725e-1
9.214087e+1	-1.611537e-1
9.223947e+1	-1.606467e-1
9.221416e+1	-1.605461e-1
9.232764e+1	-1.597360e-1
9.230772e+1	-1.593204e-1
9.241383e+1	-1.589585e-1
9.240572e+1	-1.586104e-1
9.250478e+1	-1.578680e-1
9.248562e+1	-1.576903e-1
9.259226e+1	-1.574380e-1
9.258302e+1	-1.568187e-1
9.267896e+1	-1.560488e-1
9.266262e+1	-1.557510e-1
9.276426e+1	-1.559886e-1
9.274842e+1	-1.547857e-1
9.285618e+1	-1.541094e-1
9.284809e+1	-1.535385e-1
9.294023e+1	-1.533555e-1
9.292322e+1	-1.526157e-1
9.302974e+1	-1.519554e-1
9.301637e+1	-1.516689e-1
9.311461e+1	-1.510683e-1
9.310766e+1	-1.505949e-1
9.319896e+1	-1.500017e-1
9.318809e+1	-1.495236e-1
9.330061e+1	-1.489533e-1
9.328457e+1	-1.482944e-1
9.336864e+1	-1.477263e-1
9.335454e+1	-1.472488e-1
9.345932e+1	-1.465443e-1
9.344625e+1	-1.458624e-1
9.354942e+1	-1.453551e-1
9.354401e+1	-1.449186e-1
9.362605e+1	-1.443023e-1
9.361858e+1	-1.434555e-1
9.372270e+1	-1.429624e-1
9.370353e+1	-1.421943e-1
9.380130e+1	-1.415353e-1
9.379714e+1	-1.409634e-1
9.388028e+1	-1.401268e-1
9.387371e+1	-1.397007e-1
9.397411e+1	-1.389027e-1
9.396644e+1	-1.384916e-1
9.404681e+1	-1.377181e-1
9.404209e+1	-1.368222e-1
9.413774e+1	-1.361332e-1
9.413037e+1	-1.351049e-1
9.423493e+1	-1.342088e-1
9.422618e+1	-1.335542e-1
9.430316e+1	-1.327867e-1
9.429893e+1	-1.320751e-1
9.440002e+1	-1.312208e-1
9.438572e+1	-1.306605e-1
9.447884e+1	-1.296459e-1
9.448196e+1	-1.288075e-1
9.455986e+1	-1.276330e-1
9.455654e+1	-1.268938e-1
9.465321e+1	-1.259365e-1
9.464450e+1	-1.249834e-1
9.472219e+1	-1.241982e-1
9.473454e+1	-1.235099e-1
9.481164e+1	-1.225433e-1
9.481234e+1	-1.211592e-1
9.490754e+1	-1.201415e-1
9.490605e+1	-1.190690e-1
9.497542e+1	-1.182727e-1
9.497746e+1	-1.169596e-1
9.507361e+1	-1.156942e-1
9.507951e+1	-1.147832e-1
9.514786e+1	-1.133917e-1
9.516124e+1	-1.125138e-1
9.523462e+1	-1.114217e-1
9.524984e+1	-1.100017e-1
9.532593e+1	-1.089395e-1
9.533458e+1	-1.076969e-1
9.540235e+1	-1.063910e-1
9.541804e+1	-1.049373e-1
9.549098e+1	-1.034171e-1
9.550925e+1	-1.021724e-1
9.558765e+1	-1.006996e-1
9.560319e+1	-9.972136e-2
9.565466e+1	-9.786363e-2
9.567861e+1	-9.625580e-2
9.575770e+1	-9.482289e-2
9.578321e+1	-9.334245e-2
9.582772e+1	-9.164552e-2
9.585644e+1	-9.058212e-2
9.591351e+1	-8.844503e-2
9.594199e+1	-8.680790e-2
9.601583e+1	-8.501073e-2
9.602791e+1	-8.355252e-2
9.608291e+1	-8.149882e-2
9.611215e+1	-7.978879e-2
9.618332e+1	-7.815510e-2
9.620362e+1	-7.602715e-2
9.627082e+1	-7.436140e-2
9.629675e+1	-7.221021e-2
9.633930e+1	-6.994966e-2
9.637353e+1	-6.787403e-2
9.643782e+1	-6.569967e-2
9.648086e+1	-6.344505e-2
9.651791e+1	-6.154541e-2
9.655004e+1	-5.927851e-2
9.659574e+1	-5.685206e-2
9.663697e+1	-5.446599e-2
9.669896e+1	-5.169769e-2
9.672392e+1	-4.943430e-2
9.676252e+1	-4.667714e-2
9.680948e+1	-4.400898e-2
9.685288e+1	-4.134825e-2
9.691119e+1	-3.883580e-2
9.694956e+1	-3.573032e-2
9.697881e+1	-3.324127e-2
9.702096e+1	-3.032260e-2
9.707614e+1	-2.718628e-2
9.711653e+1	-2.432510e-2
9.716193e+1	-2.131970e-2
9.720270e+1	-1.818820e-2
9.724036e+1	-1.495333e-2
9.727591e+1	-1.154429e-2
9.734278e+1	-8.718773e-3
9.738012e+1	-5.046569e-3
9.740651e+1	-1.198088e-3
9.744573e+1	2.204770e-3
9.751214e+1	5.851653e-3
9.754412e+1	9.515777e-3
9.762079e+1	1.341866e-2
9.763574e+1	1.711373e-2
9.768974e+1	2.109863e-2
9.770977e+1	2.504350e-2
9.777326e+1	2.907539e-2
9.780935e+1	3.345003e-2
9.786669e+1	3.734789e-2
9.789495e+1	4.225910e-2
9.795367e+1	4.616775e-2
9.797722e+1	5.046100e-2
9.805816e+1	5.529429e-2
9.807207e+1	5.991030e-2
9.812132e+1	6.444098e-2
9.814650e+1	6.941117e-2
9.821242e+1	7.392597e-2
9.823640e+1	7.887544e-2
9.831856e+1	8.325734e-2
9.833294e+1	8.807274e-2
9.840590e+1	9.293496e-2
9.840723e+1	9.718072e-2
9.848072e+1	1.018530e-1
9.850363e+1	1.063022e-1
9.857282e+1	1.104010e-1
9.858196e+1	1.144473e-1
9.865906e+1	1.184480e-1
9.866783e+1	1.216939e-1
9.874820e+1	1.255479e-1
9.876045e+1	1.284131e-1
9.882908e+1	1.315921e-1
9.883418e+1	1.342960e-1
9.892043e+1	1.368886e-1
9.892568e+1	1.385647e-1
9.901293e+1	1.399706e-1
9.901954e+1	1.410314e-1
9.909896e+1	1.422314e-1
9.909748e+1	1.425643e-1
9.918897e+1	1.426547e-1
9.918947e+1	1.423089e-1
9.926396e+1	1.413053e-1
9.927233e+1	1.402596e-1
9.935999e+1	1.388280e-1
9.935190e+1	1.366260e-1
9.945044e+1	1.343392e-1
9.944903e+1	1.313499e-1
9.952200e+1	1.278120e-1
9.951682e+1	1.245510e-1
9.961839e+1	1.206132e-1
9.960792e+1	1.163986e-1
9.969487e+1	1.113294e-1
9.969922e+1	1.061629e-1
9.978966e+1	1.014838e-1
9.977727e+1	9.626812e-2
9.987898e+1	9.098442e-2
9.986819e+1	8.449000e-2
9.996104e+1	7.847992e-2
9.995010e+1	7.251771e-2
1.000443e+2	6.589419e-2
1.000336e+2	5.949701e-2
1.001346e+2	5.320385e-2
1.001267e+2	4.656210e-2
1.002178e+2	3.987922e-2
1.002026e+2	3.266702e-2
1.003048e+2	2.619472e-2
1.002902e+2	1.952702e-2
1.003967e+2	1.287711e-2
1.003840e+2	6.373274e-3
1.004763e+2	-2.338235e-4
1.004590e+2	-6.846680e-3
1.005610e+2	-1.342373e-2
1.005443e+2	-1.905893e-2
1.006456e+2	-2.544748e-2
1.006346e+2	-3.146107e-2
1.007315e+2	-3.730767e-2
1.007127e+2	-4.307531e-2
1.008154e+2	-4.797712e-2
1.008044e+2	-5.366598e-2
1.008967e+2	-5.871951e-2
1.008826e+2	-6.348866e-2
1.009781e+2	-6.881685e-2
1.009629e+2	-7.339611e-2
1.010698e+2	-7.747620e-2
1.010568e+2	-8.176266e-2
1.011449e+2	-8.581071e-2
1.011319e+2	-9.005582e-2
1.012307e+2	-9.349799e-2
1.012151e+2	-9.714470e-2
1.013141e+2	-1.005107e-1
1.013040e+2	-1.038468e-1
1.013955e+2	-1.067935e-1
1.013809e+2	-1.097408e-1
1.014824e+2	-1.121948e-1
1.014727e+2	-1.148095e-1
1.015614e+2	-1.174740e-1
1.015519e+2	-1.192956e-1
1.016398e+2	-1.216627e-1
1.016289e+2	-1.236950e-1
1.017368e+2	-1.255437e-1
1.017210e+2	-1.274640e-1
1.018038e+2	-1.289882e-1
1.017908e+2	-1.306920e-1
1.018895e+2	-1.322086e-1
1.018763e+2	-1.335561e-1
1.019719e+2	-1.343229e-1
1.019667e+2	-1.356751e-1
1.020478e+2	-1.367896e-1
1.020387e+2	-1.375456e-1
1.021385e+2	-1.388753e-1
1.021256e+2	-1.396219e-1
1.022077e+2	-1.405119e-1
1.022039e+2	-1.412917e-1
1.022904e+2	-1.418377e-1
1.022822e+2	-1.426779e-1
1.023787e+2	-1.426546e-1
1.023683e+2	-1.436389e-1
1.024477e+2	-1.441151e-1
1.024329e+2	-1.446926e-1
1.025272e+2	-1.452724e-1
1.025181e+2	-1.455889e-1
1.026048e+2	-1.460419e-1
1.026070e+2	-1.465540e-1
1.026846e+2	-1.469731e-1
1.026784e+2	-1.470246e-1
1.027648e+2	-1.476674e-1
1.027581e+2	-1.478434e-1
1.028420e+2	-1.482250e-1
1.028429e+2	-1.485994e-1
1.029160e+2	-1.485620e-1
1.029177e+2	-1.488009e-1
1.030063e+2	-1.494546e-1
1.030075e+2	-1.500389e-1
1.030772e+2	-1.504728e-1
1.030728e+2	-1.502417e-1
1.031567e+2	-1.510526e-1
1.031556e+2	-1.511738e-1
1.032415e+2	-1.510167e-1
1.032388e+2	-1.509945e-1
1.033028e+2	-1.515209e-1
1.033135e+2	-1.516823e-1
1.033967e+2	-1.519386e-1
1.034011e+2	-1.520875e-1
1.034617e+2	-1.523032e-1
1.034757e+2	-1.526511e-1
1.035462e+2	-1.525650e-1
1.035475e+2	-1.526519e-1
1.036307e+2	-1.526241e-1
1.036314e+2	-1.529708e-1
1.036919e+2	-1.531392e-1
1.037011e+2	-1.532750e-1
1.037833e+2	-1.533085e-1
1.037829e+2	-1.531376e-1
1.038643e+2	-1.535868e-1
1.038681e+2	-1.535636e-1
1.039209e+2	-1.538453e-1
1.039391e+2	-1.535844e-1
1.040154e+2	-1.540885e-1
1.040168e+2	-1.536586e-1
1.040752e+2	-1.532602e-1
1.040985e+2	-1.534749e-1
1.041567e+2	-1.535070e-1
1.041755e+2	-1.533912e-1
1.042463e+2	-1.536532e-1
1.042541e+2	-1.533634e-1
1.043100e+2	-1.537395e-1
1.043330e+2	-1.534364e-1
1.044050e+2	-1.534053e-1
1.044323e+2	-1.534801e-1
1.044851e+2	-1.535110e-1
1.044999e+2	-1.534403e-1
1.045563e+2	-1.534769e-1
1.045971e+2	-1.535777e-1
1.046536e+2	-1.532487e-1
1.046805e+2	-1.532824e-1
1.047240e+2	-1.534358e-1
1.047524e+2	-1.531635e-1
1.048052e+2	-1.529145e-1
1.048497e+2	-1.535877e-1
1.049011e+2	-1.528179e-1
1.049122e+2	-1.531482e-1
1.049675e+2	-1.528525e-1
1.049983e+2	-1.526693e-1
1.050494e+2	-1.526483e-1
1.050982e+2	-1.527606e-1
1.051424e+2	-1.525245e-1
1.051652e+2	-1.528794e-1
1.052110e+2	-1.526818e-1
1.052566e+2	-1.526711e-1
1.053007e+2	-1.524357e-1
1.053360e+2	-1.524617e-1
1.053777e+2	-1.522012e-1
1.054079e+2	-1.527179e-1
1.054479e+2	-1.520492e-1
1.055045e+2	-1.523182e-1
1.055398e+2	-1.521610e-1
1.055590e+2	-1.521085e-1
1.055983e+2	-1.521401e-1
1.056539e+2	-1.517789e-1
1.056847e+2	-1.520054e-1
1.057328e+2	-1.520028e-1
1.057665e+2	-1.518991e-1
1.058118e+2	-1.516587e-1
1.058822e+2	-1.516409e-1
1.059193e+2	-1.517515e-1
1.059645e+2	-1.514790e-1
1.059900e+2	-1.515457e-1
1.060404e+2	-1.516167e-1
1.060635e+2	-1.517058e-1
1.061310e+2	-1.511661e-1
1.061446e+2	-1.512824e-1
1.061818e+2	-1.513827e-1
1.062050e+2	-1.511219e-1
1.062738e+2	-1.511005e-1
1.062827e+2	-1.510800e-1
1.063472e+2	-1.512561e-1
1.063652e+2	-1.511020e-1
1.064091e+2	-1.510602e-1
1.064233e+2	-1.511136e-1
1.064960e+2	-1.509201e-1
1.065070e+2	-1.508939e-1
1.065514e+2	-1.510966e-1
1.065736e+2	-1.511359e-1
1.066398e+2	-1.505893e-1
1.066435e+2	-1.502301e-1
1.067114e+2	-1.504032e-1
1.067213e+2	-1.505642e-1
1.067756e+2	-1.506573e-1
1.067823e+2	-1.505491e-1
1.068539e+2	-1.501599e-1
1.068614e+2	-1.504000e-1
1.069285e+2	-1.500817e-1
1.069419e+2	-1.502031e-1
1.070063e+2	-1.499196e-1
1.070039e+2	-1.501667e-1
1.070880e+2	-1.502033e-1
1.070934e+2	-1.500574e-1
1.071491e+2	-1.498436e-1
1.071626e+2	-1.495599e-1
1.072414e+2	-1.499472e-1
1.072355e+2	-1.495136e-1
1.073238e+2	-1.495499e-1
1.073225e+2	-1.495591e-1
1.073840e+2	-1.494580e-1
1.073905e+2	-1.491959e-1
1.074752e+2	-1.491054e-1
1.074709e+2	-1.492310e-1
1.075592e+2	-1.492742e-1
1.075546e+2	-1.489071e-1
1.076336e+2	-1.487802e-1
1.076292e+2	-1.490956e-1
1.077123e+2	-1.489514e-1
1.077120e+2	-1.486743e-1
1.077931e+2	-1.486869e-1
1.077861e+2	-1.485823e-1
1.078722e+2	-1.484569e-1
1.078649e+2	-1.482247e-1
1.079531e+2	-1.482266e-1
1.079450e+2	-1.483782e-1
1.080273e+2	-1.480865e-1
1.080156e+2	-1.482328e-1
1.081064e+2	-1.482853e-1
1.080895e+2	-1.483836e-1
1.081801e+2	-1.480795e-1
1.081724e+2	-1.484253e-1
1.082560e+2	-1.480165e-1
1.082361e+2	-1.480526e-1
1.083300e+2	-1.480829e-1
1.083160e+2	-1.478888e-1
1.083980e+2	-1.481229e-1
1.083841e+2	-1.476877e-1
1.084706e+2	-1.480421e-1
1.084510e+2	-1.477774e-1
1.085422e+2	-1.478857e-1
1.085299e+2	-1.475744e-1
1.086134e+2	-1.474915e-1
1.085923e+2	-1.478710e-1
1.086867e+2	-1.475580e-1
1.086667e+2	-1.476982e-1
1.087569e+2	-1.474816e-1
1.087447e+2	-1.475990e-1
1.088304e+2	-1.473358e-1
1.088110e+2	-1.472020e-1
1.089029e+2	-1.475352e-1
1.088899e+2	-1.474430e-1
1.089713e+2	-1.475259e-1
1.089538e+2	-1.473416e-1
1.090407e+2	-1.479160e-1
1.090232e+2	-1.470551e-1
1.091189e+2	-1.472985e-1
1.091026e+2	-1.471006e-1
1.091802e+2	-1.469505e-1
1.091669e+2	-1.472710e-1
1.092543e+2	-1.469247e-1
1.092372e+2	-1.471873e-1
1.093244e+2	-1.469774e-1
1.093158e+2	-1.467900e-1
1.093954e+2	-1.472278e-1
1.093806e+2	-1.465136e-1
1.094720e+2	-1.469902e-1
1.094586e+2	-1.467394e-1
1.095345e+2	-1.467496e-1
1.095198e+2	-1.469228e-1
1.096017e+2	-1.465140e-1
1.095923e+2	-1.466371e-1
1.096822e+2	-1.465258e-1
1.096725e+2	-1.464271e-1
1.097444e+2	-1.462544e-1
1.097345e+2	-1.463860e-1
1.098267e+2	-1.461145e-1
1.098101e+2	-1.458676e-1
1.098938e+2	-1.462000e-1
1.098910e+2	-1.461713e-1
1.099635e+2	-1.459957e-1
1.099572e+2	-1.460393e-1
1.100502e+2	-1.458303e-1
1.100405e+2	-1.458393e-1
1.101126e+2	-1.457824e-1
1.101052e+2	-1.456253e-1
1.101920e+2	-1.453822e-1
1.101839e+2	-1.459380e-1
1.102750e+2	-1.456718e-1
1.102682e+2	-1.452581e-1
1.103379e+2	-1.454041e-1
1.103353e+2	-1.453274e-1
1.104236e+2	-1.452746e-1
1.104126e+2	-1.453607e-1
1.104883e+2	-1.452016e-1
1.104933e+2	-1.451151e-1
1.105594e+2	-1.448824e-1
1.105599e+2	-1.448693e-1
1.106471e+2	-1.449134e-1
1.106424e+2	-1.453385e-1
1.107066e+2	-1.447310e-1
1.107015e+2	-1.447481e-1
1.107881e+2	-1.446586e-1
1.107774e+2	-1.447146e-1
1.108588e+2	-1.447292e-1
1.108591e+2	-1.447136e-1
1.109216e+2	-1.447022e-1
1.109211e+2	-1.446452e-1
1.110019e+2	-1.448180e-1
1.109923e+2	-1.444973e-1
1.110667e+2	-1.448047e-1
1.110716e+2	-1.443422e-1
1.111357e+2	-1.446639e-1
1.111404e+2	-1.445152e-1
1.112178e+2	-1.442233e-1
1.112162e+2	-1.442179e-1
1.112736e+2	-1.441474e-1
1.112792e+2	-1.444174e-1
1.113596e+2	-1.442651e-1
1.113646e+2	-1.441725e-1
1.114219e+2	-1.443500e-1
1.114305e+2	-1.443433e-1
1.114911e+2	-1.441702e-1
1.115054e+2	-1.437808e-1
1.115662e+2	-1.437560e-1
1.115706e+2	-1.436654e-1
1.116285e+2	-1.438331e-1
1.116392e+2	-1.439809e-1
1.116972e+2	-1.441552e-1
1.117182e+2	-1.440456e-1
1.117760e+2	-1.435176e-1
1.117806e+2	-1.435317e-1
1.118325e+2	-1.438904e-1
1.118557e+2	-1.436388e-1
1.119153e+2	-1.435623e-1
1.119251e+2	-1.437492e-1
1.119773e+2	-1.432853e-1
1.119996e+2	-1.435134e-1
1.120449e+2	-1.433262e-1
1.120717e+2	-1.434284e-1
1.121296e+2	-1.431597e-1
1.121417e+2	-1.432659e-1
1.121848e+2	-1.431499e-1
1.122098e+2	-1.430648e-1
1.122669e+2	-1.429665e-1
1.122991e+2	-1.430866e-1
1.123388e+2	-1.430649e-1
1.123577e+2	-1.432062e-1
1.124003e+2	-1.430877e-1
1.124370e+2	-1.429929e-1
1.124802e+2	-1.427270e-1
1.125056e+2	-1.428624e-1
1.125464e+2	-1.428547e-1
1.125698e+2	-1.430257e-1
1.126126e+2	-1.426937e-1
1.126574e+2	-1.429359e-1
1.126937e+2	-1.430028e-1
1.127036e+2	-1.428373e-1
1.127479e+2	-1.427714e-1
1.127905e+2	-1.425950e-1
1.128235e+2	-1.425821e-1
1.128613e+2	-1.425243e-1
1.128994e+2	-1.427141e-1
1.129322e+2	-1.423757e-1
1.129576e+2	-1.424150e-1
1.130009e+2	-1.424014e-1
1.130405e+2	-1.425832e-1
1.130754e+2	-1.426214e-1
1.131011e+2	-1.423542e-1
1.131454e+2	-1.423001e-1
1.131731e+2	-1.424150e-1
1.132312e+2	-1.424623e-1
1.132506e+2	-1.418173e-1
1.132771e+2	-1.420999e-1
1.133028e+2	-1.423486e-1
1.133646e+2	-1.420416e-1
1.133799e+2	-1.420667e-1
1.134334e+2	-1.420754e-1
1.134583e+2	-1.418816e-1
1.134948e+2	-1.419030e-1
1.135151e+2	-1.416204e-1
1.135776e+2	-1.421148e-1
1.135953e+2	-1.420908e-1
1.136301e+2	-1.418140e-1
1.136563e+2	-1.419116e-1
1.137157e+2	-1.417358e-1
1.137261e+2	-1.418085e-1
1.137851e+2	-1.416721e-1
1.138029e+2	-1.419417e-1
1.138504e+2	-1.418822e-1
1.138572e+2	-1.416983e-1
1.139187e+2	-1.417964e-1
1.139317e+2	-1.417071e-1
1.139924e+2	-1.414550e-1
1.140040e+2	-1.415720e-1
1.140615e+2	-1.415328e-1
1.140629e+2	-1.416257e-1
1.141379e+2	-1.415821e-1
1.141422e+2	-1.415431e-1
1.141873e+2	-1.414623e-1
1.142004e+2	-1.413990e-1
1.142729e+2	-1.412592e-1
1.142673e+2	-1.411783e-1
1.143433e+2	-1.412525e-1
1.143457e+2	-1.413457e-1
1.143950e+2	-1.413905e-1
1.143985e+2	-1.410708e-1
1.144769e+2	-1.412097e-1
1.144689e+2	-1.412655e-1
1.145286e+2	-1.412923e-1
1.145387e+2	-1.412405e-1
1.146059e+2	-1.411973e-1
1.145983e+2	-1.412852e-1
1.146811e+2	-1.408763e-1
1.146704e+2	-1.413806e-1
1.147370e+2	-1.411838e-1
1.147253e+2	-1.410660e-1
1.148043e+2	-1.410876e-1
1.147973e+2	-1.409051e-1
1.148769e+2	-1.408309e-1
1.148717e+2	-1.410823e-1
1.149392e+2	-1.408720e-1
1.149299e+2	-1.408977e-1
1.150140e+2	-1.408420e-1
1.149965e+2	-1.407664e-1
1.150767e+2	-1.405328e-1
1.150726e+2	-1.406439e-1
1.151433e+2	-1.406266e-1
1.151357e+2	-1.404911e-1
1.152211e+2	-1.406500e-1
1.152087e+2	-1.403391e-1
1.152829e+2	-1.407126e-1
1.152745e+2	-1.403740e-1
1.153581e+2	-1.402897e-1
1.153401e+2	-1.399291e-1
1.154313e+2	-1.402711e-1
1.154173e+2	-1.402188e-1
1.154967e+2	-1.401885e-1
1.154779e+2	-1.405110e-1
1.156353e+2	-1.401472e-1
1.156236e+2	-1.399058e-1
1.157052e+2	-1.400562e-1
1.156876e+2	-1.399113e-1
1.157742e+2	-1.397421e-1
1.157651e+2	-1.398067e-1
1.158441e+2	-1.398501e-1
1.158249e+2	-1.398088e-1
1.159142e+2	-1.397618e-1
1.159684e+2	-1.397724e-1
1.160511e+2	-1.395497e-1
1.160316e+2	-1.394786e-1
1.161238e+2	-1.394018e-1
1.161098e+2	-1.396131e-1
1.161858e+2	-1.396169e-1
1.161692e+2	-1.394504e-1
1.162532e+2	-1.395352e-1
1.162368e+2	-1.393893e-1
1.163213e+2	-1.394998e-1
1.163104e+2	-1.394831e-1
1.163856e+2	-1.394815e-1
1.163693e+2	-1.395882e-1
1.164539e+2	-1.395992e-1
1.164398e+2	-1.396393e-1
1.165108e+2	-1.394949e-1
1.164909e+2	-1.394871e-1
1.165740e+2	-1.396615e-1
1.165545e+2	-1.393016e-1
1.166350e+2	-1.393260e-1
1.166232e+2	-1.392889e-1
1.166931e+2	-1.390736e-1
1.166750e+2	-1.391095e-1
1.167546e+2	-1.391410e-1
1.167366e+2	-1.393902e-1
1.168140e+2	-1.395458e-1
1.168042e+2	-1.395540e-1
1.168722e+2	-1.393866e-1
1.168606e+2	-1.391698e-1
1.169482e+2	-1.395859e-1
1.169351e+2	-1.392000e-1
1.170020e+2	-1.391376e-1
1.169901e+2	-1.392277e-1
1.170709e+2	-1.388300e-1
1.170592e+2	-1.390072e-1
1.171454e+2	-1.390084e-1
1.171360e+2	-1.385461e-1
1.172026e+2	-1.391357e-1
1.171947e+2	-1.387239e-1
1.172709e+2	-1.389032e-1
1.172629e+2	-1.389310e-1
1.173356e+2	-1.385950e-1
1.173343e+2	-1.389636e-1
1.174047e+2	-1.388632e-1
1.173949e+2	-1.385814e-1
1.174744e+2	-1.387921e-1
1.174706e+2	-1.387040e-1
1.175337e+2	-1.385255e-1
1.175255e+2	-1.386169e-1
1.176013e+2	-1.387224e-1
1.175940e+2	-1.387170e-1
1.176712e+2	-1.385783e-1
1.176697e+2	-1.385697e-1
1.177278e+2	-1.385652e-1
1.177251e+2	-1.386474e-1
1.178023e+2	-1.383183e-1
1.177920e+2	-1.383549e-1
1.178571e+2	-1.384345e-1
1.178626e+2	-1.385512e-1
1.179250e+2	-1.384651e-1
1.179206e+2	-1.382573e-1
1.179985e+2	-1.382848e-1
1.179942e+2	-1.384200e-1
1.180508e+2	-1.384079e-1
1.180472e+2	-1.380828e-1
1.181170e+2	-1.378700e-1
1.181223e+2	-1.382586e-1
1.181776e+2	-1.381545e-1
1.181846e+2	-1.379782e-1
1.182401e+2	-1.383234e-1
1.182496e+2	-1.383928e-1
1.183064e+2	-1.380149e-1
1.183086e+2	-1.378078e-1
1.183617e+2	-1.378821e-1
1.183690e+2	-1.379795e-1
1.184270e+2	-1.381664e-1
1.184322e+2	-1.382923e-1
1.184941e+2	-1.383228e-1
1.185008e+2	-1.379962e-1
1.185392e+2	-1.381153e-1
1.185547e+2	-1.381338e-1
1.186155e+2	-1.381557e-1
1.186178e+2	-1.380496e-1
1.186652e+2	-1.381151e-1
1.186833e+2	-1.378415e-1
1.187271e+2	-1.377831e-1
1.187442e+2	-1.381722e-1
1.187992e+2	-1.380245e-1
1.188050e+2	-1.377695e-1
1.188470e+2	-1.379584e-1
1.188651e+2	-1.377995e-1
1.189188e+2	-1.378455e-1
1.189388e+2	-1.379355e-1
1.189771e+2	-1.379346e-1
1.189852e+2	-1.377701e-1
1.190240e+2	-1.377848e-1
1.190513e+2	-1.377828e-1
1.190904e+2	-1.377519e-1
1.191041e+2	-1.379365e-1
1.191381e+2	-1.378473e-1
1.191548e+2	-1.375602e-1
1.191922e+2	-1.376100e-1
1.192276e+2	-1.375099e-1
1.192616e+2	-1.374127e-1
1.192666e+2	-1.378049e-1
1.193065e+2	-1.376475e-1
1.193402e+2	-1.377405e-1
1.193730e+2	-1.373363e-1
1.194171e+2	-1.376480e-1
1.194392e+2	-1.376226e-1
1.194663e+2	-1.376118e-1
1.194915e+2	-1.373924e-1
1.195278e+2	-1.375834e-1
1.195684e+2	-1.375792e-1
1.195951e+2	-1.376471e-1
1.196233e+2	-1.374838e-1
1.196601e+2	-1.374359e-1
1.196848e+2	-1.375178e-1
1.197377e+2	-1.371447e-1
1.197611e+2	-1.371598e-1
1.197827e+2	-1.372836e-1
1.198095e+2	-1.372163e-1
1.198569e+2	-1.369821e-1
1.198730e+2	-1.370746e-1
1.199158e+2	-1.372075e-1
1.199368e+2	-1.374952e-1
1.199656e+2	-1.369347e-1
1.199848e+2	-1.373864e-1
1.200309e+2	-1.371166e-1
1.200512e+2	-1.369837e-1
1.200862e+2	-1.371433e-1
1.200903e+2	-1.374227e-1
1.201398e+2	-1.372157e-1
1.201540e+2	-1.372420e-1
1.202007e+2	-1.371731e-1
1.202135e+2	-1.371799e-1
