1205.5599911772	846.333312988281
1206.75301393864	846.666687011719
1207.94583983287	845.666687011719
1209.13846889606	844.666687011719
1210.3309011644	847.333312988281
1211.52313667407	847.666687011719
1212.71517546124	845.333312988281
1213.90701756207	846.666687011719
1215.09866301271	846.666687011719
1216.29011184929	847.333312988281
1217.48136410796	844.333312988281
1218.67241982484	845.333312988281
1219.86327903604	847.333312988281
1221.05394177768	846.333312988281
1222.24440808585	848
1223.43467799665	845.333312988281
1224.62475154616	845.333312988281
1225.81462877046	845.666687011719
1227.00430970561	845.666687011719
1228.19379438767	848
1229.38308285269	845
1230.57217513673	845.666687011719
1231.76107127579	846.333312988281
1232.94977130592	846.666687011719
1234.13827526314	846.333312988281
1235.32658318344	846.333312988281
1236.51469510282	844
1237.70261105729	846
1238.89033108283	847
1240.07785521541	844.333312988281
1241.26518349099	844.333312988281
1242.45231594553	846
1243.639252615	844.666687011719
1244.82599353532	844
1246.01253874243	845
1247.19888827226	847.666687011719
1248.38504216072	846
1249.57100044373	845.333312988281
1250.75676315718	845.666687011719
1251.94233033696	844.666687011719
1253.12770201896	845.666687011719
1254.31287823906	846
1255.49785903312	845.333312988281
1256.682644437	844.333312988281
1257.86723448654	844.333312988281
1259.05162921761	844.333312988281
1260.23582866602	844.666687011719
1261.41983286761	845
1262.60364185819	845
1263.78725567356	844.666687011719
1264.97067434954	845
1266.15389792191	846.333312988281
1267.33692642646	846.333312988281
1268.51975989897	843.333312988281
1269.7023983752	844
1270.88484189091	842
1272.06709048185	845.333312988281
1273.24914418377	848
1274.43100303241	844.333312988281
1275.61266706348	846.333312988281
1276.7941363127	845.333312988281
1277.9754108158	846.333312988281
1279.15649060846	847.333312988281
1280.33737572638	845.333312988281
1281.51806620525	844
1282.69856208075	844.333312988281
1283.87886338854	847
1285.05897016428	846.666687011719
1286.23888244363	844.666687011719
1287.41860026223	845.666687011719
1288.59812365572	848.666687011719
1289.77745265973	843.333312988281
1290.95658730986	846.333312988281
1292.13552764175	844.333312988281
1293.31427369098	845.333312988281
1294.49282549315	847.666687011719
1295.67118308386	847
1296.84934649867	846
1298.02731577317	845
1299.2050909429	846
1300.38267204343	845
1301.5600591103	848.333312988281
1302.73725217905	846.333312988281
1303.91425128521	846
1305.09105646429	846.666687011719
1306.26766775182	847.333312988281
1307.4440851833	844.333312988281
1308.62030879422	846.333312988281
1309.79633862006	843.666687011719
1310.97217469633	844.666687011719
1312.14781705847	846.333312988281
1313.32326574196	845
1314.49852078226	846
1315.6735822148	846.333312988281
1316.84845007504	848.666687011719
1318.0231243984	843.666687011719
1319.1976052203	845.333312988281
1320.37189257616	845.666687011719
1321.54598650139	846.666687011719
1322.71988703138	846
1323.89359420153	844.666687011719
1325.06710804722	844.333312988281
1326.24042860381	845.666687011719
1327.41355590669	844.666687011719
1328.5864899912	847.333312988281
1329.75923089269	846.666687011719
1330.93177864651	847.333312988281
1332.10413328799	845.333312988281
1333.27629485246	844.666687011719
1334.44826337523	846
1335.62003889161	846
1336.79162143691	847
1337.96301104641	844.333312988281
1339.1342077554	844.333312988281
1340.30521159916	845
1341.47602261295	847
1342.64664083204	845.666687011719
1343.81706629167	845.333312988281
1344.98729902711	846.666687011719
1346.15733907356	844
1347.32718646628	844.333312988281
1348.49684124046	845.666687011719
1349.66630343134	845
1350.83557307411	843
1352.00465020397	846
1353.1735348561	846
1354.34222706568	846
1355.51072686789	845
1356.67903429789	844
1357.84714939083	843.333312988281
1359.01507218186	848.333312988281
1360.18280270613	846.333312988281
1361.35034099875	846.333312988281
1362.51768709486	844
1363.68484102956	845.666687011719
1364.85180283798	847.666687011719
1366.01857255519	845.333312988281
1367.1851502163	845
1368.35153585639	844
1369.51772951053	846
1370.68373121378	845.666687011719
1371.84954100122	845.666687011719
1373.01515890787	846.333312988281
1374.18058496881	846.333312988281
1375.34581921904	844.666687011719
1376.5108616936	847
1377.67571242751	847.666687011719
1378.84037145579	844.666687011719
1380.00483881341	844.666687011719
1381.1691145354	847.333312988281
1382.33319865672	845
1383.49709121237	846.333312988281
1384.6607922373	844.333312988281
1385.82430176648	844.666687011719
1386.98761983487	846.333312988281
1388.15074647741	845.333312988281
1389.31368172903	844.666687011719
1390.47642562468	844.666687011719
1391.63897819927	845
1392.80133948771	843.666687011719
1393.96350952492	847
1395.12548834577	847.666687011719
1396.28727598518	847.666687011719
1397.44887247803	845
1398.61027785917	844
1399.77149216348	842.666687011719
1400.93251542583	847.666687011719
1402.09334768105	845
1403.25398896399	845
1404.41443930949	845.666687011719
1405.57469875237	845
1406.73476732744	843.333312988281
1407.89464506953	845.666687011719
1409.05433201342	844.666687011719
1410.21382819392	847.333312988281
1411.37313364582	847
1412.53224840388	846
1413.69117250288	845.333312988281
1414.84990597758	845.666687011719
1416.00844886274	844
1417.16680119311	845
1418.32496300341	844.666687011719
1419.48293432839	846
1420.64071520276	845.333312988281
1421.79830566124	846
1422.95570573854	845.333312988281
1424.11291546935	843
1425.26993488836	844.666687011719
1426.42676403027	845.666687011719
1427.58340292974	846.333312988281
1428.73985162144	848.333312988281
1429.89611014002	846.333312988281
1431.05217852015	845
1432.20805679646	844.333312988281
1433.36374500359	842.333312988281
1434.51924317617	844.333312988281
1435.67455134881	844.333312988281
1436.82966955613	845.333312988281
1437.98459783273	846.333312988281
1439.13933621321	845.666687011719
1440.29388473215	843
1441.44824342414	843.666687011719
1442.60241232375	844
1443.75639146553	845
1444.91018088405	845.666687011719
1446.06378061386	845
1447.21719068949	846
1448.37041114548	844.333312988281
1449.52344201635	844.333312988281
1450.67628333663	845.333312988281
1451.82893514081	844.666687011719
1452.9813974634	845.333312988281
1454.13367033889	844.666687011719
1455.28575380178	847
1456.43764788652	845.333312988281
1457.58935262761	846.333312988281
1458.74086805949	843
1459.89219421662	844
1461.04333113344	845.666687011719
1462.1942788444	845.333312988281
1463.34503738393	844.333312988281
1464.49560678644	844.666687011719
1465.64598708636	845.333312988281
1466.79617831808	842.666687011719
1467.94618051601	845
1469.09599371453	845.666687011719
1470.24561794804	845
1471.3950532509	844.666687011719
1472.54429965749	844.666687011719
1473.69335720216	844.333312988281
1474.84222591927	844.666687011719
1475.99090584315	845.666687011719
1477.13939700816	844
1478.2876994486	844.666687011719
1479.4358131988	844
1480.58373829309	845.666687011719
1481.73147476575	844.666687011719
1482.8790226511	846
1484.0263819834	845.666687011719
1485.17355279696	843
1486.32053512604	844.666687011719
1487.46732900491	844.666687011719
1488.61393446782	842.666687011719
1489.76035154904	843
1490.90658028278	847
1492.0526207033	845.333312988281
1493.19847284482	845.333312988281
1494.34413674156	846
1495.48961242773	844
1496.63489993753	843
1497.77999930516	844
1498.9249105648	842.666687011719
1500.06963375064	846
1501.21416889685	843
1502.35851603759	845
1503.50267520703	844
1504.6466464393	844.666687011719
1505.79042976854	847
1506.9340252289	843.333312988281
1508.0774328545	843
1509.22065267946	846
1510.36368473788	846.666687011719
1511.50652906387	844.666687011719
1512.64918569152	849.333312988281
1513.79165465492	845.333312988281
1514.93393598815	845
1516.07602972528	845.666687011719
1517.21793590037	845
1518.35965454748	846
1519.50118570066	845.333312988281
1520.64252939395	843.666687011719
1521.78368566137	845
1522.92465453696	846.333312988281
1524.06543605473	847
1525.2060302487	844.666687011719
1526.34643715286	847.666687011719
1527.4866568012	846
1528.62668922771	848
1529.76653446638	846.666687011719
1530.90619255116	846.333312988281
1532.04566351604	845.333312988281
1533.18494739495	845.333312988281
1534.32404422185	847
1535.46295403068	847
1536.60167685536	844
1537.74021272983	847.666687011719
1538.87856168801	845.666687011719
1540.01672376379	845.666687011719
1541.15469899108	845.333312988281
1542.29248740378	846.666687011719
1543.43008903576	845.666687011719
1544.56750392092	846.666687011719
1545.70473209312	846
1546.84177358622	845.666687011719
1547.97862843408	845
1549.11529667053	845
1550.25177832944	844.333312988281
1551.38807344462	847.333312988281
1552.52418204991	849.333312988281
1553.66010417911	846.333312988281
1554.79583986604	847
1555.9313891445	848
1557.06675204828	847.333312988281
1558.20192861117	849.333312988281
1559.33691886695	849.666687011719
1560.47172284938	848.666687011719
1561.60634059224	853.666687011719
1562.74077212927	850.666687011719
1563.87501749423	851
1565.00907672085	852.666687011719
1566.14294984286	853.333312988281
1567.276636894	852
1568.41013790798	856.666687011719
1569.54345291851	859.666687011719
1570.67658195929	861.333312988281
1571.80952506401	864.333312988281
1572.94228226636	869.666687011719
1574.07485360003	876
1575.20723909867	883
1576.33943879597	893.666687011719
1577.47145272556	921.333312988281
1578.60328092111	945.333312988281
1579.73492341624	986.333312988281
1580.86638024461	1051.33337402344
1581.99765143982	1149.33337402344
1583.1287370355	1261
1584.25963706526	1339
1585.3903515627	1402.33337402344
1586.52088056141	1407.66662597656
1587.651224095	1312.66662597656
1588.78138219703	1200.66662597656
1589.91135490107	1072
1591.04114224069	993.333312988281
1592.17074424946	937.666687011719
1593.30016096091	909.333312988281
1594.4293924086	893.333312988281
1595.55843862605	882.666687011719
1596.68729964679	876
1597.81597550434	871
1598.94446623221	865
1600.07277186392	862
1601.20089243294	856.666687011719
1602.32882797279	855.333312988281
1603.45657851692	855.333312988281
1604.58414409882	854
1605.71152475196	852.333312988281
1606.83872050978	852.333312988281
1607.96573140575	852.333312988281
1609.09255747331	849
1610.2191987459	849.333312988281
1611.34565525693	847
1612.47192703984	852.333312988281
1613.59801412803	848.666687011719
1614.72391655491	851.666687011719
1615.84963435389	848.666687011719
1616.97516755835	846.666687011719
1618.10051620167	846.666687011719
1619.22568031722	849.333312988281
1620.35065993839	847
1621.47545509852	848.666687011719
1622.60006583098	847.666687011719
1623.7244921691	847
1624.84873414623	848
1625.97279179569	847.333312988281
1627.09666515081	846.333312988281
1628.2203542449	846.666687011719
1629.34385911127	847
1630.46717978322	846.333312988281
1631.59031629405	845.666687011719
1632.71326867703	843.666687011719
1633.83603696546	846.333312988281
1634.95862119259	845
1636.08102139169	845
1637.20323759601	844
1638.32526983881	847
1639.44711815332	843.666687011719
1640.56878257278	845.333312988281
1641.6902631304	845.333312988281
1642.81155985942	842.333312988281
1643.93267279303	845
1645.05360196445	842.333312988281
1646.17434740686	845
1647.29490915345	845.666687011719
1648.41528723741	845
1649.53548169191	846
1650.65549255012	844.333312988281
1651.77531984518	844.333312988281
1652.89496361026	844
1654.01442387848	842.666687011719
1655.133700683	843.666687011719
1656.25279405694	846.666687011719
1657.37170403341	843.333312988281
1658.49043064553	844.666687011719
1659.60897392641	845
1660.72733390915	843
1661.84551062683	841.666687011719
1662.96350411254	843.666687011719
1664.08131439936	844.333312988281
1665.19894152034	845.666687011719
1666.31638550856	843.333312988281
1667.43364639706	843.666687011719
1668.55072421891	843.333312988281
1669.66761900711	842
1670.78433079473	843.333312988281
1671.90085961477	842.666687011719
1673.01720550025	844.666687011719
1674.13336848418	845.333312988281
1675.24934859957	844
1676.3651458794	845.666687011719
1677.48076035666	842.666687011719
1678.59619206433	842.666687011719
1679.71144103539	843
1680.8265073028	843.333312988281
1681.94139089951	845.333312988281
1683.05609185847	845.666687011719
1684.17061021263	843.666687011719
1685.28494599492	847
1686.39909923827	843.333312988281
1687.51306997559	844.666687011719
1688.62685823981	841.666687011719
1689.74046406382	843.666687011719
1690.85388748052	843.333312988281
1691.96712852281	845.333312988281
1693.08018722356	843.333312988281
1694.19306361564	846
1695.30575773194	842.333312988281
1696.41826960531	843.333312988281
1697.5305992686	843
1698.64274675465	842.333312988281
1699.75471209631	842.333312988281
1700.86649532642	842
1701.97809647778	842.333312988281
1703.08951558321	843.666687011719
1704.20075267554	844.333312988281
1705.31180778755	846
1706.42268095205	842
1707.53337220181	843.666687011719
1708.64388156962	843.333312988281
1709.75420908825	845.666687011719
1710.86435479047	844.333312988281
1711.97431870903	843.333312988281
1713.08410087668	843.333312988281
1714.19370132617	842.333312988281
1715.30312009023	843.666687011719
1716.41235720158	848.333312988281
1717.52141269295	845
1718.63028659706	845
1719.73897894661	843.666687011719
1720.84748977429	844
1721.9558191128	843
1723.06396699482	844.666687011719
1724.17193345303	843
1725.2797185201	843.333312988281
1726.38732222869	846.333312988281
1727.49474461145	841.666687011719
1728.60198570104	842.666687011719
1729.70904553008	845.333312988281
1730.81592413122	843
1731.92262153708	845.333312988281
1733.02913778027	844
1734.13547289342	843
1735.24162690912	843
1736.34759985996	843
1737.45339177854	843.666687011719
1738.55900269743	842
1739.66443264922	844
1740.76968166647	846.666687011719
1741.87474978174	842.666687011719
1742.97963702757	843.333312988281
1744.08434343652	843.333312988281
1745.18886904113	844.333312988281
1746.29321387391	842.666687011719
1747.39737796741	841.666687011719
1748.50136135412	844
1749.60516406657	842.666687011719
1750.70878613725	841.333312988281
1751.81222759865	842.666687011719
1752.91548848327	843.666687011719
1754.01856882358	843
1755.12146865205	842
1756.22418800115	843
1757.32672690333	843.666687011719
1758.42908539106	844.666687011719
1759.53126349676	842.666687011719
1760.63326125288	843.666687011719
1761.73507869184	845.666687011719
1762.83671584607	842.666687011719
1763.93817274797	845.333312988281
1765.03944942997	843.666687011719
1766.14054592445	844.666687011719
1767.2414622638	845
1768.34219848042	842
1769.44275460668	842
1770.54313067495	842.666687011719
1771.6433267176	843
1772.74334276697	846
1773.84317885542	843.333312988281
1774.9428350153	845
1776.04231127892	843.333312988281
1777.14160767864	843
1778.24072424675	842.666687011719
1779.33966101558	842
1780.43841801742	843.333312988281
1781.53699528459	842.666687011719
1782.63539284936	844.333312988281
1783.73361074403	844.333312988281
1784.83164900086	845
1785.92950765214	847.666687011719
1787.02718673012	843.333312988281
1788.12468626705	842.333312988281
1789.22200629518	842.666687011719
1790.31914684676	843.666687011719
1791.41610795402	844
1792.51288964918	842
1793.60949196446	842.666687011719
1794.70591493207	843
1795.80215858423	841.666687011719
1796.89822295312	840.666687011719
1797.99410807093	842.666687011719
1799.08981396985	842.666687011719
1800.18534068207	841
1801.28068823973	844
1802.375856675	844.333312988281
1803.47084602005	841.333312988281
1804.56565630701	843
1805.66028756802	842.333312988281
1806.75473983523	842.333312988281
1807.84901314074	841.333312988281
1808.9431075167	842
1810.03702299519	843
1811.13075960833	841.333312988281
1812.22431738821	842.666687011719
1813.31769636693	841.666687011719
1814.41089657656	843
1815.50391804919	842
1816.59676081688	843
1817.68942491168	840.333312988281
1818.78191036567	844
1819.87421721087	842.666687011719
1820.96634547933	841
1822.05829520309	843
1823.15006641417	845.333312988281
1824.24165914458	841.333312988281
1825.33307342635	842.666687011719
1826.42430929146	842.666687011719
1827.51536677193	843.666687011719
1828.60624589973	841.333312988281
1829.69694670686	844.666687011719
1830.78746922528	840.666687011719
1831.87781348696	841.333312988281
1832.96797952388	841.666687011719
1834.05796736797	842.666687011719
1835.14777705119	843
1836.23740860548	841.333312988281
1837.32686206276	841
1838.41613745497	841.333312988281
1839.50523481403	842.666687011719
1840.59415417184	844
1841.68289556031	841.666687011719
1842.77145901133	844
1843.8598445568	842
1844.94805222861	843.666687011719
1846.03608205861	841.666687011719
1847.12393407869	844.333312988281
1848.21160832071	843.333312988281
1849.29910481652	842.333312988281
1850.38642359796	842
1851.47356469689	845
1852.56052814512	845
1853.64731397449	843.333312988281
1854.73392221683	844
1855.82035290392	843.333312988281
1856.9066060676	843.666687011719
1857.99268173964	843
1859.07857995185	843
1860.164300736	842.666687011719
1861.24984412388	842.666687011719
1862.33521014725	844
1863.42039883788	843.333312988281
1864.50541022752	843
1865.59024434791	843.666687011719
1866.67490123081	844
1867.75938090794	845.333312988281
1868.84368341104	843
1869.92780877182	844.666687011719
1871.01175702199	844.333312988281
1872.09552819327	843.333312988281
1873.17912231734	843.333312988281
1874.26253942592	841.333312988281
1875.34577955067	841.666687011719
1876.42884272328	843.666687011719
1877.51172897541	842
1878.59443833873	843.666687011719
1879.67697084491	843.666687011719
1880.75932652558	843.666687011719
1881.84150541239	843
1882.92350753698	846.666687011719
1884.00533293097	844
1885.08698162599	843.666687011719
1886.16845365366	842.333312988281
1887.24974904557	844.666687011719
1888.33086783333	844
1889.41181004854	841.666687011719
1890.49257572278	844
1891.57316488763	843.666687011719
1892.65357757466	842
1893.73381381543	843.333312988281
1894.81387364152	843.666687011719
1895.89375708447	842
1896.97346417582	844.333312988281
1898.05299494711	842.666687011719
1899.13234942987	842.333312988281
1900.21152765563	842.666687011719
1901.29052965589	844
1902.36935546219	841
1903.448005106	845
1904.52647861884	843.666687011719
1905.60477603218	845
1906.68289737752	842
1907.76084268632	841.666687011719
1908.83861199005	842.666687011719
1909.91620532018	845
1910.99362270815	842.666687011719
1912.07086418542	844
1913.14792978343	844.666687011719
1914.2248195336	842.666687011719
1915.30153346737	843.333312988281
1916.37807161614	844
1917.45443401134	846
1918.53062068437	842
1919.60663166663	844
1920.68246698951	843.333312988281
1921.75812668439	845.333312988281
1922.83361078265	844
1923.90891931567	845.333312988281
1924.98405231479	843
1926.05900981139	841
1927.1337918368	842
1928.20839842238	843
1929.28282959945	842.666687011719
1930.35708539936	844.333312988281
1931.4311658534	842.666687011719
1932.50507099292	843.333312988281
1933.5788008492	841.333312988281
1934.65235545356	842.666687011719
1935.72573483728	844.333312988281
1936.79893903166	843.333312988281
1937.87196806797	843.666687011719
1938.94482197748	843
1940.01750079147	844.666687011719
1941.09000454119	843.333312988281
1942.16233325789	841.666687011719
1943.23448697283	843.666687011719
1944.30646571723	845
1945.37826952233	843.333312988281
1946.44989841936	845
1947.52135243954	842.666687011719
1948.59263161406	845.333312988281
1949.66373597415	842.333312988281
1950.73466555099	841.333312988281
1951.80542037578	843.666687011719
1952.8760004797	842.666687011719
1953.94640589393	844.333312988281
1955.01663664963	844.333312988281
1956.08669277797	844.666687011719
1957.1565743101	841.666687011719
1958.22628127718	842.333312988281
1959.29581371034	843
1960.36517164073	843.333312988281
1961.43435509946	843.666687011719
1962.50336411767	842.333312988281
1963.57219872646	844.666687011719
1964.64085895694	845
1965.70934484022	842.333312988281
1966.77765640739	841.666687011719
1967.84579368953	846
1968.91375671773	844.333312988281
1969.98154552306	844.666687011719
1971.04916013658	845.333312988281
1972.11660058936	842.333312988281
1973.18386691245	843.666687011719
1974.25095913689	843.666687011719
1975.31787729373	844.333312988281
1976.38462141399	844.333312988281
1977.45119152871	843.333312988281
1978.51758766889	843
1979.58380986556	845.333312988281
1980.64985814971	845.333312988281
1981.71573255234	843.666687011719
1982.78143310445	843.333312988281
1983.84695983703	843.666687011719
1984.91231278104	843.666687011719
1985.97749196746	843.666687011719
1987.04249742725	844.666687011719
1988.10732919137	842.666687011719
1989.17198729078	844.333312988281
1990.2364717564	844.666687011719
1991.30078261919	844.333312988281
1992.36491991007	845
1993.42888365996	843
1994.49267389977	846.333312988281
1995.55629066043	842.333312988281
1996.61973397283	845
1997.68300386786	842.666687011719
1998.74610037642	843.333312988281
1999.80902352939	844
2000.87177335764	844
2001.93434989204	843.666687011719
2002.99675316346	844.333312988281
2004.05898320274	842.333312988281
2005.12104004074	845
2006.1829237083	846
2007.24463423625	842
2008.30617165542	845.333312988281
2009.36753599663	843.333312988281
2010.4287272907	843.333312988281
2011.48974556843	845.666687011719
2012.55059086062	844
2013.61126319807	844.666687011719
2014.67176261156	842.333312988281
2015.73208913188	843.666687011719
2016.79224278979	844.333312988281
2017.85222361607	845.333312988281
2018.91203164148	844
2019.97166689676	843
2021.03112941266	844
2022.09041921993	844.333312988281
2023.1495363493	842
2024.20848083148	841.666687011719
2025.26725269721	842
2026.3258519772	844
2027.38427870214	843.666687011719
2028.44253290275	843.333312988281
2029.5006146097	844.333312988281
2030.5585238537	844.666687011719
2031.61626066541	843.666687011719
2032.67382507551	842.666687011719
2033.73121711466	842.333312988281
2034.78843681353	845.333312988281
2035.84548420276	844.666687011719
2036.902359313	842.666687011719
2037.95906217489	844.333312988281
2039.01559281905	844.333312988281
2040.07195127613	843.666687011719
2041.12813757672	841.333312988281
2042.18415175145	841.666687011719
2043.23999383092	843
2044.29566384573	842.333312988281
2045.35116182646	843
2046.40648780371	842.333312988281
2047.46164180805	843
2048.51662387005	844.666687011719
2049.57143402028	841.666687011719
2050.62607228929	842.333312988281
2051.68053870764	841.333312988281
2052.73483330587	843
2053.78895611451	842
2054.84290716411	843
2055.89668648518	843.666687011719
2056.95029410824	842.666687011719
2058.00373006379	842
2059.05699438236	844
2060.11008709443	844.666687011719
2061.16300823049	842.666687011719
2062.21575782102	841
2063.26833589652	842.666687011719
2064.32074248743	841.333312988281
2065.37297762424	840.666687011719
2066.42504133739	843.666687011719
2067.47693365735	843.333312988281
2068.52865461454	843.333312988281
2069.58020423941	841.666687011719
2070.63158256239	842.666687011719
2071.68278961391	842.333312988281
2072.73382542437	841.666687011719
2073.7846900242	842.333312988281
2074.83538344379	843.333312988281
2075.88590571355	845
2076.93625686386	844
2077.9864369251	843.333312988281
2079.03644592766	840.666687011719
2080.0862839019	841.333312988281
2081.13595087819	842.333312988281
2082.18544688689	842.333312988281
2083.23477195835	843
2084.2839261229	841.666687011719
2085.3329094109	842.666687011719
2086.38172185266	842
2087.43036347851	842.333312988281
2088.47883431878	841.666687011719
2089.52713440377	843.333312988281
2090.57526376378	842.333312988281
2091.62322242911	844
2092.67101043006	843.333312988281
2093.71862779691	842
2094.76607455994	842
2095.81335074941	843
2096.86045639559	843
2097.90739152874	844.333312988281
2098.95415617911	842
2100.00075037694	842.666687011719
2101.04717415248	842
2102.09342753595	843.333312988281
2103.13951055758	841.666687011719
2104.18542324758	841.666687011719
2105.23116563618	843.666687011719
2106.27673775356	842
2107.32213962994	844
2108.3673712955	839.666687011719
2109.41243278042	843
2110.4573241149	841.666687011719
2111.50204532908	843
2112.54659645316	842.333312988281
2113.59097751727	840.333312988281
2114.63518855158	842
2115.67922958622	842
2116.72310065135	843.666687011719
2117.76680177708	841.666687011719
2118.81033299355	842
2119.85369433087	842.666687011719
2120.89688581917	843.666687011719
2121.93990748853	843
2122.98275936907	844
2124.02544149087	844
2125.06795388403	842.666687011719
2126.11029657861	841
2127.1524696047	841.666687011719
2128.19447299236	842
2129.23630677165	843.333312988281
2130.27797097263	842.666687011719
2131.31946562534	844.666687011719
2132.36079075981	843
2133.40194640609	843
2134.4429325942	842.666687011719
2135.48374935417	844
2136.524396716	844.666687011719
2137.5648747097	841
2138.60518336528	842
2139.64532271273	843
2140.68529278203	844
2141.72509360318	841.666687011719
2142.76472520613	842.666687011719
2143.80418762087	844.333312988281
2144.84348087734	841.666687011719
2145.88260500552	841
2146.92156003534	843
2147.96034599675	842.666687011719
2148.99896291968	840.333312988281
2150.03741083407	843
2151.07568976983	843
2152.11379975688	840.666687011719
2153.15174082513	843
2154.18951300449	842.333312988281
2155.22711632484	841.666687011719
2156.26455081609	842
2157.3018165081	842.333312988281
2158.33891343077	843.333312988281
2159.37584161395	844
2160.41260108752	843.333312988281
2161.44919188133	845.333312988281
2162.48561402524	841.333312988281
2163.52186754907	841.666687011719
2164.55795248268	844
2165.5938688559	845.333312988281
2166.62961669854	842.333312988281
2167.66519604043	843
2168.70060691139	843.666687011719
2169.7358493412	843
2170.77092335968	845
2171.80582899662	843
2172.8405662818	841.333312988281
2173.875135245	840.666687011719
2174.90953591599	843
2175.94376832454	844.333312988281
2176.97783250042	842.666687011719
2178.01172847336	845
2179.04545627313	842.666687011719
2180.07901592946	843.333312988281
2181.11240747208	844.333312988281
2182.14563093072	843
2183.17868633511	843.333312988281
2184.21157371496	843
2185.24429309997	844.333312988281
2186.27684451984	842
2187.30922800429	842.333312988281
2188.34144358298	842.666687011719
2189.3734912856	842.333312988281
2190.40537114184	845
2191.43708318135	843.666687011719
2192.46862743381	842.333312988281
2193.50000392886	842
2194.53121269616	842
2195.56225376535	843.333312988281
2196.59312716608	842.666687011719
2197.62383292796	844
2198.65437108062	844
2199.68474165369	843.666687011719
2200.71494467676	842.333312988281
2201.74498017946	843.666687011719
2202.77484819137	843.333312988281
2203.80454874209	844.666687011719
2204.8340818612	841.666687011719
2205.86344757828	844
2206.89264592291	844.333312988281
2207.92167692466	844.333312988281
2208.95054061307	844.333312988281
2209.97923701771	844.666687011719
2211.00776616812	841
2212.03612809384	844.333312988281
2213.06432282441	843
2214.09235038935	843.666687011719
2215.1202108182	844
2216.14790414045	843
2217.17543038562	843.333312988281
2218.20278958321	842.666687011719
2219.22998176272	843.666687011719
2220.25700695364	845.333312988281
2221.28386518545	844.333312988281
2222.31055648763	844.333312988281
2223.33708088964	845.666687011719
2224.36343842095	843
2225.38962911102	843
2226.41565298929	841.333312988281
2227.44151008522	845.666687011719
2228.46720042825	843.333312988281
2229.4927240478	843
2230.51808097329	843
2231.54327123415	842.333312988281
2232.5682948598	841.333312988281
2233.59315187963	844.333312988281
2234.61784232304	841.333312988281
2235.64236621944	842
2236.66672359821	845.666687011719
2237.69091448872	844.333312988281
2238.71493892035	846.666687011719
2239.73879692248	844
2240.76248852446	844.333312988281
2241.78601375565	844
2242.80937264539	845.666687011719
2243.83256522303	844.666687011719
2244.85559151791	843
2245.87845155935	843
2246.90114537669	846
2247.92367299922	843
2248.94603445628	844.666687011719
2249.96822977716	844
2250.99025899115	842
2252.01212212756	846
2253.03381921566	843.333312988281
2254.05535028474	844.666687011719
2255.07671536407	841.666687011719
2256.09791448292	843.333312988281
2257.11894767054	843
2258.13981495619	842.666687011719
2259.16051636911	844
2260.18105193855	842.333312988281
2261.20142169375	842.666687011719
2262.22162566392	844.666687011719
2263.2416638783	845
2264.2615363661	844
2265.28124315652	846
2266.30078427877	843.666687011719
2267.32015976206	842.333312988281
2268.33936963556	843.666687011719
2269.35841392846	844.333312988281
2270.37729266995	843
2271.39600588918	841.666687011719
2272.41455361533	843.666687011719
2273.43293587756	844
2274.45115270502	844.666687011719
2275.46920412686	841.666687011719
2276.4870901722	844
2277.5048108702	843.666687011719
2278.52236624997	843
2279.53975634064	843.333312988281
2280.55698117133	843
2281.57404077113	842.333312988281
2282.59093516916	846.333312988281
2283.60766439451	844.333312988281
2284.62422847626	844.333312988281
2285.64062744351	843
2286.65686132532	845
2287.67293015078	842.666687011719
2288.68883394894	841.666687011719
2289.70457274886	844
2290.7201465796	844.333312988281
2291.7355554702	846
2292.7507994497	844
2293.76587854713	842
2294.78079279152	845.333312988281
2295.79554221189	845.333312988281
2296.81012683726	843.333312988281
2297.82454669663	844.333312988281
2298.838801819	844.666687011719
2299.85289223338	841.666687011719
2300.86681796874	844.666687011719
2301.88057905408	845
2302.89417551837	844.666687011719
2303.90760739057	844.333312988281
2304.92087469967	845.333312988281
2305.9339774746	844
2306.94691574433	842.333312988281
2307.9596895378	844.666687011719
2308.97229888394	842.666687011719
2309.9847438117	845
2310.99702435	842.333312988281
2312.00914052776	843.333312988281
2313.02109237388	842
2314.0328799173	844
2315.0445031869	844.333312988281
2316.05596221157	844
2317.06725702022	842.333312988281
2318.07838764171	844.666687011719
2319.08935410494	844.666687011719
2320.10015643876	844
2321.11079467205	843.666687011719
2322.12126883366	845
2323.13157895245	845.666687011719
2324.14172505725	841.666687011719
2325.15170717692	843.333312988281
2326.16152534028	843
2327.17117957616	846.333312988281
2328.18066991338	844.666687011719
2329.18999638076	845
2330.1991590071	842
2331.20815782121	844.333312988281
2332.21699285188	844.666687011719
2333.22566412791	845
2334.23417167807	844
2335.24251553115	843.333312988281
2336.25069571591	842.666687011719
2337.25871226112	844.666687011719
2338.26656519555	844
2339.27425454793	845.333312988281
2340.28178034703	845
2341.28914262158	843
2342.2963414003	846.333312988281
2343.30337671194	844
2344.31024858522	844.666687011719
2345.31695704884	844.333312988281
2346.32350213153	845.333312988281
2347.32988386197	844.666687011719
2348.33610226888	843
2349.34215738093	844.666687011719
2350.34804922682	846.333312988281
2351.35377783523	842.333312988281
2352.35934323481	842.666687011719
2353.36474545426	842.666687011719
2354.36998452221	847.666687011719
2355.37506046733	846
2356.37997331827	845.666687011719
2357.38472310366	844
2358.38930985214	846
2359.39373359234	843
2360.39799435289	844
2361.40209216239	845
2362.40602704947	846
2363.40979904272	844
2364.41340817075	842
2365.41685446215	845.666687011719
2366.4201379455	843.666687011719
2367.42325864938	845
2368.42621660237	847
2369.42901183303	845.333312988281
2370.43164436994	844
2371.43411424163	846
2372.43642147667	844.666687011719
2373.43856610359	842.666687011719
2374.44054815093	844.333312988281
2375.44236764723	844.333312988281
2376.44402462101	845
2377.44551910078	845
2378.44685111506	844.333312988281
2379.44802069236	843.666687011719
2380.44902786118	846
2381.44987265	847.333312988281
2382.45055508733	844.333312988281
2383.45107520164	847
2384.4514330214	847.333312988281
2385.45162857509	843.333312988281
2386.45166189117	845
2387.4515329981	844
2388.45124192433	846
2389.45078869831	844
2390.45017334847	841.666687011719
2391.44939590325	844.666687011719
2392.44845639107	846.666687011719
2393.44735484036	843.666687011719
2394.44609127953	843.666687011719
2395.44466573698	844
2396.44307824114	847
2397.44132882037	844.666687011719
2398.4394175031	846.333312988281
2399.43734431768	845
2400.4351092925	845.333312988281
2401.43271245594	845
2402.43015383637	846
2403.42743346213	845.666687011719
2404.42455136158	845.666687011719
2405.42150756309	845.666687011719
2406.41830209497	844.666687011719
2407.41493498558	845.333312988281
2408.41140626323	846
2409.40771595626	843.333312988281
2410.40386409299	846.666687011719
2411.39985070171	845.666687011719
2412.39567581075	844.333312988281
2413.39133944839	846.666687011719
2414.38684164293	847.666687011719
2415.38218242267	847.666687011719
2416.37736181587	844
2417.37237985082	846
2418.36723655578	847.666687011719
2419.36193195902	845.333312988281
2420.3564660888	844.666687011719
2421.35083897336	845.333312988281
2422.34505064095	844.666687011719
2423.33910111981	846.666687011719
2424.33299043818	849.333312988281
2425.32671862427	845.333312988281
2426.32028570631	845.666687011719
2427.31369171252	845.666687011719
2428.3069366711	847.666687011719
2429.30002061025	848
2430.29294355818	848
2431.28570554307	846.333312988281
2432.2783065931	847
2433.27074673647	846
2434.26302600133	849
2435.25514441586	846.666687011719
2436.24710200821	848.666687011719
2437.23889880654	847
2438.23053483901	846.666687011719
2439.22201013374	848.666687011719
2440.21332471888	850.333312988281
2441.20447862255	850
2442.19547187289	851.333312988281
2443.18630449801	853.333312988281
2444.17697652602	852.333312988281
2445.16748798503	854
2446.15783890314	856.666687011719
2447.14802930844	855
2448.13805922902	856.333312988281
2449.12792869297	857
2450.11763772835	857.333312988281
2451.10718636325	857
2452.09657462572	854.666687011719
2453.08580254383	855
2454.07487014561	855.666687011719
2455.06377745914	857
2456.05252451243	857.666687011719
2457.04111133353	855.666687011719
2458.02953795047	858
2459.01780439126	856.666687011719
2460.00591068392	857
2460.99385685647	855.333312988281
2461.98164293691	856.666687011719
2462.96926895323	854.666687011719
2463.95673493344	857.333312988281
2464.9440409055	855.666687011719
2465.93118689742	854.666687011719
2466.91817293715	854.666687011719
2467.90499905268	854.333312988281
2468.89166527195	854.666687011719
2469.87817162294	854
2470.86451813358	855
2471.85070483183	854.666687011719
2472.83673174562	855.333312988281
2473.82259890289	853
2474.80830633156	852.666687011719
2475.79385405955	853.333312988281
2476.77924211478	849.666687011719
2477.76447052516	854
2478.74953931858	850
2479.73444852296	849.333312988281
2480.71919816617	851
2481.70378827611	851.333312988281
2482.68821888065	853
2483.67249000766	851.666687011719
2484.65660168502	850.666687011719
2485.64055394059	850.333312988281
2486.62434680221	850.333312988281
2487.60798029775	850.333312988281
2488.59145445503	851.333312988281
2489.57476930191	850
2490.55792486621	850
2491.54092117576	850.333312988281
2492.52375825838	851.333312988281
2493.50643614189	851
2494.48895485408	851
2495.47131442277	852.333312988281
2496.45351487574	849
2497.43555624079	850.666687011719
2498.41743854571	851.333312988281
2499.39916181827	852.666687011719
2500.38072608625	850
2501.3621313774	851.666687011719
2502.3433777195	848.333312988281
2503.32446514029	851.333312988281
2504.30539366754	853
2505.28616332896	850.666687011719
2506.26677415232	850
2507.24722616533	846.666687011719
2508.22751939572	848
2509.20765387122	852.666687011719
2510.18762961953	849
2511.16744666836	847.666687011719
2512.14710504542	849
2513.12660477839	850.333312988281
2514.10594589498	850
2515.08512842286	849.666687011719
2516.06415238971	849.666687011719
2517.04301782321	848.666687011719
2518.02172475102	849.666687011719
2519.0002732008	850.333312988281
2519.9786632002	851.333312988281
2520.95689477688	849.666687011719
2521.93496795848	850.333312988281
2522.91288277263	850.666687011719
2523.89063924697	850
2524.86823740912	851
2525.8456772867	850.333312988281
2526.82295890731	848.666687011719
2527.80008229859	849.666687011719
2528.77704748811	850
2529.75385450349	849
2530.7305033723	848
2531.70699412213	847.666687011719
2532.68332678057	849.333312988281
2533.65950137518	849.333312988281
2534.63551793353	852
2535.61137648318	847.333312988281
2536.58707705169	850
2537.5626196666	847.666687011719
2538.53800435546	848.333312988281
2539.51323114581	850
2540.48830006517	850
2541.46321114107	850.333312988281
2542.43796440104	849.333312988281
2543.41255987258	848
2544.38699758321	848
2545.36127756042	852
2546.33539983172	847.666687011719
2547.30936442459	848.666687011719
2548.28317136652	851.666687011719
2549.25682068499	850.666687011719
2550.23031240746	850
2551.20364656141	848
2552.17682317431	850
2553.1498422736	849.333312988281
2554.12270388673	853
2555.09540804115	849.333312988281
2556.0679547643	848.666687011719
2557.0403440836	848.333312988281
2558.01257602649	849
2558.98465062039	849.666687011719
2559.95656789271	849
2560.92832787086	849.333312988281
2561.89993058224	849.666687011719
2562.87137605426	849.333312988281
2563.84266431429	849.333312988281
2564.81379538974	849.333312988281
2565.78476930797	849
2566.75558609637	847
2567.7262457823	849.666687011719
2568.69674839312	850.333312988281
2569.66709395619	850
2570.63728249886	848
2571.60731404848	846.333312988281
2572.57718863239	848
2573.54690627792	850
2574.51646701239	849.333312988281
2575.48587086314	850.333312988281
2576.45511785747	849.666687011719
2577.4242080227	846.333312988281
2578.39314138613	847.666687011719
2579.36191797506	849
2580.33053781679	852
2581.29900093859	849
2582.26730736776	852
2583.23545713157	850.333312988281
2584.20345025729	847.666687011719
2585.17128677218	849
2586.1389667035	847.333312988281
2587.1064900785	849.666687011719
2588.07385692444	847.333312988281
2589.04106726855	848.666687011719
2590.00812113807	848.666687011719
2590.97501856023	849
2591.94175956224	852
2592.90834417134	852
2593.87477241473	851
2594.84104431962	851.666687011719
2595.80715991321	850.666687011719
2596.7731192227	852.333312988281
2597.73892227527	847.333312988281
2598.70456909811	850.666687011719
2599.67005971839	847.666687011719
2600.63539416329	850.333312988281
2601.60057245998	851
2602.56559463562	851.666687011719
2603.53046071735	855
2604.49517073233	853
2605.45972470771	851.333312988281
2606.42412267062	853
2607.38836464819	853
2608.35245066755	852.333312988281
2609.31638075582	853.666687011719
2610.28015494012	852.333312988281
2611.24377324755	854.333312988281
2612.20723570521	851.666687011719
2613.17054234021	851.333312988281
2614.13369317964	852.333312988281
2615.09668825058	854.666687011719
2616.05952758012	853.333312988281
2617.02221119532	854.333312988281
2617.98473912326	852.666687011719
2618.947111391	853.666687011719
2619.9093280256	852.666687011719
2620.87138905411	856.666687011719
2621.83329450357	854.333312988281
2622.79504440103	859
2623.75663877352	856
2624.71807764808	859
2625.67936105171	855.666687011719
2626.64048901145	859
2627.6014615543	860.666687011719
2628.56227870727	856
2629.52294049736	856
2630.48344695157	860.333312988281
2631.44379809688	861
2632.40399396028	864.333312988281
2633.36403456875	863
2634.32391994925	867
2635.28365012876	867
2636.24322513423	866.333312988281
2637.20264499262	869
2638.16190973088	865.666687011719
2639.12101937595	868.666687011719
2640.07997395477	871.333312988281
2641.03877349428	871.666687011719
2641.9974180214	874
2642.95590756305	874.333312988281
2643.91424214614	877
2644.87242179759	876.666687011719
2645.8304465443	881
2646.78831641316	877.666687011719
2647.74603143108	879
2648.70359162494	874.333312988281
2649.66099702161	879.666687011719
2650.61824764798	879.333312988281
2651.57534353091	882.666687011719
2652.53228469727	882.333312988281
2653.48907117392	880.333312988281
2654.4457029877	881.666687011719
2655.40218016548	881
2656.35850273409	881.333312988281
2657.31467072036	879
2658.27068415112	878.666687011719
2659.22654305321	883.333312988281
2660.18224745343	885.666687011719
2661.13779737861	884
2662.09319285555	888.666687011719
2663.04843391105	888.666687011719
2664.00352057191	888.333312988281
2664.95845286492	898
2665.91323081686	896
2666.86785445452	898
2667.82232380467	905.333312988281
2668.77663889408	904.333312988281
2669.7307997495	907
2670.6848063977	903.666687011719
2671.63865886543	913.666687011719
2672.59235717944	916
2673.54590136646	920
2674.49929145323	925.333312988281
2675.45252746647	928
2676.40560943292	938
2677.35853737928	934.666687011719
2678.31131133228	947.666687011719
2679.26393131861	948.666687011719
2680.21639736498	953.666687011719
2681.16870949808	957.666687011719
2682.12086774461	957
2683.07287213124	956
2684.02472268467	957.666687011719
2684.97641943154	959.666687011719
2685.92796239854	958
2686.87935161233	954.333312988281
2687.83058709957	955
2688.78166888689	955
2689.73259700095	955.333312988281
2690.68337146839	961
2691.63399231585	959
2692.58445956994	959
2693.53477325729	960.333312988281
2694.48493340452	959.666687011719
2695.43494003824	951.333312988281
2696.38479318505	954.666687011719
2697.33449287156	960.666687011719
2698.28403912435	960.666687011719
2699.23343197003	965
2700.18267143517	955.666687011719
2701.13175754635	958.333312988281
2702.08069033013	949.333312988281
2703.0294698131	953.333312988281
2703.97809602181	948
2704.92656898281	945
2705.87488872265	942.333312988281
2706.82305526788	935.333312988281
2707.77106864504	938.666687011719
2708.71892888066	942.666687011719
2709.66663600127	939.666687011719
2710.61419003339	935.666687011719
2711.56159100353	932.666687011719
2712.50883893821	930
2713.45593386394	934.666687011719
2714.4028758072	934.666687011719
2715.3496647945	927.666687011719
2716.29630085233	921.333312988281
2717.24278400717	917.666687011719
2718.18911428549	916.666687011719
2719.13529171377	909
2720.08131631847	908
2721.02718812607	904.666687011719
2721.97290716299	909.666687011719
2722.91847345571	907.666687011719
2723.86388703067	898.666687011719
2724.8091479143	893.333312988281
2725.75425613303	888.666687011719
2726.6992117133	884.666687011719
2727.64401468153	881
2728.58866506412	880.666687011719
2729.5331628875	878
2730.47750817807	876
2731.42170096223	876.333312988281
2732.36574126638	873
2733.3096291169	871
2734.25336454017	868.333312988281
2735.19694756257	865.666687011719
2736.14037821049	866.333312988281
2737.08365651027	861
2738.02678248829	862
2738.9697561709	861.666687011719
2739.91257758445	857.333312988281
2740.85524675529	859.333312988281
2741.79776370975	861.666687011719
2742.74012847417	860
2743.68234107487	859
2744.62440153819	855.666687011719
2745.56630989043	858.666687011719
2746.5080661579	858
2747.44967036693	857
2748.39112254379	855.666687011719
2749.3324227148	856.666687011719
2750.27357090623	855
2751.21456714439	854.333312988281
2752.15541145553	854.666687011719
2753.09610386594	856.333312988281
2754.03664440188	854.666687011719
2754.97703308962	858.333312988281
2755.91726995541	855
2756.8573550255	855.666687011719
2757.79728832614	853.666687011719
2758.73706988357	854.666687011719
2759.67669972403	854.333312988281
2760.61617787374	852.333312988281
2761.55550435893	854
2762.49467920581	853.333312988281
2763.4337024406	853
2764.3725740895	851.666687011719
2765.31129417873	850.666687011719
2766.24986273447	852
2767.18827978291	852
2768.12654535024	851.666687011719
2769.06465946265	851.666687011719
2770.0026221463	850.666687011719
2770.94043342736	849.666687011719
2771.878093332	851
2772.81560188638	851.333312988281
2773.75295911664	849.666687011719
2774.69016504895	853.666687011719
2775.62721970942	852
2776.56412312421	853.333312988281
2777.50087531945	850
2778.43747632125	851.666687011719
2779.37392615575	849
2780.31022484905	851.666687011719
2781.24637242726	851
2782.18236891649	849.666687011719
2783.11821434284	850.666687011719
2784.05390873239	851
2784.98945211124	851.666687011719
2785.92484450546	849
2786.86008594114	848.333312988281
2787.79517644434	851.666687011719
2788.73011604113	848.666687011719
2789.66490475757	852
2790.59954261971	853
2791.53402965361	851
2792.4683658853	849
2793.40255134083	851.333312988281
2794.33658604623	849
2795.27047002752	852.666687011719
2796.20420331073	850.666687011719
2797.13778592187	853
2798.07121788696	850.333312988281
2799.004499232	849.666687011719
2799.93762998299	854
2800.87061016593	847.666687011719
2801.8034398068	850
2802.7361189316	851.666687011719
2803.66864756629	850.333312988281
2804.60102573685	849.666687011719
2805.53325346925	850.666687011719
2806.46533078946	849.333312988281
2807.39725772342	852.333312988281
2808.3290342971	848.666687011719
2809.26066053643	849.666687011719
2810.19213646736	852
2811.12346211582	850
2812.05463750774	853
2812.98566266905	850.333312988281
2813.91653762567	850.333312988281
2814.84726240351	852
2815.77783702848	850.333312988281
2816.70826152648	853.333312988281
2817.63853592341	851
2818.56866024516	851.666687011719
2819.49863451762	852
2820.42845876667	851.333312988281
2821.35813301819	848.666687011719
2822.28765729804	851
2823.2170316321	852.666687011719
2824.14625604621	852.666687011719
2825.07533056625	854.333312988281
2826.00425521805	853
2826.93303002745	851.333312988281
2827.86165502031	851.333312988281
2828.79013022245	853.666687011719
2829.7184556597	849.666687011719
2830.64663135788	849.333312988281
2831.5746573428	851.333312988281
2832.50253364028	852
2833.43026027613	849
2834.35783727615	852.333312988281
2835.28526466613	853
2836.21254247186	850.333312988281
2837.13967071913	850.666687011719
2838.06664943371	850.666687011719
2838.99347864138	851.666687011719
2839.92015836791	849
2840.84668863907	853
2841.7730694806	852.333312988281
2842.69930091826	851.666687011719
2843.62538297781	852
2844.55131568498	851.666687011719
2845.4770990655	854.333312988281
2846.40273314511	851.333312988281
2847.32821794954	853
2848.25355350451	849
2849.17873983572	853
2850.1037769689	854.333312988281
2851.02866492974	854
2851.95340374395	852.666687011719
2852.87799343721	849.666687011719
2853.80243403522	852
2854.72672556366	850.666687011719
2855.65086804821	854.333312988281
2856.57486151453	852.333312988281
2857.49870598831	852
2858.42240149519	852.666687011719
2859.34594806085	853.333312988281
2860.26934571091	853
2861.19259447104	853.666687011719
2862.11569436687	856
2863.03864542404	852.333312988281
2863.96144766817	851
2864.88410112491	855.333312988281
2865.80660581985	856
2866.72896177862	852.666687011719
2867.65116902682	855.666687011719
2868.57322759006	856
2869.49513749393	853.333312988281
2870.41689876404	855
2871.33851142596	853.333312988281
2872.25997550528	853.333312988281
2873.18129102757	854.666687011719
2874.10245801841	854.333312988281
2875.02347650336	855.666687011719
2875.94434650799	855.333312988281
2876.86506805784	855.666687011719
2877.78564117848	856
2878.70606589544	856
2879.62634223425	854
2880.54647022048	856
2881.46644987962	853.666687011719
2882.38628123722	854
2883.30596431879	857
2884.22549914984	857.333312988281
