1205.5599911772	842.666687011719
1206.75301393864	844.333312988281
1207.94583983287	844
1209.13846889606	843.666687011719
1210.3309011644	842
1211.52313667407	842.666687011719
1212.71517546124	842.666687011719
1213.90701756207	842.666687011719
1215.09866301271	842
1216.29011184929	843.666687011719
1217.48136410796	842.333312988281
1218.67241982484	842.333312988281
1219.86327903604	841.666687011719
1221.05394177768	843.666687011719
1222.24440808585	842.666687011719
1223.43467799665	842.666687011719
1224.62475154616	843.666687011719
1225.81462877046	843
1227.00430970561	842.333312988281
1228.19379438767	843
1229.38308285269	844.333312988281
1230.57217513673	841.666687011719
1231.76107127579	839.666687011719
1232.94977130592	843
1234.13827526314	842.333312988281
1235.32658318344	843.333312988281
1236.51469510282	842
1237.70261105729	841.666687011719
1238.89033108283	844
1240.07785521541	841.666687011719
1241.26518349099	844.333312988281
1242.45231594553	842
1243.639252615	842
1244.82599353532	842
1246.01253874243	843
1247.19888827226	842.666687011719
1248.38504216072	843.666687011719
1249.57100044373	842
1250.75676315718	843
1251.94233033696	842.666687011719
1253.12770201896	843
1254.31287823906	843
1255.49785903312	842.666687011719
1256.682644437	844
1257.86723448654	841.333312988281
1259.05162921761	843
1260.23582866602	843.333312988281
1261.41983286761	842.666687011719
1262.60364185819	844
1263.78725567356	840.333312988281
1264.97067434954	842.666687011719
1266.15389792191	843
1267.33692642646	842.666687011719
1268.51975989897	843.333312988281
1269.7023983752	843.666687011719
1270.88484189091	842.333312988281
1272.06709048185	842.333312988281
1273.24914418377	841.666687011719
1274.43100303241	842
1275.61266706348	841.666687011719
1276.7941363127	843.333312988281
1277.9754108158	842.333312988281
1279.15649060846	842.333312988281
1280.33737572638	843.333312988281
1281.51806620525	841.666687011719
1282.69856208075	845.333312988281
1283.87886338854	844.333312988281
1285.05897016428	844.666687011719
1286.23888244363	843
1287.41860026223	842.333312988281
1288.59812365572	840
1289.77745265973	842.666687011719
1290.95658730986	840.666687011719
1292.13552764175	843.666687011719
1293.31427369098	841.666687011719
1294.49282549315	843.666687011719
1295.67118308386	842.666687011719
1296.84934649867	841
1298.02731577317	842.333312988281
1299.2050909429	841
1300.38267204343	843.333312988281
1301.5600591103	841.666687011719
1302.73725217905	841
1303.91425128521	843.666687011719
1305.09105646429	843.666687011719
1306.26766775182	841.666687011719
1307.4440851833	841.666687011719
1308.62030879422	842
1309.79633862006	842.333312988281
1310.97217469633	842.333312988281
1312.14781705847	842
1313.32326574196	842.333312988281
1314.49852078226	844
1315.6735822148	842
1316.84845007504	846.666687011719
1318.0231243984	843
1319.1976052203	843
1320.37189257616	842.666687011719
1321.54598650139	843.333312988281
1322.71988703138	844
1323.89359420153	841.666687011719
1325.06710804722	842.333312988281
1326.24042860381	843
1327.41355590669	841.333312988281
1328.5864899912	843
1329.75923089269	841.666687011719
1330.93177864651	843.666687011719
1332.10413328799	843.333312988281
1333.27629485246	842.333312988281
1334.44826337523	841.333312988281
1335.62003889161	844.333312988281
1336.79162143691	843.333312988281
1337.96301104641	841.666687011719
1339.1342077554	843
1340.30521159916	840.333312988281
1341.47602261295	841.333312988281
1342.64664083204	841.666687011719
1343.81706629167	841.666687011719
1344.98729902711	842.333312988281
1346.15733907356	842.333312988281
1347.32718646628	842
1348.49684124046	842.666687011719
1349.66630343134	842.666687011719
1350.83557307411	843.666687011719
1352.00465020397	844
1353.1735348561	841.333312988281
1354.34222706568	842.333312988281
1355.51072686789	842
1356.67903429789	843.666687011719
1357.84714939083	843.333312988281
1359.01507218186	842.666687011719
1360.18280270613	841.666687011719
1361.35034099875	843.333312988281
1362.51768709486	843.333312988281
1363.68484102956	843.666687011719
1364.85180283798	841.333312988281
1366.01857255519	842.333312988281
1367.1851502163	843
1368.35153585639	842.333312988281
1369.51772951053	842
1370.68373121378	842
1371.84954100122	843.666687011719
1373.01515890787	843.333312988281
1374.18058496881	842.333312988281
1375.34581921904	843.666687011719
1376.5108616936	844
1377.67571242751	842
1378.84037145579	844.666687011719
1380.00483881341	843
1381.1691145354	843.333312988281
1382.33319865672	842
1383.49709121237	840.333312988281
1384.6607922373	841.333312988281
1385.82430176648	842.666687011719
1386.98761983487	843.333312988281
1388.15074647741	844.333312988281
1389.31368172903	843.666687011719
1390.47642562468	844.333312988281
1391.63897819927	843.666687011719
1392.80133948771	843
1393.96350952492	843.666687011719
1395.12548834577	842.333312988281
1396.28727598518	842.666687011719
1397.44887247803	842.666687011719
1398.61027785917	842
1399.77149216348	842.333312988281
1400.93251542583	842.666687011719
1402.09334768105	843
1403.25398896399	842
1404.41443930949	844
1405.57469875237	842.666687011719
1406.73476732744	845
1407.89464506953	842.666687011719
1409.05433201342	842.333312988281
1410.21382819392	843
1411.37313364582	842.666687011719
1412.53224840388	843
1413.69117250288	842
1414.84990597758	842.666687011719
1416.00844886274	842.333312988281
1417.16680119311	842.666687011719
1418.32496300341	843
1419.48293432839	843
1420.64071520276	842
1421.79830566124	844
1422.95570573854	842.333312988281
1424.11291546935	843.666687011719
1425.26993488836	844
1426.42676403027	842
1427.58340292974	843.333312988281
1428.73985162144	845.666687011719
1429.89611014002	843.333312988281
1431.05217852015	843
1432.20805679646	843.333312988281
1433.36374500359	845
1434.51924317617	844
1435.67455134881	842.333312988281
1436.82966955613	843.666687011719
1437.98459783273	844.333312988281
1439.13933621321	843.333312988281
1440.29388473215	842.666687011719
1441.44824342414	842
1442.60241232375	842
1443.75639146553	842.666687011719
1444.91018088405	844.333312988281
1446.06378061386	843.666687011719
1447.21719068949	843
1448.37041114548	843
1449.52344201635	846.333312988281
1450.67628333663	843
1451.82893514081	843
1452.9813974634	842
1454.13367033889	844.666687011719
1455.28575380178	847.333312988281
1456.43764788652	842
1457.58935262761	843
1458.74086805949	843.666687011719
1459.89219421662	843.666687011719
1461.04333113344	844.333312988281
1462.1942788444	843.666687011719
1463.34503738393	842.333312988281
1464.49560678644	844
1465.64598708636	843.333312988281
1466.79617831808	844.333312988281
1467.94618051601	843.333312988281
1469.09599371453	842.666687011719
1470.24561794804	843.333312988281
1471.3950532509	844.666687011719
1472.54429965749	842
1473.69335720216	844
1474.84222591927	844
1475.99090584315	845.666687011719
1477.13939700816	842.333312988281
1478.2876994486	842
1479.4358131988	844.333312988281
1480.58373829309	845.333312988281
1481.73147476575	846
1482.8790226511	845.666687011719
1484.0263819834	845
1485.17355279696	843.333312988281
1486.32053512604	845.333312988281
1487.46732900491	846
1488.61393446782	844.333312988281
1489.76035154904	845.333312988281
1490.90658028278	843.333312988281
1492.0526207033	845.333312988281
1493.19847284482	843.666687011719
1494.34413674156	845.666687011719
1495.48961242773	844.333312988281
1496.63489993753	844.333312988281
1497.77999930516	845.333312988281
1498.9249105648	844.333312988281
1500.06963375064	846.333312988281
1501.21416889685	845.666687011719
1502.35851603759	844.666687011719
1503.50267520703	845.333312988281
1504.6466464393	845.333312988281
1505.79042976854	846.333312988281
1506.9340252289	845.666687011719
1508.0774328545	846.333312988281
1509.22065267946	843
1510.36368473788	846.333312988281
1511.50652906387	849.333312988281
1512.64918569152	853
1513.79165465492	846.333312988281
1514.93393598815	845.666687011719
1516.07602972528	843.333312988281
1517.21793590037	846
1518.35965454748	846.333312988281
1519.50118570066	846.666687011719
1520.64252939395	845
1521.78368566137	847
1522.92465453696	846
1524.06543605473	845
1525.2060302487	847.333312988281
1526.34643715286	848.333312988281
1527.4866568012	849
1528.62668922771	848.666687011719
1529.76653446638	847
1530.90619255116	847.333312988281
1532.04566351604	847.333312988281
1533.18494739495	846.333312988281
1534.32404422185	847.666687011719
1535.46295403068	848.666687011719
1536.60167685536	848.333312988281
1537.74021272983	848.666687011719
1538.87856168801	847
1540.01672376379	849
1541.15469899108	851.666687011719
1542.29248740378	851.666687011719
1543.43008903576	849.333312988281
1544.56750392092	849.333312988281
1545.70473209312	851.333312988281
1546.84177358622	851.666687011719
1547.97862843408	850.666687011719
1549.11529667053	854
1550.25177832944	853.666687011719
1551.38807344462	855.333312988281
1552.52418204991	858
1553.66010417911	856.666687011719
1554.79583986604	859.333312988281
1555.9313891445	858.333312988281
1557.06675204828	862.666687011719
1558.20192861117	862
1559.33691886695	866.333312988281
1560.47172284938	867.333312988281
1561.60634059224	868.333312988281
1562.74077212927	873.333312988281
1563.87501749423	875
1565.00907672085	877
1566.14294984286	883.666687011719
1567.276636894	888.333312988281
1568.41013790798	898.666687011719
1569.54345291851	912.333312988281
1570.67658195929	909.666687011719
1571.80952506401	922.666687011719
1572.94228226636	934.333312988281
1574.07485360003	963
1575.20723909867	983.333312988281
1576.33943879597	1012.33331298828
1577.47145272556	1042
1578.60328092111	1082.33337402344
1579.73492341624	1092.66662597656
1580.86638024461	1114
1581.99765143982	1120.33337402344
1583.1287370355	1099.66662597656
1584.25963706526	1091.66662597656
1585.3903515627	1054.66662597656
1586.52088056141	1028.33337402344
1587.651224095	996.333312988281
1588.78138219703	979
1589.91135490107	959
1591.04114224069	941.666687011719
1592.17074424946	922.666687011719
1593.30016096091	909
1594.4293924086	895.666687011719
1595.55843862605	891.333312988281
1596.68729964679	884.666687011719
1597.81597550434	877
1598.94446623221	877.666687011719
1600.07277186392	869.666687011719
1601.20089243294	868
1602.32882797279	866.333312988281
1603.45657851692	863
1604.58414409882	862.333312988281
1605.71152475196	860.666687011719
1606.83872050978	859
1607.96573140575	860.666687011719
1609.09255747331	859.333312988281
1610.2191987459	855
1611.34565525693	852.666687011719
1612.47192703984	853.666687011719
1613.59801412803	854.333312988281
1614.72391655491	856
1615.84963435389	852.666687011719
1616.97516755835	849.666687011719
1618.10051620167	850.333312988281
1619.22568031722	850.333312988281
1620.35065993839	851
1621.47545509852	849
1622.60006583098	848.333312988281
1623.7244921691	846.333312988281
1624.84873414623	847.666687011719
1625.97279179569	850
1627.09666515081	850.666687011719
1628.2203542449	850.333312988281
1629.34385911127	847.333312988281
1630.46717978322	847.666687011719
1631.59031629405	847.666687011719
1632.71326867703	846.333312988281
1633.83603696546	849.333312988281
1634.95862119259	846
1636.08102139169	846
1637.20323759601	846.666687011719
1638.32526983881	846.333312988281
1639.44711815332	844.333312988281
1640.56878257278	847.333312988281
1641.6902631304	846
1642.81155985942	846.333312988281
1643.93267279303	846.666687011719
1645.05360196445	845
1646.17434740686	844.333312988281
1647.29490915345	846.333312988281
1648.41528723741	847.333312988281
1649.53548169191	845.666687011719
1650.65549255012	845.333312988281
1651.77531984518	842.666687011719
1652.89496361026	846
1654.01442387848	844.666687011719
1655.133700683	844.333312988281
1656.25279405694	844.666687011719
1657.37170403341	846.666687011719
1658.49043064553	846.333312988281
1659.60897392641	846.333312988281
1660.72733390915	843.333312988281
1661.84551062683	844
1662.96350411254	842.666687011719
1664.08131439936	845
1665.19894152034	844.333312988281
1666.31638550856	844.666687011719
1667.43364639706	845.666687011719
1668.55072421891	846.333312988281
1669.66761900711	843.666687011719
1670.78433079473	846.333312988281
1671.90085961477	840.666687011719
1673.01720550025	843.333312988281
1674.13336848418	843.666687011719
1675.24934859957	844.666687011719
1676.3651458794	844
1677.48076035666	843.666687011719
1678.59619206433	846
1679.71144103539	845.333312988281
1680.8265073028	842.333312988281
1681.94139089951	844.666687011719
1683.05609185847	845.333312988281
1684.17061021263	844.333312988281
1685.28494599492	844
1686.39909923827	844.333312988281
1687.51306997559	844.666687011719
1688.62685823981	843.333312988281
1689.74046406382	842
1690.85388748052	842.666687011719
1691.96712852281	843
1693.08018722356	843.333312988281
1694.19306361564	843
1695.30575773194	845.666687011719
1696.41826960531	844
1697.5305992686	844.666687011719
1698.64274675465	844.666687011719
1699.75471209631	844
1700.86649532642	844.333312988281
1701.97809647778	842.333312988281
1703.08951558321	844
1704.20075267554	845
1705.31180778755	845.333312988281
1706.42268095205	842.333312988281
1707.53337220181	843.666687011719
1708.64388156962	844.333312988281
1709.75420908825	843.666687011719
1710.86435479047	844
1711.97431870903	843
1713.08410087668	843.333312988281
1714.19370132617	843
1715.30312009023	845.666687011719
1716.41235720158	845.333312988281
1717.52141269295	842
1718.63028659706	843.333312988281
1719.73897894661	844.333312988281
1720.84748977429	845
1721.9558191128	843.333312988281
1723.06396699482	842
1724.17193345303	841.333312988281
1725.2797185201	845.666687011719
1726.38732222869	844
1727.49474461145	841.666687011719
1728.60198570104	844.333312988281
1729.70904553008	844.333312988281
1730.81592413122	844
1731.92262153708	844.666687011719
1733.02913778027	846
1734.13547289342	843
1735.24162690912	844
1736.34759985996	844
1737.45339177854	843
1738.55900269743	845.333312988281
1739.66443264922	844.333312988281
1740.76968166647	844
1741.87474978174	844
1742.97963702757	843.666687011719
1744.08434343652	842.333312988281
1745.18886904113	842.333312988281
1746.29321387391	845.666687011719
1747.39737796741	845
1748.50136135412	845
1749.60516406657	844.666687011719
1750.70878613725	844.333312988281
1751.81222759865	846.666687011719
1752.91548848327	845.666687011719
1754.01856882358	846.333312988281
1755.12146865205	847
1756.22418800115	844.666687011719
1757.32672690333	843.333312988281
1758.42908539106	845.666687011719
1759.53126349676	843.333312988281
1760.63326125288	845
1761.73507869184	843.333312988281
1762.83671584607	844
1763.93817274797	843
1765.03944942997	842
1766.14054592445	845
1767.2414622638	846
1768.34219848042	843.666687011719
1769.44275460668	843.666687011719
1770.54313067495	840.666687011719
1771.6433267176	842.666687011719
1772.74334276697	847
1773.84317885542	841.666687011719
1774.9428350153	843.333312988281
1776.04231127892	845.666687011719
1777.14160767864	843.333312988281
1778.24072424675	842.333312988281
1779.33966101558	843.666687011719
1780.43841801742	843.666687011719
1781.53699528459	844
1782.63539284936	841
1783.73361074403	846.333312988281
1784.83164900086	845.333312988281
1785.92950765214	849.333312988281
1787.02718673012	842.666687011719
1788.12468626705	842
1789.22200629518	844
1790.31914684676	842.333312988281
1791.41610795402	843.666687011719
1792.51288964918	843.333312988281
1793.60949196446	843.333312988281
1794.70591493207	846.333312988281
1795.80215858423	844
1796.89822295312	842
1797.99410807093	845.333312988281
1799.08981396985	841
1800.18534068207	841
1801.28068823973	844.333312988281
1802.375856675	845
1803.47084602005	842.333312988281
1804.56565630701	842.666687011719
1805.66028756802	844.333312988281
1806.75473983523	843.666687011719
1807.84901314074	843
1808.9431075167	843.666687011719
1810.03702299519	844
1811.13075960833	843
1812.22431738821	842
1813.31769636693	843.666687011719
1814.41089657656	844
1815.50391804919	843.333312988281
1816.59676081688	842.666687011719
1817.68942491168	842.666687011719
1818.78191036567	843.666687011719
1819.87421721087	843
1820.96634547933	841.333312988281
1822.05829520309	842
1823.15006641417	842.333312988281
1824.24165914458	843.333312988281
1825.33307342635	843.666687011719
1826.42430929146	844.333312988281
1827.51536677193	846
1828.60624589973	843
1829.69694670686	843.666687011719
1830.78746922528	841.666687011719
1831.87781348696	841.333312988281
1832.96797952388	841.333312988281
1834.05796736797	842.666687011719
1835.14777705119	844
1836.23740860548	843
1837.32686206276	844
1838.41613745497	842.666687011719
1839.50523481403	842
1840.59415417184	842.666687011719
1841.68289556031	842.333312988281
1842.77145901133	843.333312988281
1843.8598445568	844.333312988281
1844.94805222861	844.333312988281
1846.03608205861	843
1847.12393407869	843
1848.21160832071	843
1849.29910481652	842.333312988281
1850.38642359796	843.666687011719
1851.47356469689	843.666687011719
1852.56052814512	842.666687011719
1853.64731397449	843.666687011719
1854.73392221683	841.333312988281
1855.82035290392	844
1856.9066060676	843.333312988281
1857.99268173964	845.666687011719
1859.07857995185	843.333312988281
1860.164300736	844
1861.24984412388	842
1862.33521014725	841
1863.42039883788	844.666687011719
1864.50541022752	846
1865.59024434791	844.666687011719
1866.67490123081	842.333312988281
1867.75938090794	846
1868.84368341104	841.333312988281
1869.92780877182	842.333312988281
1871.01175702199	843
1872.09552819327	844.333312988281
1873.17912231734	842.666687011719
1874.26253942592	843.666687011719
1875.34577955067	843.333312988281
1876.42884272328	843.666687011719
1877.51172897541	842.666687011719
1878.59443833873	844.333312988281
1879.67697084491	842.666687011719
1880.75932652558	843
1881.84150541239	843
1882.92350753698	843.333312988281
1884.00533293097	842.666687011719
1885.08698162599	844
1886.16845365366	847.333312988281
1887.24974904557	841.333312988281
1888.33086783333	844.666687011719
1889.41181004854	844.666687011719
1890.49257572278	843.666687011719
1891.57316488763	844.333312988281
1892.65357757466	842
1893.73381381543	841.666687011719
1894.81387364152	842.333312988281
1895.89375708447	842.666687011719
1896.97346417582	844
1898.05299494711	844
1899.13234942987	841.666687011719
1900.21152765563	844
1901.29052965589	843.666687011719
1902.36935546219	842.666687011719
1903.448005106	842.666687011719
1904.52647861884	843.666687011719
1905.60477603218	844.333312988281
1906.68289737752	841.333312988281
1907.76084268632	844.666687011719
1908.83861199005	842.666687011719
1909.91620532018	842.333312988281
1910.99362270815	843.666687011719
1912.07086418542	843.333312988281
1913.14792978343	845.666687011719
1914.2248195336	842
1915.30153346737	843.666687011719
1916.37807161614	843.333312988281
1917.45443401134	845.333312988281
1918.53062068437	843.333312988281
1919.60663166663	844
1920.68246698951	843.333312988281
1921.75812668439	844.333312988281
1922.83361078265	842.666687011719
1923.90891931567	844
1924.98405231479	844.666687011719
1926.05900981139	843
1927.1337918368	842.666687011719
1928.20839842238	844
1929.28282959945	844
1930.35708539936	844.333312988281
1931.4311658534	843.666687011719
1932.50507099292	844.666687011719
1933.5788008492	843
1934.65235545356	844
1935.72573483728	843.333312988281
1936.79893903166	844
1937.87196806797	844.333312988281
1938.94482197748	841.333312988281
1940.01750079147	843
1941.09000454119	843.333312988281
1942.16233325789	844.333312988281
1943.23448697283	845
1944.30646571723	844
1945.37826952233	843.333312988281
1946.44989841936	845
1947.52135243954	844
1948.59263161406	847
1949.66373597415	845
1950.73466555099	842.333312988281
1951.80542037578	842.333312988281
1952.8760004797	846.333312988281
1953.94640589393	842.666687011719
1955.01663664963	843.333312988281
1956.08669277797	845.333312988281
1957.1565743101	843
1958.22628127718	844.333312988281
1959.29581371034	846
1960.36517164073	844
1961.43435509946	845
1962.50336411767	846
1963.57219872646	844
1964.64085895694	845
1965.70934484022	843
1966.77765640739	844.333312988281
1967.84579368953	846.666687011719
1968.91375671773	844.333312988281
1969.98154552306	845
1971.04916013658	844.666687011719
1972.11660058936	844.666687011719
1973.18386691245	842
1974.25095913689	843
1975.31787729373	845
1976.38462141399	845.333312988281
1977.45119152871	845
1978.51758766889	845.666687011719
1979.58380986556	842.666687011719
1980.64985814971	845.333312988281
1981.71573255234	843.333312988281
1982.78143310445	844.333312988281
1983.84695983703	842.333312988281
1984.91231278104	845.666687011719
1985.97749196746	843.333312988281
1987.04249742725	843
1988.10732919137	845
1989.17198729078	844.666687011719
1990.2364717564	845.333312988281
1991.30078261919	844
1992.36491991007	846
1993.42888365996	845.333312988281
1994.49267389977	844.333312988281
1995.55629066043	843.333312988281
1996.61973397283	843.666687011719
1997.68300386786	843.666687011719
1998.74610037642	843.666687011719
1999.80902352939	843
2000.87177335764	842
2001.93434989204	845.333312988281
2002.99675316346	842.333312988281
2004.05898320274	843.666687011719
2005.12104004074	842.333312988281
2006.1829237083	843.666687011719
2007.24463423625	843.666687011719
2008.30617165542	844.333312988281
2009.36753599663	844.333312988281
2010.4287272907	846
2011.48974556843	845.666687011719
2012.55059086062	845
2013.61126319807	845
2014.67176261156	844.333312988281
2015.73208913188	843.333312988281
2016.79224278979	843.666687011719
2017.85222361607	843.666687011719
2018.91203164148	845
2019.97166689676	845
2021.03112941266	843.666687011719
2022.09041921993	845.666687011719
2023.1495363493	844
2024.20848083148	843.333312988281
2025.26725269721	843.666687011719
2026.3258519772	845
2027.38427870214	844.666687011719
2028.44253290275	844.333312988281
2029.5006146097	845
2030.5585238537	846
2031.61626066541	842.666687011719
2032.67382507551	844.333312988281
2033.73121711466	844
2034.78843681353	846
2035.84548420276	842.333312988281
2036.902359313	843.666687011719
2037.95906217489	843.666687011719
2039.01559281905	843.666687011719
2040.07195127613	842.666687011719
2041.12813757672	844
2042.18415175145	844
2043.23999383092	841.666687011719
2044.29566384573	845.666687011719
2045.35116182646	843.333312988281
2046.40648780371	843.333312988281
2047.46164180805	845
2048.51662387005	843.666687011719
2049.57143402028	843.666687011719
2050.62607228929	843
2051.68053870764	843
2052.73483330587	844
2053.78895611451	843.333312988281
2054.84290716411	844.666687011719
2055.89668648518	843
2056.95029410824	844.333312988281
2058.00373006379	842.666687011719
2059.05699438236	844
2060.11008709443	844.666687011719
2061.16300823049	842
2062.21575782102	845
2063.26833589652	844.333312988281
2064.32074248743	843.666687011719
2065.37297762424	841.666687011719
2066.42504133739	842
2067.47693365735	844.333312988281
2068.52865461454	843
2069.58020423941	843.666687011719
2070.63158256239	842.666687011719
2071.68278961391	843
2072.73382542437	842.666687011719
2073.7846900242	844
2074.83538344379	845
2075.88590571355	842.666687011719
2076.93625686386	842
2077.9864369251	845.333312988281
2079.03644592766	842.666687011719
2080.0862839019	844.333312988281
2081.13595087819	842.666687011719
2082.18544688689	842.666687011719
2083.23477195835	843
2084.2839261229	843.333312988281
2085.3329094109	842
2086.38172185266	843.333312988281
2087.43036347851	844
2088.47883431878	842.666687011719
2089.52713440377	842.666687011719
2090.57526376378	842
2091.62322242911	846
2092.67101043006	844.666687011719
2093.71862779691	843
2094.76607455994	842.666687011719
2095.81335074941	843.666687011719
2096.86045639559	845
2097.90739152874	844.333312988281
2098.95415617911	842
2100.00075037694	843.333312988281
2101.04717415248	843
2102.09342753595	845
2103.13951055758	845.333312988281
2104.18542324758	843.333312988281
2105.23116563618	844.666687011719
2106.27673775356	844.666687011719
2107.32213962994	844.666687011719
2108.3673712955	844
2109.41243278042	844.666687011719
2110.4573241149	841.666687011719
2111.50204532908	842.333312988281
2112.54659645316	843.666687011719
2113.59097751727	844.333312988281
2114.63518855158	844.333312988281
2115.67922958622	843
2116.72310065135	843.666687011719
2117.76680177708	842
2118.81033299355	843.333312988281
2119.85369433087	845.333312988281
2120.89688581917	845
2121.93990748853	844
2122.98275936907	845.666687011719
2124.02544149087	842
2125.06795388403	842.333312988281
2126.11029657861	844.333312988281
2127.1524696047	844
2128.19447299236	843.333312988281
2129.23630677165	842.666687011719
2130.27797097263	843
2131.31946562534	841.666687011719
2132.36079075981	842.666687011719
2133.40194640609	844.333312988281
2134.4429325942	842.333312988281
2135.48374935417	845
2136.524396716	843.333312988281
2137.5648747097	843.333312988281
2138.60518336528	843.666687011719
2139.64532271273	843.333312988281
2140.68529278203	842.666687011719
2141.72509360318	841.666687011719
2142.76472520613	844.333312988281
2143.80418762087	844.333312988281
2144.84348087734	842.666687011719
2145.88260500552	842.666687011719
2146.92156003534	845.666687011719
2147.96034599675	843.333312988281
2148.99896291968	844.333312988281
2150.03741083407	843.666687011719
2151.07568976983	842.333312988281
2152.11379975688	844.666687011719
2153.15174082513	846
2154.18951300449	842
2155.22711632484	844
2156.26455081609	843.666687011719
2157.3018165081	843
2158.33891343077	845.333312988281
2159.37584161395	845.333312988281
2160.41260108752	844.666687011719
2161.44919188133	847.666687011719
2162.48561402524	845
2163.52186754907	845.333312988281
2164.55795248268	843
2165.5938688559	844.333312988281
2166.62961669854	844.333312988281
2167.66519604043	842
2168.70060691139	846.666687011719
2169.7358493412	846.666687011719
2170.77092335968	848.666687011719
2171.80582899662	844.666687011719
2172.8405662818	842.666687011719
2173.875135245	843
2174.90953591599	841.666687011719
2175.94376832454	844.333312988281
2176.97783250042	844
2178.01172847336	844.333312988281
2179.04545627313	842.333312988281
2180.07901592946	843.333312988281
2181.11240747208	844.666687011719
2182.14563093072	845
2183.17868633511	842.666687011719
2184.21157371496	842
2185.24429309997	846
2186.27684451984	846
2187.30922800429	846
2188.34144358298	845
2189.3734912856	844.333312988281
2190.40537114184	846.666687011719
2191.43708318135	843.333312988281
2192.46862743381	843
2193.50000392886	843
2194.53121269616	843
2195.56225376535	844.666687011719
2196.59312716608	844
2197.62383292796	847.666687011719
2198.65437108062	846.333312988281
2199.68474165369	843.666687011719
2200.71494467676	845.666687011719
2201.74498017946	844.666687011719
2202.77484819137	844
2203.80454874209	846.333312988281
2204.8340818612	844.666687011719
2205.86344757828	845.333312988281
2206.89264592291	845.666687011719
2207.92167692466	844.666687011719
2208.95054061307	844.333312988281
2209.97923701771	845
2211.00776616812	845.333312988281
2212.03612809384	846
2213.06432282441	843.666687011719
2214.09235038935	845
2215.1202108182	845.666687011719
2216.14790414045	847
2217.17543038562	844
2218.20278958321	843.666687011719
2219.22998176272	845.666687011719
2220.25700695364	844.333312988281
2221.28386518545	845
2222.31055648763	845
2223.33708088964	845.333312988281
2224.36343842095	846.333312988281
2225.38962911102	844
2226.41565298929	843.333312988281
2227.44151008522	847
2228.46720042825	845.333312988281
2229.4927240478	845.666687011719
2230.51808097329	844
2231.54327123415	842.333312988281
2232.5682948598	843.333312988281
2233.59315187963	843.666687011719
2234.61784232304	844.666687011719
2235.64236621944	845.666687011719
2236.66672359821	847.333312988281
2237.69091448872	844
2238.71493892035	843
2239.73879692248	845.333312988281
2240.76248852446	845.333312988281
2241.78601375565	845.333312988281
2242.80937264539	842
2243.83256522303	844.333312988281
2244.85559151791	845
2245.87845155935	845.333312988281
2246.90114537669	845.333312988281
2247.92367299922	842
2248.94603445628	845.333312988281
2249.96822977716	845.666687011719
2250.99025899115	844.666687011719
2252.01212212756	845
2253.03381921566	843.333312988281
2254.05535028474	845
2255.07671536407	843.333312988281
2256.09791448292	844
2257.11894767054	845.666687011719
2258.13981495619	845
2259.16051636911	843.333312988281
2260.18105193855	846
2261.20142169375	845.666687011719
2262.22162566392	847.333312988281
2263.2416638783	846.666687011719
2264.2615363661	844.666687011719
2265.28124315652	847
2266.30078427877	845.333312988281
2267.32015976206	844
2268.33936963556	846
2269.35841392846	845
2270.37729266995	844.666687011719
2271.39600588918	845
2272.41455361533	844.666687011719
2273.43293587756	842.333312988281
2274.45115270502	844.666687011719
2275.46920412686	845.333312988281
2276.4870901722	845.333312988281
2277.5048108702	843.333312988281
2278.52236624997	842.666687011719
2279.53975634064	845
2280.55698117133	844.333312988281
2281.57404077113	844
2282.59093516916	844
2283.60766439451	846.333312988281
2284.62422847626	846.666687011719
2285.64062744351	844.333312988281
2286.65686132532	846
2287.67293015078	845.666687011719
2288.68883394894	845.666687011719
2289.70457274886	846
2290.7201465796	844.666687011719
2291.7355554702	843.666687011719
2292.7507994497	845.333312988281
2293.76587854713	844.666687011719
2294.78079279152	844.666687011719
2295.79554221189	845
2296.81012683726	845
2297.82454669663	843.666687011719
2298.838801819	845
2299.85289223338	845.333312988281
2300.86681796874	845.333312988281
2301.88057905408	845.666687011719
2302.89417551837	846.333312988281
2303.90760739057	845.666687011719
2304.92087469967	844
2305.9339774746	846.333312988281
2306.94691574433	845
2307.9596895378	846
2308.97229888394	844.666687011719
2309.9847438117	844.666687011719
2310.99702435	843.333312988281
2312.00914052776	846
2313.02109237388	844.666687011719
2314.0328799173	845.333312988281
2315.0445031869	846.666687011719
2316.05596221157	845.666687011719
2317.06725702022	846.333312988281
2318.07838764171	846.333312988281
2319.08935410494	844
2320.10015643876	846
2321.11079467205	846
2322.12126883366	845
2323.13157895245	845.333312988281
2324.14172505725	843
2325.15170717692	846
2326.16152534028	845
2327.17117957616	847.333312988281
2328.18066991338	847
2329.18999638076	846.333312988281
2330.1991590071	847
2331.20815782121	844.333312988281
2332.21699285188	845
2333.22566412791	848.333312988281
2334.23417167807	845.333312988281
2335.24251553115	844.666687011719
2336.25069571591	844
2337.25871226112	845.333312988281
2338.26656519555	844.333312988281
2339.27425454793	845
2340.28178034703	845.333312988281
2341.28914262158	842
2342.2963414003	844.333312988281
2343.30337671194	845.333312988281
2344.31024858522	845
2345.31695704884	847.666687011719
2346.32350213153	847.333312988281
2347.32988386197	845.666687011719
2348.33610226888	844.333312988281
2349.34215738093	846.333312988281
2350.34804922682	847.333312988281
2351.35377783523	844.666687011719
2352.35934323481	845
2353.36474545426	844.666687011719
2354.36998452221	847
2355.37506046733	848
2356.37997331827	846.333312988281
2357.38472310366	845.666687011719
2358.38930985214	845
2359.39373359234	843
2360.39799435289	846.666687011719
2361.40209216239	845
2362.40602704947	844.333312988281
2363.40979904272	847
2364.41340817075	844.333312988281
2365.41685446215	845.666687011719
2366.4201379455	845.666687011719
2367.42325864938	846.333312988281
2368.42621660237	845.333312988281
2369.42901183303	846
2370.43164436994	844.666687011719
2371.43411424163	848.666687011719
2372.43642147667	844.666687011719
2373.43856610359	843
2374.44054815093	842.666687011719
2375.44236764723	847.333312988281
2376.44402462101	845
2377.44551910078	845
2378.44685111506	844.333312988281
2379.44802069236	846.666687011719
2380.44902786118	848.333312988281
2381.44987265	848
2382.45055508733	844.333312988281
2383.45107520164	846
2384.4514330214	846.666687011719
2385.45162857509	843.666687011719
2386.45166189117	846
2387.4515329981	846
2388.45124192433	846
2389.45078869831	846
2390.45017334847	844.666687011719
2391.44939590325	847
2392.44845639107	846.333312988281
2393.44735484036	845
2394.44609127953	847
2395.44466573698	846
2396.44307824114	845.333312988281
2397.44132882037	847.333312988281
2398.4394175031	845.666687011719
2399.43734431768	846.666687011719
2400.4351092925	845.333312988281
2401.43271245594	846.666687011719
2402.43015383637	846.333312988281
2403.42743346213	846.666687011719
2404.42455136158	844.666687011719
2405.42150756309	844.666687011719
2406.41830209497	847
2407.41493498558	844.666687011719
2408.41140626323	847
2409.40771595626	846.666687011719
2410.40386409299	844.333312988281
2411.39985070171	847
2412.39567581075	848
2413.39133944839	845.333312988281
2414.38684164293	847.666687011719
2415.38218242267	847.666687011719
2416.37736181587	847
2417.37237985082	846.333312988281
2418.36723655578	847.333312988281
2419.36193195902	847
2420.3564660888	845.666687011719
2421.35083897336	845
2422.34505064095	846
2423.33910111981	845.333312988281
2424.33299043818	847.666687011719
2425.32671862427	847
2426.32028570631	847.666687011719
2427.31369171252	846.666687011719
2428.3069366711	847.333312988281
2429.30002061025	849
2430.29294355818	847
2431.28570554307	847.666687011719
2432.2783065931	850.666687011719
2433.27074673647	848.666687011719
2434.26302600133	849.666687011719
2435.25514441586	849.666687011719
2436.24710200821	850
2437.23889880654	850.666687011719
2438.23053483901	854.666687011719
2439.22201013374	856
2440.21332471888	854
2441.20447862255	854
2442.19547187289	853.333312988281
2443.18630449801	853
2444.17697652602	854
2445.16748798503	852
2446.15783890314	857
2447.14802930844	853.666687011719
2448.13805922902	854.666687011719
2449.12792869297	854.666687011719
2450.11763772835	851.333312988281
2451.10718636325	852.333312988281
2452.09657462572	853.333312988281
2453.08580254383	852.666687011719
2454.07487014561	852.666687011719
2455.06377745914	851
2456.05252451243	853
2457.04111133353	850.333312988281
2458.02953795047	852.333312988281
2459.01780439126	850
2460.00591068392	852.666687011719
2460.99385685647	854.333312988281
2461.98164293691	852.333312988281
2462.96926895323	851
2463.95673493344	852.333312988281
2464.9440409055	853
2465.93118689742	852
2466.91817293715	851.666687011719
2467.90499905268	851.333312988281
2468.89166527195	851.333312988281
2469.87817162294	850.333312988281
2470.86451813358	849.333312988281
2471.85070483183	850
2472.83673174562	851
2473.82259890289	851.333312988281
2474.80830633156	850
2475.79385405955	853.333312988281
2476.77924211478	851.666687011719
2477.76447052516	852.333312988281
2478.74953931858	851
2479.73444852296	849.333312988281
2480.71919816617	850.333312988281
2481.70378827611	849.666687011719
2482.68821888065	848.666687011719
2483.67249000766	853
2484.65660168502	850.666687011719
2485.64055394059	848.333312988281
2486.62434680221	849
2487.60798029775	849.333312988281
2488.59145445503	849.666687011719
2489.57476930191	847
2490.55792486621	849.333312988281
2491.54092117576	850
2492.52375825838	850.333312988281
2493.50643614189	848.333312988281
2494.48895485408	847.333312988281
2495.47131442277	850.333312988281
2496.45351487574	850.666687011719
2497.43555624079	850
2498.41743854571	847.666687011719
2499.39916181827	849
2500.38072608625	853
2501.3621313774	847.666687011719
2502.3433777195	850.666687011719
2503.32446514029	849.666687011719
2504.30539366754	849.666687011719
2505.28616332896	846.333312988281
2506.26677415232	849.666687011719
2507.24722616533	849.333312988281
2508.22751939572	848
2509.20765387122	847.333312988281
2510.18762961953	849.333312988281
2511.16744666836	850.666687011719
2512.14710504542	849.666687011719
2513.12660477839	849.666687011719
2514.10594589498	850.333312988281
2515.08512842286	848.666687011719
2516.06415238971	850
2517.04301782321	849.333312988281
2518.02172475102	847.666687011719
2519.0002732008	850.333312988281
2519.9786632002	851.666687011719
2520.95689477688	849.666687011719
2521.93496795848	851.666687011719
2522.91288277263	848.666687011719
2523.89063924697	848.333312988281
2524.86823740912	850
2525.8456772867	848
2526.82295890731	847.666687011719
2527.80008229859	848.666687011719
2528.77704748811	850.666687011719
2529.75385450349	848.333312988281
2530.7305033723	850.666687011719
2531.70699412213	851.333312988281
2532.68332678057	849.666687011719
2533.65950137518	850.666687011719
2534.63551793353	848.666687011719
2535.61137648318	849
2536.58707705169	851.666687011719
2537.5626196666	852.666687011719
2538.53800435546	848.666687011719
2539.51323114581	852
2540.48830006517	852.666687011719
2541.46321114107	849.666687011719
2542.43796440104	848
2543.41255987258	850.333312988281
2544.38699758321	851.333312988281
2545.36127756042	850.666687011719
2546.33539983172	849.666687011719
2547.30936442459	849.333312988281
2548.28317136652	849
2549.25682068499	848.666687011719
2550.23031240746	847
2551.20364656141	849.666687011719
2552.17682317431	850
2553.1498422736	851
2554.12270388673	848.666687011719
2555.09540804115	848.666687011719
2556.0679547643	850
2557.0403440836	852
2558.01257602649	849
2558.98465062039	851
2559.95656789271	850.333312988281
2560.92832787086	850
2561.89993058224	850
2562.87137605426	851
2563.84266431429	850.333312988281
2564.81379538974	850.666687011719
2565.78476930797	849
2566.75558609637	852.333312988281
2567.7262457823	850.666687011719
2568.69674839312	850
2569.66709395619	850.333312988281
2570.63728249886	849.333312988281
2571.60731404848	850.666687011719
2572.57718863239	846.666687011719
2573.54690627792	849.666687011719
2574.51646701239	851.333312988281
2575.48587086314	850
2576.45511785747	849.333312988281
2577.4242080227	850
2578.39314138613	849.333312988281
2579.36191797506	850.666687011719
2580.33053781679	850
2581.29900093859	849.333312988281
2582.26730736776	848.666687011719
2583.23545713157	850.333312988281
2584.20345025729	851
2585.17128677218	850.666687011719
2586.1389667035	849.666687011719
2587.1064900785	850.333312988281
2588.07385692444	849.666687011719
2589.04106726855	847.666687011719
2590.00812113807	852
2590.97501856023	850.666687011719
2591.94175956224	851.333312988281
2592.90834417134	848.333312988281
2593.87477241473	849.666687011719
2594.84104431962	850
2595.80715991321	851
2596.7731192227	851.333312988281
2597.73892227527	850
2598.70456909811	851.333312988281
2599.67005971839	849.666687011719
2600.63539416329	849.333312988281
2601.60057245998	848.333312988281
2602.56559463562	851.666687011719
2603.53046071735	851
2604.49517073233	852.333312988281
2605.45972470771	853.333312988281
2606.42412267062	850
2607.38836464819	850.333312988281
2608.35245066755	853.666687011719
2609.31638075582	849.666687011719
2610.28015494012	853
2611.24377324755	853.333312988281
2612.20723570521	851
2613.17054234021	848.666687011719
2614.13369317964	851.333312988281
2615.09668825058	850
2616.05952758012	853.666687011719
2617.02221119532	853.333312988281
2617.98473912326	851.666687011719
2618.947111391	850
2619.9093280256	850.666687011719
2620.87138905411	851.333312988281
2621.83329450357	852
2622.79504440103	854.666687011719
2623.75663877352	850.333312988281
2624.71807764808	854.666687011719
2625.67936105171	852
2626.64048901145	851.666687011719
2627.6014615543	858.666687011719
2628.56227870727	853.333312988281
2629.52294049736	854.666687011719
2630.48344695157	853.333312988281
2631.44379809688	853
2632.40399396028	855
2633.36403456875	855.333312988281
2634.32391994925	854.333312988281
2635.28365012876	855.666687011719
2636.24322513423	854.666687011719
2637.20264499262	857
2638.16190973088	857
2639.12101937595	856
2640.07997395477	855.666687011719
2641.03877349428	857.666687011719
2641.9974180214	857
2642.95590756305	859
2643.91424214614	857.333312988281
2644.87242179759	860
2645.8304465443	860.666687011719
2646.78831641316	857.666687011719
2647.74603143108	860.666687011719
2648.70359162494	859.666687011719
2649.66099702161	860.333312988281
2650.61824764798	861.666687011719
2651.57534353091	863.666687011719
2652.53228469727	860.333312988281
2653.48907117392	863.333312988281
2654.4457029877	865.333312988281
2655.40218016548	864.333312988281
2656.35850273409	867.333312988281
2657.31467072036	866
2658.27068415112	866.333312988281
2659.22654305321	867
2660.18224745343	866
2661.13779737861	865.666687011719
2662.09319285555	871.666687011719
2663.04843391105	869.333312988281
2664.00352057191	872.666687011719
2664.95845286492	873.333312988281
2665.91323081686	874.333312988281
2666.86785445452	874.333312988281
2667.82232380467	874.666687011719
2668.77663889408	875
2669.7307997495	876
2670.6848063977	874
2671.63865886543	871.666687011719
2672.59235717944	874.666687011719
2673.54590136646	876
2674.49929145323	874.333312988281
2675.45252746647	877.666687011719
2676.40560943292	881
2677.35853737928	878
2678.31131133228	878.666687011719
2679.26393131861	874.666687011719
2680.21639736498	879.666687011719
2681.16870949808	885.333312988281
2682.12086774461	882.333312988281
2683.07287213124	875.333312988281
2684.02472268467	875.666687011719
2684.97641943154	877
2685.92796239854	880.666687011719
2686.87935161233	877.666687011719
2687.83058709957	882
2688.78166888689	877.666687011719
2689.73259700095	877.333312988281
2690.68337146839	878
2691.63399231585	881.333312988281
2692.58445956994	874.666687011719
2693.53477325729	878
2694.48493340452	881.666687011719
2695.43494003824	877.666687011719
2696.38479318505	879.333312988281
2697.33449287156	881
2698.28403912435	877.333312988281
2699.23343197003	882.666687011719
2700.18267143517	881.333312988281
2701.13175754635	887
2702.08069033013	885.666687011719
2703.0294698131	887
2703.97809602181	882.666687011719
2704.92656898281	888.666687011719
2705.87488872265	891.333312988281
2706.82305526788	892.333312988281
2707.77106864504	898.666687011719
2708.71892888066	898.333312988281
2709.66663600127	897.333312988281
2710.61419003339	905.666687011719
2711.56159100353	909.666687011719
2712.50883893821	908.333312988281
2713.45593386394	918.666687011719
2714.4028758072	914.333312988281
2715.3496647945	922.666687011719
2716.29630085233	928
2717.24278400717	923.666687011719
2718.18911428549	920
2719.13529171377	920.333312988281
2720.08131631847	919.666687011719
2721.02718812607	916.333312988281
2721.97290716299	916.333312988281
2722.91847345571	916
2723.86388703067	914.333312988281
2724.8091479143	912.666687011719
2725.75425613303	904
2726.6992117133	897.666687011719
2727.64401468153	899.666687011719
2728.58866506412	895.666687011719
2729.5331628875	895.333312988281
2730.47750817807	892.333312988281
2731.42170096223	890.666687011719
2732.36574126638	891
2733.3096291169	890.333312988281
2734.25336454017	884
2735.19694756257	885.666687011719
2736.14037821049	882.666687011719
2737.08365651027	881
2738.02678248829	879.333312988281
2738.9697561709	878.666687011719
2739.91257758445	877
2740.85524675529	874.666687011719
2741.79776370975	878.333312988281
2742.74012847417	875.333312988281
2743.68234107487	877.333312988281
2744.62440153819	870.333312988281
2745.56630989043	872.666687011719
2746.5080661579	873.333312988281
2747.44967036693	870
2748.39112254379	867.333312988281
2749.3324227148	866.333312988281
2750.27357090623	864.666687011719
2751.21456714439	867.666687011719
2752.15541145553	863.666687011719
2753.09610386594	861.666687011719
2754.03664440188	861.333312988281
2754.97703308962	861.333312988281
2755.91726995541	858.666687011719
2756.8573550255	857.333312988281
2757.79728832614	858.333312988281
2758.73706988357	855.666687011719
2759.67669972403	858.666687011719
2760.61617787374	858.666687011719
2761.55550435893	856.666687011719
2762.49467920581	856.333312988281
2763.4337024406	857
2764.3725740895	853.333312988281
2765.31129417873	854.666687011719
2766.24986273447	856.333312988281
2767.18827978291	855.333312988281
2768.12654535024	852.666687011719
2769.06465946265	855.333312988281
2770.0026221463	853.666687011719
2770.94043342736	853.666687011719
2771.878093332	852
2772.81560188638	853.666687011719
2773.75295911664	854.333312988281
2774.69016504895	853.666687011719
2775.62721970942	853
2776.56412312421	854
2777.50087531945	852
2778.43747632125	853.666687011719
2779.37392615575	854
2780.31022484905	851.666687011719
2781.24637242726	855
2782.18236891649	854.333312988281
2783.11821434284	855
2784.05390873239	852
2784.98945211124	852
2785.92484450546	855
2786.86008594114	850.333312988281
2787.79517644434	853.666687011719
2788.73011604113	854
2789.66490475757	853.666687011719
2790.59954261971	856
2791.53402965361	852.333312988281
2792.4683658853	851.666687011719
2793.40255134083	851.666687011719
2794.33658604623	852
2795.27047002752	852
2796.20420331073	852
2797.13778592187	851
2798.07121788696	852.333312988281
2799.004499232	852.666687011719
2799.93762998299	853.666687011719
2800.87061016593	851.333312988281
2801.8034398068	851.666687011719
2802.7361189316	851
2803.66864756629	851
2804.60102573685	852
2805.53325346925	851.333312988281
2806.46533078946	852.666687011719
2807.39725772342	851
2808.3290342971	853.333312988281
2809.26066053643	853.666687011719
2810.19213646736	851
2811.12346211582	852
2812.05463750774	854.333312988281
2812.98566266905	852
2813.91653762567	853
2814.84726240351	852.333312988281
2815.77783702848	852
2816.70826152648	855
2817.63853592341	850
2818.56866024516	854
2819.49863451762	853.333312988281
2820.42845876667	855.333312988281
2821.35813301819	851.333312988281
2822.28765729804	853.333312988281
2823.2170316321	854
2824.14625604621	854.666687011719
2825.07533056625	855
2826.00425521805	858
2826.93303002745	852.333312988281
2827.86165502031	851
2828.79013022245	851.333312988281
2829.7184556597	853
2830.64663135788	852.333312988281
2831.5746573428	854.333312988281
2832.50253364028	856
2833.43026027613	853.333312988281
2834.35783727615	852.333312988281
2835.28526466613	854.333312988281
2836.21254247186	851.666687011719
2837.13967071913	853
2838.06664943371	850.333312988281
2838.99347864138	854
2839.92015836791	853.333312988281
2840.84668863907	854.666687011719
2841.7730694806	853.333312988281
2842.69930091826	853.666687011719
2843.62538297781	854.666687011719
2844.55131568498	852.666687011719
2845.4770990655	853.333312988281
2846.40273314511	855.333312988281
2847.32821794954	854
2848.25355350451	853.333312988281
2849.17873983572	853.666687011719
2850.1037769689	853
2851.02866492974	850.333312988281
2851.95340374395	852.666687011719
2852.87799343721	853.333312988281
2853.80243403522	850.333312988281
2854.72672556366	854.333312988281
2855.65086804821	856
2856.57486151453	855.666687011719
2857.49870598831	855.666687011719
2858.42240149519	854
2859.34594806085	855
2860.26934571091	853
2861.19259447104	855.666687011719
2862.11569436687	855.333312988281
2863.03864542404	854
2863.96144766817	854.333312988281
2864.88410112491	853.666687011719
2865.80660581985	858
2866.72896177862	854
2867.65116902682	854.333312988281
2868.57322759006	855
2869.49513749393	855.333312988281
2870.41689876404	854.666687011719
2871.33851142596	855.333312988281
2872.25997550528	858
2873.18129102757	858.666687011719
2874.10245801841	855
2875.02347650336	854.666687011719
2875.94434650799	855.333312988281
2876.86506805784	854.666687011719
2877.78564117848	856.666687011719
2878.70606589544	856.666687011719
2879.62634223425	860
2880.54647022048	854.666687011719
2881.46644987962	859
2882.38628123722	857
2883.30596431879	855.333312988281
2884.22549914984	858
